1 0.4453125 0.3763023449074074 0.4075523449074074 0.515625 0.2174476574074074 0.39453125 0.1809898449074074 0.48046875 0.4361976550925926 0.6145835949074074 0.5520835949074074 0.41015625 0.4453125 0.3763023449074074
1 0.3763023449074074 0.2447914074074074 0.4049476550925926 0.18359375 0.4778648449074074 0.20703125 0.5026039050925926 0.1432289074074074 0.3854164074074074 0.09114609490740741 0.2877601574074074 0.2838539074074074 0.546875 0.4036460949074074 0.640625 0.2057289074074074 0.54296875 0.1536460949074074 0.5104164050925926 0.2122398449074074 0.55078125 0.24609375 0.5104164050925926 0.3203125 0.3763023449074074 0.2447914074074074
2 0.5260414050925926 0.7135414050925926 0.6315101550925926 0.7356773449074074 0.9921875 0.0078125 0.8841148449074074 0 0.52734375 0.6822914050925926 0.5260414050925926 0.7135414050925926
2 0.7760414050925926 0 0.4817710949074074 0.5768226550925926 0.5299476550925926 0.6497398449074074 0.8658851574074075 0.00390625 0.7760414050925926 0
3 0.3619789074074074 0.99921875 0.4557289050925926 0.8098960949074074 0.4127601550925926 0.7994789050925926 0.3645835949074074 0.9166664074074075 0.3294273449074074 0.8984375 0.2825523449074074 0.9921875 0.3619789074074074 0.99921875
3 0.4674476550925926 0.8294273449074074 0.3893226574074074 0.99921875 0.4466148449074074 0.99921875 0.53125 0.86328125 0.4674476550925926 0.8294273449074074
3 0.96484375 0.99921875 0.9986976574074075 0.9973960949074074 0.99921875 0.9375 0.6508754652777777 0.7635880578703704 0.6197914050925926 0.8697914074074075 0.96484375 0.99921875
3 0 0.5338539050925926 0.3932289074074074 0.7395835949074074 0.4283851550925926 0.6744789050925926 0 0.4518226550925926 0 0.5338539050925926
1 0.8111976574074075 0.734375 0.7513023449074074 0.7005210949074074 0.7838539050925926 0.6263023449074074 0.8450523449074074 0.6471351550925926 0.8841148449074074 0.6666664050925926 0.9869789074074075 0.46484375 0.8190101574074075 0.37109375 0.6692710949074074 0.6627601550925926 0.6302085949074074 0.7369789050925926 0.8111976574074075 0.8203125 0.8528648449074074 0.72265625 0.8697914074074075 0.7005210949074074 0.8372398449074074 0.6822914050925926 0.8111976574074075 0.734375
1 0.9388023449074074 0.2734375 0.99921875 0.2994789074074074 0.99921875 0.2473960949074074 0.9713539074074075 0.2291664074074074 0.98828125 0.1705726550925926 0.99921875 0.1809898449074074 0.9986976574074075 0 0.8268226574074075 0.3489585949074074 0.9986976574074075 0.4440101550925926 0.99921875 0.35546875 0.9192710949074074 0.3125 0.9388023449074074 0.2734375
1 0.953125 0.7916664050925926 0.99921875 0.6901039050925926 0.9986976574074075 0.54296875 0.86328125 0.80859375 0.99921875 0.8984375 0.9947914074074075 0.8216148449074074 0.953125 0.7916664050925926
1 0.12109375 0.3815101574074074 0.0455726550925926 0.33984375 0.0026039074074074076 0.3971351574074074 0.1432289074074074 0.48046875 0.18359375 0.38671875 0.12890625 0.3697914074074074 0.12109375 0.3815101574074074
1 0.5520835949074074 0.8776039074074075 0.4986976550925926 0.98828125 0.5 0.9973960949074074 0.82421875 0.99921875 0.5520835949074074 0.8776039074074075
1 0.08984375 0.2239585949074074 0.08723984490740741 0.2278648449074074 0.06640625 0.2838539074074074 0.1927085949074074 0.3697914074074074 0.2291664074074074 0.2994789074074074 0.08984375 0.2239585949074074
1 0.6875 0 0.640625 0.078125 0.4778648449074074 0.006510157407407407 0.4778648449074074 0.00390625 0.33203125 0 0.6627601550925926 0.1692710949074074 0.75 0 0.6875 0
1 0.2122398449074074 0.19921875 0.2200523449074074 0.1770835949074074 0.1927085949074074 0.1614585949074074 0.2252601574074074 0.08723984490740741 0.3138023449074074 0.11979140509259259 0.3541664074074074 0.06640625 0.23828125 0.014322655092592593 0.1315101550925926 0.2161460949074074 0.24609375 0.2734375 0.2786460949074074 0.1875 0.2473960949074074 0.1731773449074074 0.2291664074074074 0.2161460949074074 0.2122398449074074 0.19921875
1 0.04296875 0.9986976574074075 0.24609375 0.9986976574074075 0.08333359490740741 0.9192710949074074 0.04296875 0.9986976574074075
1 0.046875 0.9283851574074075 0 0.8932289074074075 0.0013023449074074074 0.9973960949074074 0.046875 0.9283851574074075
1 0.2734375 0.9713539074074075 0.2721351574074074 0.9622398449074074 0.3658851574074074 0.7734375 0.1796875 0.6770835949074074 0.08463515509259259 0.8815101574074075 0.2734375 0.9713539074074075
0 0.2473960949074074 0.8828125 0.2877601574074074 0.8072914074074075 0.2356773449074074 0.7838539050925926 0.19140625 0.7643226550925926 0.1497398449074074 0.8359375 0.2473960949074074 0.8828125
1 0 0.828125 0.08723984490740741 0.8802085949074074 0.1770835949074074 0.68359375 0 0.5859375 0 0.828125
0 0.10416640509259259 0.7682289050925926 0.1302085949074074 0.77734375 0.1432289074074074 0.7395835949074074 0.07552109490740741 0.7213539050925926 0.05859375 0.69140625 0.05078125 0.6966148449074074 0.0390625 0.7174476550925926 0.02994765509259259 0.7734375 0.09244765509259259 0.7916664050925926 0.10416640509259259 0.7682289050925926
1 0.1627601550925926 0.03255234490740741 0.19140625 0.006510157407407407 0.0572914050925926 0 0 0.1419273449074074 0.0481773449074074 0.16796875 0.06770859490740741 0.1393226574074074 0.1302085949074074 0.1796875 0.1575523449074074 0.1393226574074074 0.140625 0.1263023449074074 0.1744789050925926 0.05859375 0.1627601550925926 0.03255234490740741
0 0.16015625 0.10807265509259259 0.1575523449074074 0.125 0.1484375 0.1796875 0.2278648449074074 0.016927344907407407 0.2044273449074074 0 0.1770835949074074 0.02604140509259259 0.1822914050925926 0.0533851550925926 0.16015625 0.10807265509259259
0 0.4348960949074074 0.3984375 0.28515625 0.3151039074074074 0.23046875 0.3932289074074074 0.4075523449074074 0.5052085949074074 0.4348960949074074 0.3984375
0 0.5 0.8255210949074074 0.5364585949074074 0.7356773449074074 0.5260414050925926 0.7317710949074074 0.5143226550925926 0.7252601550925926 0.4908851550925926 0.7174476550925926 0.4635414050925926 0.76953125 0.5 0.8255210949074074
3 0.48828125 0.72265625 0.4453125 0.6953125 0.4140625 0.76171875 0.45703125 0.7760414050925926 0.48828125 0.72265625
3 0.5377601550925926 0.7447914050925926 0.5130210949074074 0.8046875 0.5533851550925926 0.82421875 0.5794273449074074 0.76171875 0.5377601550925926 0.7447914050925926
3 0 0.3138023449074074 0.01953125 0.3151039074074074 0.0481773449074074 0.3385414074074074 0.10807265509259259 0.3671875 0.1432289074074074 0.3372398449074074 0.0611976550925926 0.2942710949074074 0.08072890509259259 0.23046875 0.016927344907407407 0.2044273449074074 0 0.2317710949074074 0 0.3138023449074074
3 0.2864585949074074 0.1263023449074074 0.2838539074074074 0.1497398449074074 0.3177085949074074 0.15234375 0.3229164074074074 0.13671875 0.2864585949074074 0.1263023449074074
0 0.50390625 0.3098960949074074 0.546875 0.24609375 0.51171875 0.2239585949074074 0.50390625 0.2044273449074074 0.5338539050925926 0.1627601550925926 0.5104164050925926 0.14453125 0.4817710949074074 0.2135414074074074 0.4140625 0.1901039050925926 0.3919273449074074 0.2408851574074074 0.50390625 0.3098960949074074
0 0.2317710949074074 0.08723984490740741 0.203125 0.15234375 0.2291664074074074 0.1640625 0.22265625 0.19921875 0.2291664074074074 0.19921875 0.24609375 0.1627601550925926 0.2838539074074074 0.1731773449074074 0.2734375 0.1458335949074074 0.2864585949074074 0.11067734490740741 0.2317710949074074 0.08723984490740741
0 0.4010414050925926 0.8098960949074074 0.3645835949074074 0.80078125 0.3294273449074074 0.890625 0.3619789074074074 0.9127601574074075 0.4010414050925926 0.8098960949074074
0 0.90625 0.48046875 0.8763023449074074 0.4596351550925926 0.8763023449074074 0.46875 0.8489585949074074 0.48046875 0.7981773449074074 0.5794273449074074 0.859375 0.61328125 0.90625 0.48046875
0 0.8697914074074075 0.6927085949074074 0.8763023449074074 0.671875 0.7838539050925926 0.6341148449074074 0.7604164050925926 0.6940101550925926 0.8059898449074074 0.72265625 0.83203125 0.6731773449074074 0.8697914074074075 0.6927085949074074
3 0.9622398449074074 0.7877601550925926 0.99921875 0.81640625 0.9986976574074075 0.7096351550925926 0.9622398449074074 0.7877601550925926
3 0.99921875 0.2356773449074074 0.9921875 0.1822914050925926 0.9765625 0.2200523449074074 0.99921875 0.2356773449074074
3 0.9205726574074075 0.3177085949074074 0.99609375 0.34375 0.99921875 0.30859375 0.9479164074074075 0.2903648449074074 0.9205726574074075 0.3177085949074074
0 0.6393226550925926 0.07421875 0.6692710949074074 0 0.5989585949074074 0.0026039074074074076 0.5872398449074074 0.0546875 0.6393226550925926 0.07421875
0 0.5299476550925926 0.02473984490740741 0.5364585949074074 0.00390625 0.50390625 0.0013023449074074074 0.4921875 0.0078125 0.5299476550925926 0.02473984490740741
3 0.5872398449074074 0.046875 0.58984375 0 0.5416664050925926 0.0026039074074074076 0.53515625 0.02994765509259259 0.5872398449074074 0.046875