1 0.13671875 0.4036460949074074 0.14494765509259258 0.4114585949074074 0.140625 0.4127601550925926 0.13671875 0.4114585949074074 0.22329727314814815 0.49674464583333333 0.22265625 0.4973960949074074 0.2552085949074074 0.53125 0.4635414050925926 0.31640625 0.3385414074074074 0.1940101550925926 0.13671875 0.4036460949074074
1 0.25106279398148146 0.4685275625 0.3828125 0.3346351574074074 0.3697914074074074 0.3216148449074074 0.2734375 0.4205726550925926 0.2278648449074074 0.3880210949074074 0.1966148449074074 0.41796875 0.25106279398148146 0.4685275625
0 0.22697890740740742 0.3984375 0.21005234490740743 0.4166664050925926 0.2504164074074074 0.453125 0.26734375 0.4322914050925926 0.22697890740740742 0.3984375
1 0.4700523449074074 0.0013023449074074074 0.375 0 0.33984375 0.0416664050925926 0.3033851574074074 0.014322655092592593 0.31640625 0.0013023449074074074 0.2330726574074074 0.0026039074074074076 0.3411460949074074 0.125 0.3697914074074074 0.09114609490740741 0.3723960949074074 0.08984375 0.4700523449074074 0.0013023449074074074
1 0 0.609375 0.10677109490740741 0.7096351550925926 0.15234375 0.6640625 0.10807265509259259 0.6302085949074074 0.11848984490740741 0.6171875 0.10807265509259259 0.6080726550925926 0.09635390509259259 0.6197914050925926 0.07161484490740741 0.6028648449074074 0.12109375 0.546875 0.09114609490740741 0.5143226550925926 0.10416640509259259 0.5 0.12890625 0.5221351550925926 0.1471351574074074 0.5625 0.1328125 0.6067710949074074 0.16015625 0.6575523449074074 0.2395835949074074 0.5677085949074074 0.10677109490740741 0.44140625 0 0.5611976550925926 0 0.609375
1 0.11588515509259259 0.8333335949074074 0.07291640509259259 0.7825523449074074 0.0078125 0.8684898449074074 0.10026015509259259 0.9544273449074074 0.1953125 0.8502601574074075 0.1979164050925926 0.8515625 0.1471351574074074 0.8033851574074075 0.11588515509259259 0.8333335949074074
1 0.2200523449074074 0.9986976574074075 0.2018226574074074 0.9752601574074075 0.26171875 0.91015625 0.2239585949074074 0.87890625 0.1328125 0.984375 0.1536460949074074 0.99921875 0.30078125 0.99921875 0.328125 0.9765625 0.29296875 0.9453125 0.2916664074074074 0.9453125 0.2421875 0.9986976574074075 0.2200523449074074 0.9986976574074075
1 0.27734375 0.9375 0.2604164074074074 0.9192710949074074 0.2369789074074074 0.94140625 0.25390625 0.9622398449074074 0.27734375 0.9375
1 0.0546875 0.0559898449074074 0.0442710949074074 0.08463515509259259 0.07161484490740741 0.10416640509259259 0.109375 0.0611976550925926 0 0 0.0026039074074074076 0.10546875 0.00390625 0.10416640509259259 0.04296875 0.0455726550925926 0.0546875 0.0559898449074074
1 0 0.2825523449074074 0.0013023449074074074 0.2825523449074074 0.09505234490740741 0.3854164074074074 0.3177085949074074 0.1614585949074074 0.2825523449074074 0.12369765509259259 0.08723984490740741 0.3033851574074074 0.0546875 0.27734375 0.0533851550925926 0.2721351574074074 0.2109375 0.125 0.234375 0.1471351574074074 0.24609375 0.1328125 0.2565101574074074 0.14453125 0.28515625 0.11848984490740741 0.203125 0.0390625 0 0.2604164074074074 0 0.2825523449074074
1 0.5924476550925926 0.1666664050925926 0.5364585949074074 0.11979140509259259 0.4830726550925926 0.1966148449074074 0.4505210949074074 0.1640625 0.5494789050925926 0.05078125 0.6002601550925926 0.09635390509259259 0.5911460949074074 0.11067734490740741 0.6080726550925926 0.1536460949074074 0.6627601550925926 0.10026015509259259 0.5677085949074074 0.0026039074074074076 0.5130210949074074 0.0013023449074074074 0.3763023449074074 0.15234375 0.375 0.1588539050925926 0.4869789050925926 0.2877601574074074 0.5924476550925926 0.1666664050925926
1 0.25390625 0.7434898449074074 0.2395835949074074 0.7552085949074074 0.2239585949074074 0.74609375 0.21875 0.7578125 0.2018226574074074 0.73828125 0.1953125 0.7252601550925926 0.2096351574074074 0.71484375 0.2591148449074074 0.67578125 0.24609375 0.66015625 0.26171875 0.6458335949074074 0.28125 0.66796875 0.2916664074074074 0.6575523449074074 0.2981773449074074 0.6627601550925926 0.28125 0.6822914050925926 0.2591148449074074 0.7122398449074074 0.296875 0.7408851550925926 0.2799476574074074 0.7643226550925926 0.3645835949074074 0.6809898449074074 0.26171875 0.58984375 0.1328125 0.7200523449074074 0.2317710949074074 0.8294273449074074 0.2786460949074074 0.7643226550925926 0.25390625 0.7434898449074074
1 0.4036460949074074 0.8046875 0.390625 0.8268226574074075 0.3697914074074074 0.81640625 0.3919273449074074 0.7890625 0.3450523449074074 0.7513023449074074 0.3411460949074074 0.74609375 0.25390625 0.8502601574074075 0.3541664074074074 0.9440101574074075 0.44921875 0.8515625 0.4036460949074074 0.8046875
1 0.4270835949074074 0.76171875 0.4609375 0.7955726550925926 0.4583335949074074 0.7994789050925926 0.4518226550925926 0.8411460949074074 0.4895835949074074 0.8072914074074075 0.3880210949074074 0.7057289050925926 0.3697914074074074 0.7252601550925926 0.3684898449074074 0.7278648449074074 0.4114585949074074 0.7747398449074074 0.4270835949074074 0.76171875
1 0.3919273449074074 0.4479164050925926 0.28833432175925927 0.5604621666666666 0.3802085949074074 0.6510414050925926 0.4401039050925926 0.58984375 0.3919273449074074 0.546875 0.3958335949074074 0.5286460949074074 0.4309898449074074 0.4895835949074074 0.3919273449074074 0.4479164050925926
1 0.4583335949074074 0.4986976550925926 0.4192710949074074 0.546875 0.4453125 0.58984375 0.5325523449074074 0.5 0.43428322685185183 0.40173088194444445 0.4036460949074074 0.4361976550925926 0.4401039050925926 0.4713539050925926 0.4583335949074074 0.4986976550925926
1 0.6458335949074074 0 0.7916664050925926 0.1276039050925926 0.80859375 0.109375 0.8385414074074075 0.1341148449074074 0.8736976574074075 0.12109375 0.8658851574074075 0.09505234490740741 0.8111976574074075 0.0403648449074074 0.8333335949074074 0.02473984490740741 0.875 0.0598960949074074 0.9036460949074074 0.03385390509259259 0.8671875 0 0.6484375 0 0.6458335949074074 0
1 0.8958335949074074 0.07421875 0.89453125 0.07942734490740741 0.9088539074074075 0.09244765509259259 0.9479164074074075 0.0494789050925926 0.9348960949074074 0.03645859490740741 0.8958335949074074 0.07421875
1 0.9244789074074075 0 0.9596351574074075 0.03125 0.9934898449074074 0 0.9244789074074075 0
1 0 0.4934898449074074 0.0013023449074074074 0.4973960949074074 0.05078125 0.44140625 0.015625 0.40625 0 0.4127601550925926 0 0.4934898449074074
1 0.0013023449074074074 0.3815101574074074 0.01953125 0.3671875 0.0013023449074074074 0.34375 0.0013023449074074074 0.3802085949074074 0.0013023449074074074 0.3815101574074074
1 0.6731773449074074 0.265625 0.6432289050925926 0.2903648449074074 0.65234375 0.3020835949074074 0.6458335949074074 0.3111976574074074 0.6315101550925926 0.2942710949074074 0.6184898449074074 0.3059898449074074 0.5963539050925926 0.2864585949074074 0.61328125 0.2669273449074074 0.6315101550925926 0.2721351574074074 0.6627601550925926 0.2317710949074074 0.6692710949074074 0.23828125 0.6966148449074074 0.2057289074074074 0.7083335949074074 0.2200523449074074 0.75 0.1549476550925926 0.7083335949074074 0.11328125 0.5364585949074074 0.29296875 0.6341148449074074 0.3841148449074074 0.7096351550925926 0.3046875 0.6731773449074074 0.265625
1 0.7356773449074074 0.1796875 0.7473960949074074 0.2005210949074074 0.7109375 0.2317710949074074 0.7044273449074074 0.2669273449074074 0.7174476550925926 0.2916664074074074 0.7122398449074074 0.296875 0.7552085949074074 0.26171875 0.8125 0.2057289074074074 0.7591148449074074 0.1588539050925926 0.7356773449074074 0.1796875
1 0.5182289050925926 0.9557289074074075 0.5494789050925926 0.9986976574074075 0.6015625 0.9921875 0.5846351550925926 0.890625 0.5190150810185186 0.826291849537037 0.390625 0.97265625 0.41796875 0.9973960949074074 0.4205726550925926 0.9986976574074075 0.5078125 0.9986976574074075 0.4856773449074074 0.98046875 0.5182289050925926 0.9557289074074075
1 0.5260414050925926 0.55859375 0.4153648449074074 0.6809898449074074 0.51953125 0.7721351550925926 0.5625 0.7096351550925926 0.5247398449074074 0.7122398449074074 0.5182289050925926 0.7291664050925926 0.4778648449074074 0.6901039050925926 0.5182289050925926 0.6354164050925926 0.5481773449074074 0.63671875 0.5364585949074074 0.56640625 0.5260414050925926 0.55859375
1 0.5572914050925926 0.7083335949074074 0.5481773449074074 0.6380210949074074 0.52734375 0.6432289050925926 0.5130210949074074 0.6393226550925926 0.5286460949074074 0.7135414050925926 0.5572914050925926 0.7083335949074074
1 0.68359375 0.9283851574074075 0.8515625 0.7591148449074074 0.7213539050925926 0.6067710949074074 0.6041664050925926 0.734375 0.6236976550925926 0.8658851574074075 0.6620939583333333 0.8906572986111111 0.6588539050925926 0.89453125 0.68359375 0.9283851574074075
1 0.69140625 0.5846351550925926 0.6015625 0.4856773449074074 0.5794273449074074 0.5078125 0.59375 0.6731773449074074 0.6041664050925926 0.6796875 0.6419273449074074 0.6328125 0.62109375 0.6041664050925926 0.6302085949074074 0.59375 0.62109375 0.5807289050925926 0.6223960949074074 0.5755210949074074 0.6380210949074074 0.5794273449074074 0.6458335949074074 0.578125 0.6666664050925926 0.6067710949074074 0.69140625 0.5846351550925926
1 0.99921875 0.2317710949074074 0.99921875 0.1861976550925926 0.9921875 0.18359375 0.9674476574074075 0.2018226574074074 0.94921875 0.1861976550925926 0.98046875 0.15625 0.9856773449074074 0.1471351574074074 0.9986976574074075 0.1588539050925926 0.9986976574074075 0.07421875 0.8736976574074075 0.2018226574074074 0.96484375 0.2877601574074074 0.99921875 0.2317710949074074
1 0.99921875 0.5859375 0.99921875 0.5598960949074074 0.98046875 0.5481773449074074 0.9973960949074074 0.5234375 0.9947914074074075 0.5221351550925926 0.9791664074074075 0.5390625 0.9609375 0.5208335949074074 0.9778648449074074 0.5 0.9453125 0.4700523449074074 0.953125 0.4427085949074074 0.9544273449074074 0.4427085949074074 0.9700523449074074 0.4544273449074074 0.9700523449074074 0.4466148449074074 0.9453125 0.4231773449074074 0.9596351574074075 0.4088539050925926 0.9973960949074074 0.45703125 0.9973960949074074 0.3932289074074074 0.99921875 0.390625 0.9674476574074075 0.3580726574074074 0.8515625 0.4700523449074074 0.9895835949074074 0.6119789050925926 0.99921875 0.5859375
1 0.83984375 0.3971351574074074 0.8424476574074075 0.3763023449074074 0.8177085949074074 0.3528648449074074 0.8489585949074074 0.3255210949074074 0.8971351574074075 0.359375 0.9401039074074075 0.3268226574074074 0.83203125 0.2317710949074074 0.6263023449074074 0.4479164050925926 0.7200523449074074 0.5520835949074074 0.8111976574074075 0.4557289050925926 0.7402749976851851 0.4402547592592593 0.7518166273148148 0.42604971527777774 0.7317710949074074 0.4036460949074074 0.80078125 0.3528648449074074 0.82421875 0.375 0.8463539074074075 0.4153648449074074 0.8528648449074074 0.41015625 0.83984375 0.3971351574074074
0 0.88671875 0.6354164050925926 0.83984375 0.56640625 0.8315225902777778 0.5691799699074074 0.8125 0.5846351550925926 0.8736976574074075 0.6497398449074074 0.88671875 0.6354164050925926
1 0.90234375 0.6940101550925926 0.8098960949074074 0.5846351550925926 0.8307289074074075 0.5598960949074074 0.93359375 0.671875 0.9739585949074074 0.6432289050925926 0.8268226574074075 0.50390625 0.8059898449074074 0.5234375 0.75 0.58203125 0.7552085949074074 0.5846351550925926 0.87890625 0.7278648449074074 0.90234375 0.6940101550925926
1 0.9088539074074075 0.6901039050925926 0.9114585949074074 0.69140625 0.9322914074074075 0.66796875 0.8984375 0.63671875 0.875 0.65625 0.9088539074074075 0.6901039050925926
1 0.99921875 0.72265625 0.99921875 0.6796875 0.98828125 0.66796875 0.9440101574074075 0.71875 0.96484375 0.7395835949074074 0.9674476574074075 0.7369789050925926 0.9895835949074074 0.7447914050925926 0.99921875 0.72265625
1 0.9583335949074074 0.76171875 0.9348960949074074 0.7890625 0.9986976574074075 0.8541664074074075 0.9986976574074075 0.859375 0.99921875 0.8111976574074075 0.9583335949074074 0.76171875
1 0.8736976574074075 0.8424476574074075 0.8828125 0.8763023449074074 0.8736976574074075 0.8971351574074075 0.8502601574074075 0.8776039074074075 0.8463539074074075 0.8815101574074075 0.8346351574074075 0.8763023449074074 0.8372398449074074 0.8580726574074075 0.8138023449074074 0.84375 0.80859375 0.8502601574074075 0.7903648449074074 0.8658851574074075 0.7903648449074074 0.8697914074074075 0.890625 0.9674476574074075 0.9635414074074075 0.890625 0.8763023449074074 0.79296875 0.8424476574074075 0.8255210949074074 0.84375 0.8372398449074074 0.85546875 0.8489585949074074 0.8736976574074075 0.8424476574074075
1 0.8346351574074075 0.91796875 0.83203125 0.89453125 0.8309894004629629 0.8937498564814815 0.80078125 0.8802085949074074 0.7096351550925926 0.9596351574074075 0.7669273449074074 0.99921875 0.7747398449074074 0.99921875 0.82421875 0.9661460949074074 0.8072914074074075 0.9453125 0.8346351574074075 0.91796875
1 0 0.99921875 0.0403648449074074 0.99921875 0.07682265509259259 0.98828125 0.02604140509259259 0.9427085949074074 0 0.9700523449074074 0 0.9739585949074074 0 0.99921875
1 0.99921875 0.9296875 0.99609375 0.9244789074074075 0.9231773449074074 0.9921875 0.984375 0.99921875 0.99921875 0.9296875
3 0.85546875 0.9401039074074075 0.8346351574074075 0.9270835949074074 0.83203125 0.9322914074074075 0.81640625 0.9505210949074074 0.8177085949074074 0.9505210949074074 0.8307289074074075 0.9635414074074075 0.85546875 0.9401039074074075
0 0.8763023449074074 0.9700523449074074 0.859375 0.9583335949074074 0.8125 0.9830726574074075 0.8190101574074075 0.9830726574074075 0.8541664074074075 0.99921875 0.8763023449074074 0.9700523449074074
0 0.9830726574074075 0.44921875 0.9622398449074074 0.4661460949074074 0.9583335949074074 0.4518226550925926 0.9544273449074074 0.46875 0.9765625 0.4973960949074074 0.9934898449074074 0.47265625 0.9830726574074075 0.44921875
0 0.8203125 0.3984375 0.7682289050925926 0.375 0.7447914050925926 0.4075523449074074 0.7486976550925926 0.4231773449074074 0.8151039074074075 0.4375 0.8203125 0.4375 0.84375 0.41796875 0.8203125 0.3984375
0 0.84765625 0.3385414074074074 0.8294273449074074 0.35546875 0.83203125 0.3619789074074074 0.8645835949074074 0.390625 0.8851182129629629 0.36780898379629634 0.84765625 0.3385414074074074
3 0.7044273449074074 0.21484375 0.6744789050925926 0.24609375 0.6875 0.2552085949074074 0.6966148449074074 0.2643226574074074 0.6979164050925926 0.2591148449074074 0.7122398449074074 0.22265625 0.7044273449074074 0.21484375
0 0.6067710949074074 0.2903648449074074 0.6184898449074074 0.2955726574074074 0.640625 0.2864585949074074 0.6640625 0.2630210949074074 0.6640625 0.2526039074074074 0.65625 0.24609375 0.62890625 0.2799476574074074 0.6184898449074074 0.2799476574074074 0.6067710949074074 0.2903648449074074
0 0.2765882824074074 0.68359375 0.2726820324074074 0.66796875 0.2609632824074074 0.6536460949074074 0.254453125 0.66015625 0.2648695324074074 0.6744789050925926 0.2284117199074074 0.7161460949074074 0.203671875 0.7291664050925926 0.219296875 0.7434898449074074 0.2362242199074074 0.7513023449074074 0.2492445324074074 0.73828125 0.277890625 0.7513023449074074 0.2791929699074074 0.7526039050925926 0.2909117199074074 0.7434898449074074 0.2570570324074074 0.72265625 0.2492445324074074 0.7122398449074074 0.2765882824074074 0.68359375
2 0.11122421759259259 0.7174476550925926 0.0018492199074074073 0.625 0 0.6263023449074074 0.005755469907407407 0.8619789074074075 0.11122421759259259 0.7174476550925926
3 0.05263046990740741 0.4427085949074074 0.055234374999999995 0.4309898449074074 0.0838804699074074 0.4088539050925926 0.031796875 0.3671875 0.014869532407407408 0.3880210949074074 0.05263046990740741 0.4427085949074074
0 0.6015625 0.46875 0.5846351550925926 0.4557289050925926 0.6223960949074074 0.4166664050925926 0.5026039050925926 0.3255210949074074 0.4558307916666667 0.38866542824074074 0.4466148449074074 0.3958335949074074 0.4401039050925926 0.3971351574074074 0.53515625 0.5 0.57421875 0.5169273449074074 0.6015625 0.46875
3 0.006510157407407407 0 0.11588515509259259 0.06510390509259259 0.1471351574074074 0.03255234490740741 0.1458335949074074 0.02994765509259259 0.10677109490740741 0 0.006510157407407407 0
3 0.1393226574074074 0.8098960949074074 0.14453125 0.8125 0.10286484490740741 0.7591148449074074 0.078125 0.7786460949074074 0.12369765509259259 0.8359375 0.1393226574074074 0.8098960949074074
0 0.6731773449074074 0.99609375 0.6966148449074074 0.96484375 0.6171875 0.8880210949074074 0.59375 0.8997398449074074 0.5911460949074074 0.9036460949074074 0.62109375 0.99921875 0.6731773449074074 0.99609375
0 0.3645835949074074 0.9583335949074074 0.3541664074074074 0.9557289074074075 0.3294273449074074 0.98828125 0.3111976574074074 0.99609375 0.4192710949074074 0.99921875 0.3645835949074074 0.9583335949074074
0 0.6119789050925926 0.8776039074074075 0.6002601550925926 0.73828125 0.5963539050925926 0.7565101550925926 0.5286460949074074 0.8255210949074074 0.5325523449074074 0.8294273449074074 0.58984375 0.8880210949074074 0.6119789050925926 0.8776039074074075
3 0.1953125 0.2005210949074074 0.234375 0.1588539050925926 0.2096351574074074 0.1263023449074074 0.09375 0.2565101574074074 0.11458359490740741 0.2682289074074074 0.1861976550925926 0.1953125 0.1953125 0.2005210949074074
0 0.08072890509259259 0.26171875 0.07291640509259259 0.2630210949074074 0.0559898449074074 0.2734375 0.09114609490740741 0.2942710949074074 0.11328125 0.2721351574074074 0.08072890509259259 0.26171875
0 0 0.2109375 0.08012216435185185 0.11918466435185185 0.0416664050925926 0.08072890509259259 0.0494789050925926 0.0546875 0.0416664050925926 0.0520835949074074 0 0.11848984490740741 0 0.2109375
0 0.328125 0 0.3111976574074074 0.01953125 0.33984375 0.02864609490740741 0.33984375 0.03255234490740741 0.3528648449074074 0.009114844907407407 0.328125 0
0 0.8751304675925925 0.0703125 0.8686195324074073 0.06380234490740741 0.834765625 0.02473984490740741 0.815234375 0.0390625 0.8712242175925925 0.09244765509259259 0.8712242175925925 0.12109375 0.901171875 0.09895859490740741 0.893359375 0.07682265509259259 0.928515625 0.03645859490740741 0.9298179675925925 0.03385390509259259 0.9141929675925925 0.02604140509259259 0.8751304675925925 0.0703125
0 0.4610679699074074 0.16015625 0.479296875 0.1796875 0.5444007824074074 0.11328125 0.5977867199074074 0.1640625 0.6016929699074074 0.1471351574074074 0.6069007824074073 0.1484375 0.5860679699074074 0.12369765509259259 0.5899742199074074 0.09635390509259259 0.5639320324074074 0.06901015509259259 0.4610679699074074 0.16015625
0 0.9897132824074073 0.1666664050925926 0.983203125 0.1614585949074074 0.9571617175925925 0.1848960949074074 0.9727867175925925 0.1953125 0.9923179675925925 0.1744789050925926 0.9897132824074073 0.1666664050925926
3 0.9454429675925925 0.73046875 0.9454429675925925 0.7317710949074074 0.908984375 0.7513023449074074 0.924609375 0.7747398449074074 0.959765625 0.75 0.9454429675925925 0.73046875
3 0.748828125 0.7734375 0.6837242199074074 0.8372398449074074 0.6889320324074073 0.8463539074074075 0.6889320324074073 0.84765625 0.776171875 0.7604164050925926 0.7227867199074074 0.7096351550925926 0.7071617199074074 0.7213539050925926 0.748828125 0.7734375
0 0.7045570324074073 0.8046875 0.6798179699074074 0.7825523449074074 0.678515625 0.78515625 0.686328125 0.83203125 0.7045570324074073 0.8046875
0 0.5144531250000001 0.6731773449074074 0.5118492199074074 0.6692710949074074 0.487109375 0.6901039050925926 0.5118492199074074 0.71875 0.5209632824074074 0.7109375 0.5144531250000001 0.6731773449074074
0 0.3946617199074074 0.796875 0.3881507824074074 0.8111976574074075 0.3881507824074074 0.81640625 0.420703125 0.8046875 0.4493492199074074 0.8372398449074074 0.4545570324074074 0.7916664050925926 0.4259117199074074 0.7734375 0.412890625 0.78515625 0.3673179699074074 0.7369789050925926 0.3647132824074074 0.7408851550925926 0.3555992199074074 0.75 0.3946617199074074 0.796875
3 0.8100257824074073 0.11588515509259259 0.807421875 0.11458359490740741 0.7904945324074073 0.1341148449074074 0.8295570324074073 0.1692710949074074 0.842578125 0.14453125 0.8100257824074073 0.11588515509259259
0 0.2891929699074074 0.9453125 0.283984375 0.9388023449074074 0.248828125 0.9713539074074075 0.2358070324074074 0.95703125 0.2319007824074074 0.953125 0.205859375 0.9765625 0.229296875 0.9934898449074074 0.2475257824074074 0.9908851574074075 0.2891929699074074 0.9453125
0 0.1264320324074074 0.5234375 0.10950546990740741 0.5065101550925926 0.10169296990740741 0.5130210949074074 0.1290367199074074 0.55078125 0.1225257824074074 0.56640625 0.08923222916666668 0.6009805902777777 0.09778671990740741 0.6119789050925926 0.112109375 0.6002601550925926 0.14856796990740742 0.6614585949074074 0.1264320324074074 0.58984375 0.13945312499999998 0.5638023449074074 0.1264320324074074 0.5234375
0 0.8752085949074073 0.8645835949074074 0.8634898449074073 0.8489585949074074 0.8400523449074073 0.8372398449074074 0.8374476574074073 0.8645835949074074 0.8765101574074073 0.890625 0.8752085949074073 0.8645835949074074
0 0.97546875 0.76953125 0.99921875 0.8020835949074074 0.99921875 0.73046875 0.9884898449074073 0.7473960949074074 0.9742387731481481 0.7473960949074074 0.97546875 0.76953125
0 0.6616664074074073 0.6119789050925926 0.6447398449074073 0.5846351550925926 0.6369273449074073 0.58984375 0.63171875 0.6106773449074074 0.6492187615740741 0.6244272986111111 0.6616664074074073 0.6119789050925926
0 0.4325 0.5729164050925926 0.41296875 0.54296875 0.4559375 0.4947914050925926 0.40255234490740743 0.4401039050925926 0.4390101574074074 0.48828125 0.3960414074074074 0.54296875 0.4325 0.5729164050925926
3 0.37390625 0.33203125 0.3530726574074074 0.3151039074074074 0.33223984490740743 0.3372398449074074 0.3452601574074074 0.34765625 0.27625 0.4283851550925926 0.2866664074074074 0.4322914050925926 0.37390625 0.33203125
1 0.11609375000000001 0 0.14604140740740743 0.02473984490740741 0.166875 0 0.11609375000000001 0