2 0 0.4144429699074074 0.10416640509259259 0.466559375 0.11979140509259259 0.5690546875 0.027778125 0.6298570324074073 0.078125 0.6871851574074074 0.2430554699074074 0.5516828125000001 0.2847226574074074 0.49956640740740743 0.2743054699074074 0.44744999999999996 0.28125 0.4144429699074074 0.3489585949074074 0.4422382824074074 0.35243046990740745 0.37274999999999997 0.39930546990740745 0.40749453009259257 0.40798593749999995 0.1243289074074074 0.4166664050925926 0.018359375 0.3819445324074074 0.0009874999999999999 0 0.0138890625 0 0.4144429699074074
2 0.9965281250000001 0.0079359375 0.7421875 0 0.8315976550925925 0.1191171875 0.9322914074074075 0.14691328240740742 0.9930554699074073 0.18686875 0.9965281250000001 0.0079359375
1 0.2682289074074074 0.6050343749999999 0.34201406250000005 0.7028203125 0.40625 0.6889226574074074 0.3229164074074074 0.5534203125 0.2682289074074074 0.6050343749999999
2 0.046875 0.7792570324074075 0.0642359375 0.7323523449074074 0.005208594907407407 0.6571179699074073 0.008680469907407408 0.992934375 0.125 0.99921875 0.0451390625 0.9008617199074074 0.046875 0.7792570324074075
1 0.453125 0.07118046990740741 0.44618046990740745 0.1417015625 0.5052085949074074 0.14865 0.5086804699074075 0.0756875 0.453125 0.07118046990740741
1 0.53125 0.133015625 0.4635414050925926 0.1779515625 0.49305546990740745 0.2181382800925926 0.546875 0.2389851574074074 0.5729164050925926 0.21640156249999998 0.53125 0.133015625
1 0.15625 0.8331109375 0.11979140509259259 0.8758679699074073 0.1857640625 0.9512414050925926 0.2430554699074074 0.9251828125 0.2135414074074074 0.8695921874999999 0.15625 0.8331109375
1 0.8177085949074074 0.19878437499999999 0.8541664074074075 0.2146640625 0.8854164074074075 0.1417015625 0.8298609375 0.1208546875 0.8177085949074074 0.19878437499999999
1 0.4756945324074074 0.24767109490740744 0.4270835949074074 0.2821179699074074 0.43923593749999995 0.3831734375 0.5225695324074073 0.3675382824074074 0.4756945324074074 0.24767109490740744
1 0.6440976574074073 0.1642851550925926 0.6145835949074074 0.093059375 0.5677085949074074 0.112846875 0.6059031250000001 0.2146640625 0.640625 0.20424062499999998 0.6440976574074073 0.1642851550925926
1 0.2291664074074074 0.9904515625 0.31076406250000005 0.99921875 0.34375 0.9720875 0.3177085949074074 0.9199710949074074 0.2291664074074074 0.9904515625
1 0.7222226574074073 0.1555992199074074 0.6423609375 0.1278039074074074 0.6432289050925926 0.2482640625 0.6857640625 0.2528828125 0.6927085949074074 0.18686875 0.7204859375 0.1903429699074074 0.7222226574074073 0.1555992199074074
0 0.006944530092592592 0.4370273449074074 0.005208594907407407 0.6102429699074073 0.10069453240740742 0.5482085949074074 0.10069453240740742 0.48393125 0.006944530092592592 0.4370273449074074
2 0.828125 0.8157390625 0.8107640625 0.9981460949074075 0.984375 0.9826390625 0.99921875 0.6281203125 0.953125 0.6593898449074074 0.828125 0.8157390625
2 0.5260414050925926 0.0008679699074074074 0.5555554699074075 0.10521953240740742 0.65625 0.060052344907407414 0.6371531250000001 0 0.5260414050925926 0.0008679699074074074
2 0.234375 0.8539570324074075 0.2604164074074074 0.8695921874999999 0.3020835949074074 0.8400593749999999 0.30034765740740743 0.7636226574074074 0.3229164074074074 0.6976085949074075 0.2395835949074074 0.5899015625 0.0859375 0.7144093749999999 0.0607640625 0.8487460949074075 0.08854140509259259 0.880015625 0.1458335949074074 0.8157390625 0.234375 0.8539570324074075
2 0.3411460949074074 0.9019093749999999 0.390625 0.9894601574074074 0.53125 0.99921875 0.4131945324074074 0.8504828125 0.3411460949074074 0.9019093749999999
2 0.5572914050925926 0.6037992199074075 0.4322914050925926 0.589409375 0.434028125 0.6993453125 0.47222265740740743 0.7184546875000001 0.5572914050925926 0.6663382800925925 0.5572914050925926 0.6037992199074075
2 0.4947914050925926 0.2560765625 0.5225695324074073 0.34495468749999997 0.59375 0.27546640509259257 0.578125 0.22856171990740742 0.4947914050925926 0.2560765625
2 0.5807289050925926 0.34982656250000005 0.6059031250000001 0.37969921990740746 0.6909726574074073 0.2772039074074074 0.6215281250000001 0.25983125 0.5807289050925926 0.34982656250000005
2 0.9079859375 0.3988085949074074 0.8993054699074073 0.33626875 0.7829859375 0.428340625 0.8246531250000001 0.5099898449074074 0.7760414050925926 0.6102429699074073 0.8645835949074074 0.7045570324074073 0.9809031250000001 0.581215625 0.9965281250000001 0.47177109490740743 0.9079859375 0.3988085949074074
2 0.5920140625 0.9112851550925926 0.590278125 0.8695921874999999 0.5017359375 0.8643804675925926 0.453125 0.8394093749999999 0.4635414050925926 0.9025992199074074 0.5364585949074074 0.99921875 0.6197914050925926 0.99921875 0.5920140625 0.9112851550925926
1 0.8984375 0.24565937499999999 0.9375 0.2685179699074074 0.9878476550925925 0.2216132824074074 0.9409726550925925 0.17123359490740742 0.8984375 0.24565937499999999
1 0.796875 0.2638890625 0.8368054699074073 0.2893640625 0.8506945300925927 0.2320359375 0.8020835949074074 0.2198757800925926 0.796875 0.2638890625
1 0.640625 0.440971875 0.6909726574074073 0.47524531249999996 0.7309031250000001 0.3953335949074074 0.6944445324074074 0.3675382824074074 0.640625 0.440971875
1 0.3229164074074074 0.8029515625 0.3229164074074074 0.8678546875 0.402778125 0.8539570324074075 0.39409765740740743 0.7948921874999999 0.3229164074074074 0.8029515625
1 0.4427085949074074 0.40711796990740745 0.45486093749999995 0.56036875 0.5364585949074074 0.5464710949074074 0.5173609375 0.37274999999999997 0.4427085949074074 0.40711796990740745
1 0.5954859375 0.4405015625 0.5520835949074074 0.46961796990740745 0.5989585949074074 0.63680625 0.6666664050925926 0.59685 0.6666664050925926 0.5308359375 0.5954859375 0.4405015625
1 0.3255210949074074 0.7508679699074073 0.32638906250000005 0.7827320324074074 0.42361093749999995 0.7445132824074073 0.4010414050925926 0.690659375 0.3255210949074074 0.7508679699074073
1 0.6953125 0.5164929699074075 0.765625 0.5568945324074074 0.8020835949074074 0.4821945300925926 0.7222226574074073 0.4335523425925926 0.6953125 0.5164929699074075
1 0.6770835949074074 0.7092015625 0.78125 0.7879429699074074 0.8350695300925927 0.7010828125 0.734375 0.6333320324074074 0.6770835949074074 0.7092015625
1 0.6640625 0.9670140625 0.6666664050925926 0.99921875 0.7638890625 0.9981460949074075 0.7604164050925926 0.9460296874999999 0.6640625 0.9670140625
1 0.7604164050925926 0.9269203125 0.7447914050925926 0.8365851550925926 0.6719114768518518 0.8465298680555555 0.6736109375 0.93560625 0.7604164050925926 0.9269203125
1 0.4791664050925926 0.7404515625 0.6041664050925926 0.8730664074074075 0.7291664050925926 0.7688343750000001 0.6006945324074074 0.675025 0.4791664050925926 0.7404515625