1 0.061203125 0.1125078125 0.041182032407407414 0.17386015740740743 0.0707703125 0.19143593750000001 0.126065625 0.050579687500000005 0.010407032407407408 0.0173453125 0 0.1376992199074074 0.0154890625 0.10225 0.061203125 0.1125078125
1 0.152096875 0.05463125 0.1248867175925926 0.055505467592592596 0.08320390740740741 0.19920781250000003 0.18114375 0.2338640625 0.2103875 0.1384375 0.152096875 0.05463125
1 0.0711164074074074 0.2272242175925926 0.042150782407407404 0.32210937500000003 0.1404023449074074 0.3580328125 0.1711367199074074 0.2550585949074074 0.0711164074074074 0.2272242175925926
1 0 0.3457757824074074 0.013225782407407407 0.3577554699074074 0.06060078240740741 0.21733203240740742 0 0.1960023449074074 0 0.3457757824074074
1 0.0821265625 0.46262656249999995 0.031221875 0.37639453240740744 0 0.3899117199074074 0.0035843750000000003 0.4834070324074074 0.0821265625 0.46262656249999995
1 0.08348124999999999 0.4553164050925926 0 0.4891398449074074 0.000603125 0.5602351574074075 0.03162109490740741 0.625978125 0.1380179699074074 0.574965625 0.08348124999999999 0.4553164050925926
1 0.07164453240740741 0.7067023425925926 0.09044687500000001 0.7323132824074073 0.1107257824074074 0.7177257824074075 0.05413671990740741 0.6289664074074074 0.001734375 0.6521859375 0 0.7420367199074074 0.0072359375 0.7574171875 0.07164453240740741 0.7067023425925926
1 0.012141407407407408 0.7597273449074073 0.04009765740740741 0.7931710949074074 0.0970257824074074 0.7416906249999999 0.0681890625 0.7104148449074074 0.012141407407407408 0.7597273449074073
1 0.1781765625 0.7741187500000001 0.11101015509259259 0.7146296875 0.0872007824074074 0.7493062500000001 0.12929765740740742 0.80683125 0.1781765625 0.7741187500000001
1 0.046832812499999994 0.7874796875 0.07366328240740741 0.8172382824074075 0.11780625 0.7838953124999999 0.0855140625 0.7541851574074074 0.046832812499999994 0.7874796875
1 0.1330171875 0.8128132824074074 0.1150625 0.7885570300925926 0.07631953009259258 0.8239054699074074 0.1433429699074074 0.8907929699074074 0.2168984375 0.8094734375 0.1753914074074074 0.7775539074074074 0.1330171875 0.8128132824074074
1 0.00346875 0.766665625 0.000359375 0.8835500000000001 0.061508594907407406 0.8196570324074074 0.00346875 0.766665625
1 0.06436796990740741 0.8271304699074074 0.00346875 0.8898179699074075 0.001815625 0.92665625 0.0795109375 0.9941335925925926 0.13850546990740742 0.9012476574074073 0.06436796990740741 0.8271304699074074
1 0.137028125 0.9193046875 0.194640625 0.9730414050925925 0.22522578240740743 0.897046875 0.1784070324074074 0.8669773449074074 0.137028125 0.9193046875
1 0.129853125 0.9348820300925925 0.0849921875 0.9973585925925925 0.18417265740740743 0.99921875 0.2004273449074074 0.9835437499999999 0.129853125 0.9348820300925925
1 0 0.99921875 0.07228828240740741 0.99921875 0.001734375 0.9574648449074075 0 0.99921875
1 0.05819453240740741 0.6255937500000001 0.0950609375 0.6859078125000001 0.12326953009259259 0.669296875 0.0906554699074074 0.6059968750000001 0.05819453240740741 0.6255937500000001
1 0.12498437500000001 0.5911773449074074 0.0949945324074074 0.6076218750000001 0.12030390740740741 0.6616140625 0.14980625 0.64543125 0.12498437500000001 0.5911773449074074
1 0.1464195324074074 0.5802625 0.126659375 0.5905054699074074 0.155515625 0.6547609375 0.1812703125 0.6441335949074074 0.1464195324074074 0.5802625
1 0.09585 0.6872117199074075 0.110990625 0.7118898449074074 0.1332210949074074 0.6967890625000001 0.1147882824074074 0.6735453124999999 0.09585 0.6872117199074075
1 0.1652476574074074 0.6528828124999999 0.14664375 0.6628679699074075 0.126659375 0.6786539074074075 0.1540148449074074 0.7085429675925925 0.1885515625 0.6864195300925926 0.1652476574074074 0.6528828124999999
1 0.1821296875 0.6437359375 0.16944921990740738 0.6504117199074074 0.18911640740740743 0.6850789074074074 0.2073585949074074 0.6722218750000001 0.1821296875 0.6437359375
1 0.15233359490740742 0.5793804675925925 0.18240390740740742 0.6339007824074074 0.2352257824074074 0.58246875 0.1973898449074074 0.5497710949074074 0.15233359490740742 0.5793804675925925
1 0.1839984375 0.6358632824074074 0.2110796875 0.6646929699074073 0.26844843749999997 0.6154507824074074 0.23681093749999998 0.5834953125 0.1839984375 0.6358632824074074
1 0.2011140625 0.5502828125 0.2730382824074074 0.61150625 0.3267804675925926 0.56123125 0.2576007824074074 0.5056203125000001 0.2011140625 0.5502828125
1 0.1479921875 0.3702585949074074 0.15400781249999998 0.4132976574074074 0.1798257800925926 0.3977242199074074 0.1633921875 0.3627945324074074 0.1479921875 0.3702585949074074
1 0.20530625 0.34356406250000004 0.1644492199074074 0.3610921875 0.1804984375 0.3966671875 0.22374843749999998 0.3804921875 0.20530625 0.34356406250000004
1 0.15487812499999998 0.416778125 0.2112 0.5343882824074074 0.27690625 0.47911328240740736 0.226675 0.37895625 0.15487812499999998 0.416778125
1 0.2152320324074074 0.6687562499999999 0.2912195324074074 0.7259578124999999 0.3474851574074074 0.5760734375 0.3326070324074074 0.5659695324074074 0.2152320324074074 0.6687562499999999
1 0.11786484259259258 0.0448398449074074 0.13021640509259258 0.014187499999999999 0.0890390625 0.001971875 0.07476171990740742 0.0327640625 0.11786484259259258 0.0448398449074074
1 0.044169532407407404 0.02485703240740741 0.055159375 0 0.008967969907407407 0.007686719907407408 0.044169532407407404 0.02485703240740741
1 0.17807890509259258 0 0.1830132824074074 0.0364375 0.2506539074074074 0.0314578125 0.24407265740740738 0.0003101574074074074 0.17807890509259258 0
1 0.24726015740740742 0.00128125 0.2526703125 0.03481640740740741 0.3672273425925926 0.024357032407407407 0.36362968749999997 0 0.24726015740740742 0.00128125
1 0.29850625000000003 0.030747657407407408 0.3030453125 0.06465781250000001 0.3767460949074074 0.057360937499999994 0.3735984375 0.0239265625 0.29850625000000003 0.030747657407407408
1 0.20113906250000002 0.07686874999999999 0.2191703125 0.11327578240740742 0.3202203125 0.077434375 0.30781484259259256 0.060393749999999996 0.20113906250000002 0.07686874999999999
1 0.22035625 0.11658359490740741 0.2372414050925926 0.1494734375 0.28216171759259256 0.123325 0.26623281249999997 0.09635078009259258 0.22035625 0.11658359490740741
1 0.24085468750000003 0.14861249999999998 0.2529359375 0.1704070324074074 0.3289984375 0.16085859490740742 0.30779453240740745 0.1174148449074074 0.24085468750000003 0.14861249999999998
1 0.2468 0.1786039074074074 0.24341718750000002 0.1793601550925926 0.2804953125 0.25239531249999997 0.3613070324074074 0.2338734375 0.3278421875 0.1599226574074074 0.2468 0.1786039074074074
1 0.4137242199074074 0.3503226574074074 0.401203125 0.3264109375 0.41899375 0.31575156249999997 0.3909132824074074 0.25935156249999997 0.3443273449074074 0.2816609375 0.32358359490740746 0.236115625 0.2805703125 0.2536664074074074 0.3617726574074074 0.4174023449074074 0.45261874999999996 0.3719867175925926 0.4330515625 0.34370625 0.4137242199074074 0.3503226574074074
1 0.5708093750000001 0.199428125 0.5393609375 0.24726015740740742 0.617690625 0.31558125 0.6571210949074073 0.25992187499999997 0.5708093750000001 0.199428125
1 0.5673359375 0.37689140740740745 0.4983648449074074 0.336940625 0.44398593750000004 0.4093296875 0.5129226574074074 0.4545851574074074 0.5673359375 0.37689140740740745
1 0.6244718749999999 0.362228125 0.593334375 0.34426171759259255 0.5662648449074075 0.37665624999999997 0.5393757800925926 0.40589687500000005 0.5678117199074074 0.43365156250000003 0.6244718749999999 0.362228125
1 0.6237414074074074 0.4013632824074074 0.6074320324074074 0.4337617199074074 0.62953125 0.43918671990740743 0.6215296875 0.4587289074074074 0.5444859375000001 0.4150898449074074 0.520234375 0.45358437500000004 0.6491992199074075 0.5193179675925926 0.6613351574074074 0.4116070300925926 0.6237414074074074 0.4013632824074074
1 0.4753039074074074 0.44968125000000003 0.443965625 0.5172164074074074 0.582409375 0.6221296875 0.6361875 0.5348023449074074 0.4753039074074074 0.44968125000000003
1 0.5015070324074075 0.5809929699074075 0.44748906250000003 0.5327 0.3945921875 0.5944499999999999 0.4640140625 0.6598687500000001 0.4934351574074074 0.6220351574074073 0.47481875 0.6091429699074075 0.5015070324074075 0.5809929699074075
1 0.5251484375 0.6400109375 0.49561171990740743 0.6271742199074074 0.47083515740740745 0.6626960949074074 0.5342367199074074 0.711034375 0.5811984375 0.6288210925925926 0.5491398449074074 0.6056101574074074 0.5251484375 0.6400109375
1 0.37921796990740736 0.6098242199074074 0.34695468749999997 0.6786500000000001 0.40184375 0.7175046875 0.44111875 0.6459562499999999 0.37921796990740736 0.6098242199074074
1 0.4048414074074074 0.7135960949074074 0.464259375 0.7610585925925926 0.502778125 0.6957304699074074 0.4438109375 0.6529070300925925 0.4048414074074074 0.7135960949074074
1 0.46249218750000004 0.7609984375000001 0.5136734375 0.7986726574074074 0.5402218750000001 0.721328125 0.5023078125 0.69391875 0.46249218750000004 0.7609984375000001
1 0.34975156250000006 0.6879734375 0.2859 0.8417109375 0.3224679699074074 0.8675335949074074 0.3971539074074074 0.7192867199074073 0.34975156250000006 0.6879734375
1 0.3830617199074074 0.7558742199074074 0.4327109375 0.7940679699074075 0.4545507824074074 0.76076875 0.401178125 0.7206578125 0.3830617199074074 0.7558742199074074
1 0.45668203240740746 0.7621 0.41637109490740737 0.8237749999999999 0.4682226574074074 0.8739390625 0.5073171875 0.8014398449074074 0.45668203240740746 0.7621
1 0.41636171990740745 0.8277632824074074 0.3728125 0.89039375 0.42880781250000005 0.9393281250000001 0.4707351574074074 0.8781179699074074 0.41636171990740745 0.8277632824074074
1 0.3254101574074074 0.8660523449074075 0.3669421875 0.8969203125 0.41453984490740736 0.8290195300925925 0.36496015740740745 0.8026859375000001 0.3254101574074074 0.8660523449074075
1 0.2562289074074074 0.9211414050925926 0.21755937500000003 0.99921875 0.36139218749999996 0.99921875 0.2562289074074074 0.9211414050925926
1 0.409965625 0.9967289074074074 0.50558125 0.99921875 0.46465937500000004 0.9421453125 0.409965625 0.9967289074074074
1 0.43117421990740745 0.9447828125000001 0.33437812499999997 0.8801453125 0.2913195324074074 0.937265625 0.3819507800925926 0.99921875 0.43117421990740745 0.9447828125000001
1 0.4958023425925926 0.930109375 0.5369890625 0.9978296875 0.6521617199074073 0.9198453125 0.6129414074074074 0.8616234374999999 0.4958023425925926 0.930109375
1 0.6431335949074074 0.8327429699074074 0.678075 0.9009132824074074 0.7986820324074074 0.8289640625 0.7562195324074075 0.7610390625 0.6431335949074074 0.8327429699074074
1 0.6197375 0.99921875 0.701640625 0.9976750000000001 0.6726 0.9647007824074074 0.6197375 0.99921875
1 0.7424273449074074 0.99921875 0.7674046875 0.99921875 0.861028125 0.9412296875 0.8258914074074073 0.8748656250000001 0.70790625 0.9480953125 0.7424273449074074 0.99921875
1 0.8578398449074074 0.8578398449074074 0.8993875 0.924075 0.9620414074074074 0.8824945324074074 0.9197757824074074 0.8228820324074073 0.8578398449074074 0.8578398449074074
1 0.5140296875 0.8005382824074074 0.5882640625 0.8452585949074073 0.6354664074074073 0.7521570324074075 0.5507453125 0.7115242199074074 0.5140296875 0.8005382824074074
1 0.8308742199074074 0.9960375 0.9115140625 0.99921875 0.8863453125 0.9655828125 0.8308742199074074 0.9960375
1 0.99479375 0.9554312500000001 0.9750304699074074 0.9133375 0.8949171874999999 0.9606453125000001 0.9111125 0.99739375 0.9969664074074074 0.99921875 0.99479375 0.9554312500000001
1 0.4786640625 0.87113125 0.5310476574074074 0.9097429699074074 0.5897054699074074 0.8441460949074074 0.5100140625 0.8030398449074073 0.4786640625 0.87113125
1 0.6050054699074074 0.60984375 0.5511070324074074 0.7044734374999999 0.6415492199074074 0.7593523425925925 0.6976859375000001 0.6734195300925926 0.6050054699074074 0.60984375
1 0.6971726550925926 0.5758671875 0.6589695324074074 0.6387453125 0.7643296875 0.7220773449074074 0.7929804699074074 0.6397523449074074 0.6971726550925926 0.5758671875
1 0.7892148449074073 0.6459734374999999 0.7634601574074075 0.7196414050925926 0.8252320324074075 0.8151007800925926 0.95888125 0.7317679675925925 0.9111914074074073 0.662359375 0.7892148449074073 0.6459734374999999
1 0.8342445324074075 0.4718960949074074 0.80868125 0.5995742199074073 0.8974914074074074 0.6239453125 0.9172085949074074 0.4699671875 0.8342445324074075 0.4718960949074074
1 0.99921875 0.39706250000000004 0.99921875 0.35802968749999997 0.899578125 0.2555140625 0.8612101550925926 0.2679695324074074 0.87531875 0.32221640740740737 0.8930742199074074 0.3150601550925926 0.9516523449074074 0.3956476574074074 0.99921875 0.39706250000000004
1 0.8094453125000001 0.30727265740740745 0.8620796875000001 0.3184046875 0.8632640625 0.2805765625 0.783684375 0.2730257824074074 0.7723679675925926 0.3600445324074074 0.810221875 0.3567265625 0.8094453125000001 0.30727265740740745
1 0.85384375 0.36060390740740744 0.6724515625 0.3505515625 0.6793640625 0.40445625 0.855765625 0.4111117175925926 0.85384375 0.36060390740740744
1 0.6673960949074074 0.4061679675925926 0.6545914050925925 0.5162351550925925 0.7112210949074075 0.569225 0.7213203125 0.403165625 0.6673960949074074 0.4061679675925926
1 0.8260554699074073 0.4873734375 0.7179562500000001 0.48369375000000003 0.7184367199074074 0.5518046875 0.8147976574074074 0.5765257824074074 0.8260554699074073 0.4873734375
1 0.7937968750000001 0.41627968750000005 0.7954625 0.4869453125 0.8579578124999999 0.4709875 0.8541203125000001 0.40989374999999995 0.7937968750000001 0.41627968750000005
1 0.9974710925925926 0.49215000000000003 0.956121875 0.4896375 0.9534132800925925 0.6466296874999999 0.99921875 0.6474148449074074 0.9974710925925926 0.49215000000000003
1 0.8878351574074074 0.4125898449074074 0.8632734375 0.33669218749999996 0.8142625 0.329296875 0.8129382824074075 0.3568992199074074 0.8510273449074075 0.35756796990740736 0.8557843749999999 0.4152796875 0.8878351574074074 0.4125898449074074
1 0.99866875 0.4179078125 0.97355 0.417365625 0.97355 0.44578124999999996 0.99921875 0.44708203240740746 0.99866875 0.4179078125
1 0.9718710925925926 0.41710625 0.8564203125 0.4155414074074074 0.8556625000000001 0.461490625 0.9736671875 0.473078125 0.9718710925925926 0.41710625
1 0.9168070300925926 0.47079296990740743 0.911365625 0.5509523449074074 0.9553031249999999 0.5550984375 0.9566046874999999 0.46542656250000003 0.9168070300925926 0.47079296990740743
1 0.06765 0.42376796990740745 0.10277578240740741 0.48107109259259256 0.1700164074074074 0.44973437499999996 0.1309367175925926 0.39504843749999996 0.06765 0.42376796990740745
1 0.10752734490740741 0.48317031250000003 0.14343671990740742 0.5738007824074074 0.17796406250000002 0.5520765625 0.14141718749999999 0.48069218750000003 0.10752734490740741 0.48317031250000003
1 0.6636273449074074 0.030703907407407405 0.7025984375 0 0.6394804675925926 0.0012765625000000001 0.6636273449074074 0.030703907407407405
2 0.7798804699074074 0.158409375 0.819728125 0.20699765740740741 0.88179375 0.26638046990740744 0.9134148449074074 0.25432421990740744 0.99921875 0.18603671990740742 0.99921875 0 0.6984296875 0.0010820324074074074 0.6867078125 0.014040625 0.7366476550925926 0.0690304675925926 0.7021843750000001 0.098528125 0.7602609375 0.1690046875 0.7798804699074074 0.158409375
1 0.40113593750000004 0 0.3663289074074074 0.0012765625000000001 0.36645390509259257 0.024695312499999997 0.3797710949074074 0.038252344907407414 0.4000789074074074 0.03830234490740741 0.40113593750000004 0
2 0.4670109375 0.26134999999999997 0.5563843749999999 0.1900054699074074 0.6598835925925925 0.258671875 0.6220546874999999 0.3240484375 0.6721734374999999 0.3620359375 0.676765625 0.34089609259259257 0.7805085949074074 0.3529820324074074 0.7821992199074074 0.2732609375 0.8361226574074074 0.2769109375 0.8388398425925926 0.23515859490740743 0.6510882824074073 0.10653984490740741 0.5971101574074075 0.09042031249999999 0.5264039074074074 0 0.4058976574074074 0.0025531250000000003 0.4016101574074074 0.04154296759259259 0.37908359490740745 0.041871875 0.36817890740740744 0.0602203125 0.4670109375 0.26134999999999997
3 0.6146757824074074 0 0.5335390625 0.003828905092592593 0.602215625 0.0884015625 0.656871875 0.103853125 0.6874304699074074 0.0760164074074074 0.6146757824074074 0
0 0.7779960949074074 0.7365476550925926 0.6920125 0.675125 0.5960828125 0.8411531250000001 0.5948765625 0.8652054699074073 0.7572492199074075 0.757628125 0.7779960949074074 0.7365476550925926
0 0.4428289074074074 0.5409875000000001 0.4422109375 0.5157390625 0.47173281250000004 0.4625132824074074 0.4405554699074074 0.382653125 0.34080078240740747 0.4339789074074074 0.292103125 0.4823226574074074 0.383984375 0.5920445324074074 0.4428289074074074 0.5409875000000001
0 0.21826562500000002 0.23358281250000001 0.3174171875 0.4493804675925926 0.36245 0.4219929675925926 0.2341164074074074 0.1751421875 0.21826562500000002 0.23358281250000001
3 0.3636320324074074 0.22940468749999998 0.4248546875 0.20823906250000002 0.367271875 0.0623890625 0.2731515625 0.09828359490740741 0.274646875 0.1232984375 0.30687187499999996 0.1134210949074074 0.3636320324074074 0.22940468749999998
3 0.40650625 0.2869078125 0.45155468750000005 0.26869375 0.42645000000000005 0.2092265625 0.33058984259259255 0.2450703125 0.3447148449074074 0.2802367199074074 0.38900078240740743 0.2567921875 0.40650625 0.2869078125
0 0.6484156249999999 0.5220507824074074 0.5963617199074074 0.5970351574074074 0.6538703124999999 0.6399640624999999 0.703540625 0.5636289074074073 0.6484156249999999 0.5220507824074074
0 0.9213617199074073 0.4797179699074074 0.8987296874999999 0.6256664074074074 0.9656765625 0.7331125000000001 0.9837742199074073 0.7969710949074075 0.99921875 0.7962757800925926 0.9929132824074074 0.6572242175925926 0.9454781250000001 0.6465601550925926 0.9531796874999999 0.5356054699074074 0.9504859375 0.47919687499999997 0.9213617199074073 0.4797179699074074
0 0.1402132824074074 0.3595375 0.23029687499999998 0.3294335949074074 0.17795625 0.24671171990740742 0.1402132824074074 0.3595375
0 0.017425782407407407 0.111428125 0.002021875 0.17795625 0.0348203125 0.20951406250000001 0.059703125 0.1301570324074074 0.017425782407407407 0.111428125