1 0.99921875 0.1588539050925926 0.99921875 0.0572914050925926 0.984375 0.0598960949074074 0.8489585949074074 0.1614585949074074 0.90234375 0.26171875 0.9635414074074075 0.2161460949074074 0.9322914074074075 0.1770835949074074 0.9752601574074075 0.1354164050925926 0.99921875 0.1588539050925926
1 0.99921875 0.3216148449074074 0.99921875 0.2408851574074074 0.9596351574074075 0.2799476574074074 0.99921875 0.3216148449074074
1 0.3020835949074074 0.609375 0.30859375 0.65234375 0.3645835949074074 0.6419273449074074 0.3502601574074074 0.5846351550925926 0.3020835949074074 0.609375
1 0.9205726574074075 0.5625 0.9166664074074075 0.5325523449074074 0.9401039074074075 0.5286460949074074 0.9192710949074074 0.46875 0.4388023449074074 0.5611976550925926 0.4479164050925926 0.61328125 0.4114585949074074 0.6263023449074074 0.4049476550925926 0.57421875 0.3658851574074074 0.5911460949074074 0.390625 0.6979164050925926 0.5716148449074074 0.6549476550925926 0.58984375 0.64453125 0.9205726574074075 0.5625
1 0.9973960949074074 0.4700523449074074 0.99921875 0.43359375 0.9348960949074074 0.4674476550925926 0.9596351574074075 0.5377601550925926 0.9973960949074074 0.51953125 0.9765625 0.4765625 0.9973960949074074 0.4700523449074074
1 0.9453125 0.6145835949074074 0.8854164074074075 0.640625 0.9114585949074074 0.6966148449074074 0.9557289074074075 0.6614585949074074 0.9609375 0.6575523449074074 0.9453125 0.6145835949074074
1 0.3893226574074074 0.7486976550925926 0.4049476550925926 0.8815101574074075 0.4765625 0.8580726574074075 0.4544273449074074 0.7317710949074074 0.3893226574074074 0.7486976550925926
1 0.5065101550925926 0.7239585949074074 0.5052085949074074 0.7369789050925926 0.5234375 0.80078125 0.6393226550925926 0.765625 0.6184898449074074 0.703125 0.5065101550925926 0.7239585949074074
1 0.4739585949074074 0.8645835949074074 0.4895835949074074 0.9453125 0.6263023449074074 0.91796875 0.60546875 0.8385414074074075 0.4739585949074074 0.8645835949074074
1 0.6328125 0.7734375 0.6705726550925926 0.91796875 0.7421875 0.8893226574074075 0.7096351550925926 0.7526039050925926 0.6328125 0.7734375
1 0.9205726574074075 0.71484375 0.9348960949074074 0.7760414050925926 0.99921875 0.7421875 0.98828125 0.6822914050925926 0.9205726574074075 0.71484375
1 0.9479164074074075 0.7890625 0.9505210949074074 0.8489585949074074 0.99921875 0.8333335949074074 0.99921875 0.7708335949074074 0.9479164074074075 0.7890625
1 0.9518226574074075 0.8658851574074075 0.9479164074074075 0.92578125 0.99921875 0.9270835949074074 0.99921875 0.8528648449074074 0.9518226574074075 0.8658851574074075
1 0.9518226574074075 0.9388023449074074 0.9348960949074074 0.9609375 0.9427085949074074 0.9895835949074074 0.99609375 0.99921875 0.99921875 0.9453125 0.9518226574074075 0.9388023449074074
1 0 0.9361976574074075 0.02864609490740741 0.9231773449074074 0.0559898449074074 0.93359375 0.0859375 0.9231773449074074 0.09114609490740741 0.88671875 0.07421875 0.828125 0 0.8294273449074074 0 0.9361976574074075
1 0.09114609490740741 0.6927085949074074 0.109375 0.7786460949074074 0.3216148449074074 0.7252601550925926 0.2734375 0.6432289050925926 0.09114609490740741 0.6927085949074074
1 0 0.7955726550925926 0.010416407407407409 0.8059898449074074 0.07291640509259259 0.7903648449074074 0.0455726550925926 0.68359375 0.014322655092592593 0.6848960949074074 0 0.7213539050925926 0 0.7955726550925926
1 0 0.6263023449074074 0.359375 0.5533851550925926 0.3502601574074074 0.49609375 0.2721351574074074 0.5143226550925926 0.26171875 0.4752601550925926 0.2057289074074074 0.5208335949074074 0.1640625 0.5234375 0.1627601550925926 0.5026039050925926 0.1705726550925926 0.46875 0.1432289074074074 0.4661460949074074 0.12369765509259259 0.55859375 0.0598960949074074 0.5611976550925926 0.0520835949074074 0.5377601550925926 0.0234375 0.5442710949074074 0.01171875 0.515625 0 0.5247398449074074 0 0.6263023449074074
1 0.6106773449074074 0.4752601550925926 0.4700523449074074 0.46875 0.3958335949074074 0.4778648449074074 0.3736976574074074 0.4778648449074074 0.3828125 0.5559898449074074 0.6145835949074074 0.49609375 0.6171875 0.48046875 0.6106773449074074 0.4752601550925926
1 0.9479164074074075 0.3046875 0.8815101574074075 0.3450523449074074 0.9140625 0.3880210949074074 0.9791664074074075 0.35546875 0.9479164074074075 0.3046875
1 0.0625 0.9791664074074075 0.0520835949074074 0.9609375 0.01953125 0.98046875 0.03255234490740741 0.99921875 0.0859375 0.99921875 0.09114609490740741 0.9739585949074074 0.0625 0.9791664074074075
1 0.1875 0.9635414074074075 0.1744789050925926 0.9192710949074074 0.1692710949074074 0.89453125 0.1666664050925926 0.91796875 0.1419273449074074 0.921875 0.13671875 0.92578125 0.1380210949074074 0.9544273449074074 0.1627601550925926 0.9622398449074074 0.1783851550925926 0.9856773449074074 0.1875 0.9635414074074075
1 0.7721351550925926 0.12239609490740741 0.7356773449074074 0.1432289074074074 0.75390625 0.19921875 0.8111976574074075 0.1536460949074074 0.7721351550925926 0.12239609490740741
3 0 0 0.0026039074074074076 0.5065101550925926 0.015625 0.5078125 0.03515625 0.5338539050925926 0.0546875 0.5221351550925926 0.06380234490740741 0.5494789050925926 0.12109375 0.5494789050925926 0.1510414050925926 0.4596351550925926 0.18359375 0.4557289050925926 0.171875 0.515625 0.20703125 0.5130210949074074 0.2682289074074074 0.46484375 0.28515625 0.5052085949074074 0.3450523449074074 0.48046875 0.3684898449074074 0.5338539050925926 0.37890625 0.5377601550925926 0.36328125 0.4765625 0.54296875 0.4583335949074074 0.6315101550925926 0.484375 0.66796875 0.4661460949074074 0.796875 0.4466148449074074 0.99921875 0.3763023449074074 0.8072914074074075 0.41015625 0.9244789074074075 0.2903648449074074 0.8346351574074075 0.1614585949074074 0.7994789050925926 0.1888023449074074 0.7395835949074074 0.1744789050925926 0.734375 0.1419273449074074 0.78125 0.11067734490740741 0.8059898449074074 0.1380210949074074 0.8450523449074074 0.14453125 0.9973960949074074 0.02473984490740741 0.9973960949074074 0 0 0
2 0.015625 0.4440101550925926 0.0234375 0.4817710949074074 0.0390625 0.51953125 0.07161484490740741 0.5299476550925926 0.10546875 0.5377601550925926 0.11979140509259259 0.4713539050925926 0.11848984490740741 0.4518226550925926 0.1354164050925926 0.4361976550925926 0.1731773449074074 0.43359375 0.1484375 0.3997398449074074 0.1458335949074074 0.3919273449074074 0.14453125 0.3828125 0.140625 0.3723960949074074 0.07552109490740741 0.40625 0.0598960949074074 0.42578125 0.0520835949074074 0.4518226550925926 0.015625 0.4440101550925926
2 0.484375 0.3658851574074074 0.4778648449074074 0.3880210949074074 0.4322914050925926 0.4283851550925926 0.3372398449074074 0.4075523449074074 0.3190101574074074 0.4244789050925926 0.3216148449074074 0.4440101550925926 0.4036460949074074 0.4544273449074074 0.5377601550925926 0.3997398449074074 0.5833335949074074 0.359375 0.5390625 0.2786460949074074 0.47265625 0.19140625 0.4427085949074074 0.11848984490740741 0.4010414050925926 0.1458335949074074 0.4348960949074074 0.20703125 0.4609375 0.2434898449074074 0.4817710949074074 0.33203125 0.484375 0.3658851574074074
2 0.19921875 0.8098960949074074 0.21875 0.81640625 0.24609375 0.8046875 0.2578125 0.7864585949074074 0.2604164074074074 0.7630210949074074 0.2578125 0.75 0.2200523449074074 0.7526039050925926 0.21875 0.7604164050925926 0.1875 0.78515625 0.19921875 0.8098960949074074
2 0.1901039050925926 0.78515625 0.1705726550925926 0.7643226550925926 0.1614585949074074 0.7916664050925926 0.1588539050925926 0.8072914074074075 0.14453125 0.81640625 0.1354164050925926 0.8111976574074075 0.1614585949074074 0.8463539074074075 0.1861976550925926 0.84375 0.203125 0.828125 0.1901039050925926 0.78515625
2 0.8059898449074074 0.69140625 0.7916664050925926 0.7096351550925926 0.76953125 0.7265625 0.7864585949074074 0.7239585949074074 0.82421875 0.7109375 0.8463539074074075 0.70703125 0.8919273449074074 0.7174476550925926 0.9075523449074074 0.6901039050925926 0.8763023449074074 0.6809898449074074 0.8619789074074075 0.6770835949074074 0.8736976574074075 0.6471351550925926 0.9127601574074075 0.61328125 0.93359375 0.59765625 0.9309898449074074 0.5872398449074074 0.8971351574074075 0.58984375 0.84765625 0.58984375 0.8463539074074075 0.58203125 0.8463539074074075 0.6171875 0.84375 0.6432289050925926 0.8268226574074075 0.6705726550925926 0.8059898449074074 0.69140625
0 0.4739585949074074 0.875 0.4375 0.87109375 0.4127601550925926 0.8854164074074075 0.4244789050925926 0.921875 0.4322914050925926 0.9674476574074075 0.4791664050925926 0.9453125 0.4765625 0.9440101574074075 0.4739585949074074 0.875
0 0.4856773449074074 0.8294273449074074 0.4869789050925926 0.85546875 0.5247398449074074 0.85546875 0.5520835949074074 0.8528648449074074 0.5963539050925926 0.8346351574074075 0.62109375 0.8606773449074074 0.625 0.8919273449074074 0.62890625 0.9153648449074074 0.63671875 0.9153648449074074 0.64453125 0.8997398449074074 0.6393226550925926 0.8736976574074075 0.63671875 0.84375 0.6354164050925926 0.8098960949074074 0.6341148449074074 0.78515625 0.5807289050925926 0.7981773449074074 0.5455726550925926 0.8098960949074074 0.51953125 0.8098960949074074 0.50390625 0.77734375 0.4895835949074074 0.7421875 0.4869789050925926 0.7317710949074074 0.49609375 0.7291664050925926 0.4778648449074074 0.7265625 0.4635414050925926 0.7356773449074074 0.4765625 0.77734375 0.4856773449074074 0.8294273449074074
0 0.6549476550925926 0.75390625 0.6796875 0.7630210949074074 0.6901039050925926 0.7552085949074074 0.6966148449074074 0.7408851550925926 0.6822914050925926 0.7291664050925926 0.6744789050925926 0.7135414050925926 0.6536460949074074 0.69921875 0.65234375 0.7161460949074074 0.6536460949074074 0.7447914050925926 0.6549476550925926 0.75390625
0 0.80859375 0.7981773449074074 0.8190101574074075 0.8515625 0.81640625 0.9140625 0.8385414074074075 0.921875 0.90625 0.9244789074074075 0.91796875 0.9244789074074075 0.9244789074074075 0.9166664074074075 0.8958335949074074 0.81640625 0.8854164074074075 0.7213539050925926 0.828125 0.7265625 0.8111976574074075 0.7317710949074074 0.8033851574074075 0.7591148449074074 0.80859375 0.7981773449074074
0 0.7278648449074074 0.6432289050925926 0.6875 0.6458335949074074 0.6904390486111112 0.6595489537037037 0.6979164050925926 0.6653648449074074 0.7578125 0.6614585949074074 0.78515625 0.6497398449074074 0.8268226574074075 0.6419273449074074 0.7838539050925926 0.625 0.7278648449074074 0.6432289050925926
3 0.74609375 0.7005210949074074 0.7643226550925926 0.72265625 0.7864585949074074 0.703125 0.8059898449074074 0.6783851550925926 0.8255210949074074 0.6549476550925926 0.8268226574074075 0.63671875 0.79296875 0.6484375 0.7513023449074074 0.65625 0.7200523449074074 0.6705726550925926 0.74609375 0.7005210949074074
3 0.11848984490740741 0.9661460949074074 0.1666664050925926 0.9830726574074075 0.1875 0.99921875 0.5286460949074074 0.99921875 0.7473960949074074 0.99921875 0.7825523449074074 0.9921875 0.765625 0.9453125 0.7018226550925926 0.9453125 0.6653648449074074 0.9466148449074074 0.5911460949074074 0.9622398449074074 0.5651039050925926 0.9739585949074074 0.4609375 0.9856773449074074 0.4075523449074074 0.9921875 0.37890625 0.90234375 0.3528648449074074 0.8151039074074075 0.3502601574074074 0.7278648449074074 0.2799476574074074 0.7408851550925926 0.2643226574074074 0.7942710949074074 0.2122398449074074 0.83203125 0.1432289074074074 0.859375 0.1328125 0.83984375 0.11197890509259259 0.7903648449074074 0.08854140509259259 0.76953125 0.0533851550925926 0.8151039074074075 0.08463515509259259 0.84375 0.109375 0.8802085949074074 0.09895859490740741 0.921875 0.0611976550925926 0.9348960949074074 0.014322655092592593 0.9427085949074074 0.02864609490740741 0.9661460949074074 0.07942734490740741 0.9674476574074075 0.11848984490740741 0.9661460949074074
3 0.6875 0.7057289050925926 0.671875 0.6927085949074074 0.6419273449074074 0.6796875 0.6223960949074074 0.68359375 0.6888023449074074 0.71875 0.7330726550925926 0.7447914050925926 0.7473960949074074 0.7955726550925926 0.7604164050925926 0.8307289074074075 0.7669273449074074 0.86328125 0.7669273449074074 0.90234375 0.763020863425926 0.916015550925926 0.7747398449074074 0.9296875 0.7916664050925926 0.8502601574074075 0.78515625 0.796875 0.76171875 0.7526039050925926 0.7239585949074074 0.7200523449074074 0.6875 0.7057289050925926
1 0.8307289074074075 0.9479164074074075 0.80859375 0.9856773449074074 0.8411460949074074 0.99921875 0.8893226574074075 0.9895835949074074 0.8307289074074075 0.9479164074074075
3 0.9947914074074075 0.6158851550925926 0.99921875 0.6380210949074074 0.99921875 0.6171875 0.9934898449074074 0.53515625 0.9791664074074075 0.5403648449074074 0.9739585949074074 0.5520835949074074 0.9895835949074074 0.5885414050925926 0.9947914074074075 0.6158851550925926
2 0.21875 0.6588539050925926 0.26171875 0.6263023449074074 0.2630210949074074 0.6171875 0.20703125 0.6041664050925926 0.1705726550925926 0.6158851550925926 0.1614585949074074 0.6497398449074074 0.21875 0.6588539050925926
2 0.3658851574074074 0.8502601574074075 0.3763023449074074 0.8919273449074074 0.38671875 0.9205726574074075 0.3932289074074074 0.9440101574074075 0.390625 0.9036460949074074 0.390625 0.8580726574074075 0.3880210949074074 0.7994789050925926 0.3736976574074074 0.72265625 0.3580726574074074 0.73046875 0.3567710949074074 0.7513023449074074 0.359375 0.7877601550925926 0.36328125 0.8216148449074074 0.3658851574074074 0.8502601574074075