1 0.234375 0.0078125 0.005208594907407407 0.0078125 0.018228905092592593 0.25 0.11197890509259259 0.2421875 0.09895859490740741 0.1588539050925926 0.2447914074074074 0.1536460949074074 0.234375 0.0078125
1 0.1432289074074074 0.1796875 0.15625 0.2369789074074074 0.2421875 0.2317710949074074 0.2369789074074074 0.1796875 0.1432289074074074 0.1796875
1 0.2630210949074074 0.2734375 0.015625 0.296875 0.018228905092592593 0.6067710949074074 0.2916664074074074 0.5651039050925926 0.2630210949074074 0.2734375
1 0.2864585949074074 0.005208594907407407 0.2916664074074074 0.0572914050925926 0.3723960949074074 0.0546875 0.3645835949074074 0.0026039074074074076 0.2864585949074074 0.005208594907407407
1 0.2916664074074074 0.109375 0.2994789074074074 0.1796875 0.3828125 0.171875 0.3776039074074074 0.10416640509259259 0.2916664074074074 0.109375
1 0.2994789074074074 0.6588539050925926 0.02864609490740741 0.6875 0.0520835949074074 0.9921875 0.3411460949074074 0.9973960949074074 0.2994789074074074 0.6588539050925926
1 0.4244789050925926 0.1432289074074074 0.4296875 0.1979164050925926 0.6875 0.1744789050925926 0.6666664050925926 0.005208594907407407 0.3958335949074074 0.013021094907407407 0.4114585949074074 0.10416640509259259 0.546875 0.09114609490740741 0.5442710949074074 0.1302085949074074 0.4244789050925926 0.1432289074074074
1 0.7213539050925926 0.0078125 0.7213539050925926 0.0546875 0.8489585949074074 0.0416664050925926 0.8359375 0.005208594907407407 0.7213539050925926 0.0078125
1 0.9270835949074074 0.005208594907407407 0.9270835949074074 0.03645859490740741 0.9973960949074074 0.02864609490740741 0.9947914074074075 0.005208594907407407 0.9270835949074074 0.005208594907407407
1 0.9973960949074074 0.0416664050925926 0.71875 0.0703125 0.7317710949074074 0.1770835949074074 0.9973960949074074 0.140625 0.9973960949074074 0.0416664050925926
1 0.9895835949074074 0.1822914050925926 0.7291664050925926 0.21875 0.7708335949074074 0.5442710949074074 0.9947914074074075 0.5104164050925926 0.9895835949074074 0.1822914050925926
1 0.9895835949074074 0.578125 0.7838539050925926 0.6015625 0.8411460949074074 0.9947914074074075 0.9947914074074075 0.9895835949074074 0.9895835949074074 0.578125
1 0.359375 0.6640625 0.3932289074074074 0.9895835949074074 0.7890625 0.9947914074074075 0.7317710949074074 0.6197914050925926 0.359375 0.6640625
1 0.453125 0.4427085949074074 0.4505210949074074 0.4010414050925926 0.4817710949074074 0.3671875 0.46875 0.2682289074074074 0.3125 0.2786460949074074 0.34375 0.5677085949074074 0.4895835949074074 0.5651039050925926 0.4895835949074074 0.5026039050925926 0.453125 0.4427085949074074
1 0.484375 0.2604164074074074 0.4921875 0.3671875 0.5416664050925926 0.390625 0.5442710949074074 0.4375 0.5026039050925926 0.5026039050925926 0.5052085949074074 0.5546875 0.71875 0.53125 0.6875 0.234375 0.484375 0.2604164074074074
2 0.296875 0.59375 0.015625 0.6197914050925926 0.013021094907407407 0.6770835949074074 0.296875 0.640625 0.296875 0.59375
2 0.046875 0.9921875 0.015625 0.6875 0.0078125 0.7083335949074074 0.010416407407407409 0.9947914074074075 0.046875 0.9921875
2 0.71875 0.5494789050925926 0.3541664074074074 0.59375 0.3567710949074074 0.6432289050925926 0.7239585949074074 0.5911460949074074 0.71875 0.5494789050925926
2 0.78125 0.5546875 0.7890625 0.5859375 0.984375 0.5598960949074074 0.9739585949074074 0.5234375 0.78125 0.5546875
2 0.7526039050925926 0.6145835949074074 0.7786460949074074 0.8151039074074075 0.8072914074074075 0.8151039074074075 0.7682289050925926 0.625 0.7526039050925926 0.6145835949074074