2 0 0.99921875 0.5755210949074074 0.99921875 0.5677085949074074 0.96484375 0.546875 0.9427085949074074 0.4921875 0.8958335949074074 0.5104164050925926 0.83203125 0.4205726550925926 0.80859375 0.3541664074074074 0.7630210949074074 0.3111976574074074 0.71875 0.2005210949074074 0.6848960949074074 0 0.625 0 0.99921875
2 0.7630210949074074 0.6067710949074074 0.7395835949074074 0.6510414050925926 0.7291664050925926 0.66015625 0.6796875 0.64453125 0.64453125 0.7200523449074074 0.6341148449074074 0.7552085949074074 0.6276039050925926 0.76953125 0.5638023449074074 0.7447914050925926 0.5234375 0.8098960949074074 0.79296875 0.8515625 0.9010414074074075 0.86328125 0.9973960949074074 0.8971351574074075 0.99921875 0.6861976550925926 0.9622398449074074 0.68359375 0.9114585949074074 0.64453125 0.8411460949074074 0.6458335949074074 0.8059898449074074 0.6471351550925926 0.7630210949074074 0.6067710949074074
1 0.9609375 0.8411460949074074 0.9388023449074074 0.8177085949074074 0.9231773449074074 0.8033851574074075 0.921875 0.8385414074074075 0.9270835949074074 0.8489585949074074 0.9609375 0.8515625 0.9609375 0.8411460949074074
1 0.1263023449074074 0.7135414050925926 0.140625 0.6744789050925926 0.11458359490740741 0.6627601550925926 0.10286484490740741 0.6953125 0.11458359490740741 0.7057289050925926 0.12109375 0.70703125 0.1263023449074074 0.7135414050925926
1 0.6432289050925926 0.7447914050925926 0.6315101550925926 0.71875 0.5924476550925926 0.6966148449074074 0.5755210949074074 0.7317710949074074 0.6106773449074074 0.73828125 0.6354164050925926 0.7447914050925926 0.6432289050925926 0.7447914050925926
2 0.1783851550925926 0.6640625 0.2005210949074074 0.6588539050925926 0.1979164050925926 0.625 0.1888023449074074 0.5703125 0.1809898449074074 0.5260414050925926 0.1666664050925926 0.5091148449074074 0.125 0.5221351550925926 0.10677109490740741 0.5091148449074074 0.07942734490740741 0.49609375 0.0559898449074074 0.4895835949074074 0.0390625 0.4895835949074074 0.016927344907407407 0.4830726550925926 0.009114844907407407 0.4791664050925926 0 0.4739585949074074 0.010416407407407409 0.60546875 0.0546875 0.625 0.10807265509259259 0.6432289050925926 0.140625 0.6510414050925926 0.1783851550925926 0.6640625
2 0.3515625 0.72265625 0.4205726550925926 0.75 0.453125 0.7864585949074074 0.4765625 0.7877601550925926 0.5143226550925926 0.7591148449074074 0.5234375 0.7526039050925926 0.5546875 0.7356773449074074 0.5703125 0.7239585949074074 0.55859375 0.7135414050925926 0.58203125 0.6940101550925926 0.6041664050925926 0.6927085949074074 0.6458335949074074 0.6861976550925926 0.6223960949074074 0.6458335949074074 0.5950523449074074 0.6145835949074074 0.58984375 0.6158851550925926 0.51171875 0.64453125 0.4153648449074074 0.6536460949074074 0.3216148449074074 0.68359375 0.3515625 0.72265625
2 0 0.1614585949074074 0.06640625 0.16796875 0.1419273449074074 0.1783851550925926 0.1861976550925926 0.2044273449074074 0.2252601574074074 0.2083335949074074 0.3815101574074074 0.1822914050925926 0.515625 0.1419273449074074 0.6497398449074074 0.2265625 0.734375 0.30078125 0.7981773449074074 0.3502601574074074 0.8567710949074074 0.3919273449074074 0.8932289074074075 0.390625 0.85546875 0.2981773449074074 0.8151039074074075 0.10546875 0.71484375 0.12239609490740741 0.6783851550925926 0.0013023449074074074 0 0 0 0.1614585949074074
2 0.8528648449074074 0.1953125 0.8684898449074074 0.2799476574074074 0.9140625 0.3450523449074074 0.93359375 0.3684898449074074 0.94921875 0.3841148449074074 0.9739585949074074 0.3802085949074074 0.99921875 0.3567710949074074 0.99921875 0.010416407407407409 0.9895835949074074 0.0013023449074074074 0.95703125 0.0078125 0.94921875 0.010416407407407409 0.89453125 0.0533851550925926 0.8580726574074075 0.08854140509259259 0.8515625 0.12369765509259259 0.8528648449074074 0.1953125
2 0.8984375 0.8984375 0.78125 0.8841148449074074 0.78125 0.91796875 0.80078125 0.9596351574074075 0.7799476550925926 0.9609375 0.7395835949074074 0.96875 0.734375 0.9440101574074075 0.7291664050925926 0.91015625 0.7122398449074074 0.9153648449074074 0.6940101550925926 0.92578125 0.6653648449074074 0.953125 0.66015625 0.9817710949074074 0.6627601550925926 0.9934898449074074 0.99921875 0.99921875 0.99921875 0.91015625 0.8984375 0.8984375
1 0.73828125 0.59375 0.7252601550925926 0.5807289050925926 0.6067710949074074 0.5481773449074074 0.59765625 0.5950523449074074 0.7109375 0.6276039050925926 0.7317710949074074 0.6171875 0.73828125 0.59375
1 0.19921875 0.51171875 0.1940101550925926 0.5364585949074074 0.2174476574074074 0.5377601550925926 0.2200523449074074 0.5130210949074074 0.19921875 0.51171875
1 0.9973960949074074 0.6770835949074074 0.99921875 0.5963539050925926 0.9609375 0.5833335949074074 0.9479164074074075 0.6588539050925926 0.9973960949074074 0.6770835949074074
1 0 0.3059898449074074 0.10807265509259259 0.33984375 0.21484375 0.3333335949074074 0.2330726574074074 0.3072914074074074 0 0.2330726574074074 0 0.2421875 0 0.3059898449074074
1 0.2526039074074074 0.3802085949074074 0.26953125 0.4322914050925926 0.2955726574074074 0.45703125 0.33203125 0.46484375 0.40625 0.46875 0.4817710949074074 0.48046875 0.5729164050925926 0.5052085949074074 0.6145835949074074 0.5169273449074074 0.6510414050925926 0.5299476550925926 0.67578125 0.5442710949074074 0.7161460949074074 0.5559898449074074 0.7786460949074074 0.578125 0.8033851574074075 0.5950523449074074 0.8828125 0.6419273449074074 0.9934898449074074 0.6653648449074074 0.99921875 0.6653648449074074 0.9908851574074075 0.5833335949074074 0.9166664074074075 0.57421875 0.796875 0.5234375 0.7955726550925926 0.5208335949074074 0.7682289050925926 0.5572914050925926 0.72265625 0.5182289050925926 0.7395835949074074 0.4921875 0.7747398449074074 0.4791664050925926 0.80859375 0.5130210949074074 0.8385414074074075 0.52734375 0.8541664074074075 0.5325523449074074 0.8919273449074074 0.546875 0.8958335949074074 0.5377601550925926 0.9166664074074075 0.5091148449074074 0.9401039074074075 0.5169273449074074 0.9309898449074074 0.5598960949074074 0.9765625 0.5716148449074074 0.9830726574074075 0.51953125 0.96875 0.5052085949074074 0.9205726574074075 0.4817710949074074 0.8971351574074075 0.4661460949074074 0.8567710949074074 0.4869789050925926 0.87109375 0.4596351550925926 0.9114585949074074 0.4231773449074074 0.92578125 0.3919273449074074 0.9153648449074074 0.3854164074074074 0.8567710949074074 0.4296875 0.8072914074074075 0.4088539050925926 0.8098960949074074 0.3997398449074074 0.80078125 0.38671875 0.7721351550925926 0.3854164074074074 0.7591148449074074 0.35546875 0.6861976550925926 0.2760414074074074 0.6575523449074074 0.24609375 0.6341148449074074 0.2447914074074074 0.60546875 0.2239585949074074 0.60546875 0.2044273449074074 0.5989585949074074 0.1979164050925926 0.5325523449074074 0.1927085949074074 0.4674476550925926 0.1848960949074074 0.39453125 0.2018226574074074 0.3125 0.23046875 0.3111976574074074 0.2434898449074074 0.2708335949074074 0.2630210949074074 0.2486976574074074 0.3177085949074074 0.2486976574074074 0.3411460949074074 0.2526039074074074 0.3802085949074074
1 0.1171875 0.24609375 0.12109375 0.2018226574074074 0.10026015509259259 0.1901039050925926 0.09114609490740741 0.1809898449074074 0.06640625 0.1783851550925926 0.0520835949074074 0.1770835949074074 0.05859375 0.1979164050925926 0.0559898449074074 0.1953125 0.0481773449074074 0.2239585949074074 0.0611976550925926 0.2408851574074074 0.10546875 0.2421875 0.1171875 0.24609375
1 0.3385414074074074 0.5638023449074074 0.34375 0.5677085949074074 0.3697914074074074 0.5611976550925926 0.3580726574074074 0.5234375 0.3216148449074074 0.5286460949074074 0.3203125 0.5390625 0.3255210949074074 0.5494789050925926 0.3385414074074074 0.5638023449074074
1 0.4205726550925926 0.5390625 0.4153648449074074 0.5169273449074074 0.3932289074074074 0.5221351550925926 0.3932289074074074 0.5533851550925926 0.4036460949074074 0.55859375 0.4192710949074074 0.5598960949074074 0.4205726550925926 0.5390625
1 0.4700523449074074 0.5403648449074074 0.5052085949074074 0.53515625 0.4908851550925926 0.5130210949074074 0.4635414050925926 0.5078125 0.4700523449074074 0.5403648449074074
1 0.2109375 0.2330726574074074 0.1927085949074074 0.2200523449074074 0.1614585949074074 0.2213539074074074 0.1549476550925926 0.20703125 0.1640625 0.1927085949074074 0.1419273449074074 0.1901039050925926 0.1302085949074074 0.2018226574074074 0.13115284953703704 0.2020925115740741 0.1276039050925926 0.2044273449074074 0.1328125 0.2486976574074074 0.1419273449074074 0.2630210949074074 0.1927085949074074 0.2734375 0.2057289074074074 0.2747398449074074 0.2109375 0.2330726574074074
1 0.86734375 0.08203125 0.8569273425925926 0.0611976550925926 0.8465101550925925 0.05859375 0.8386976550925925 0.09895859490740741 0.8426039050925925 0.09765625 0.86734375 0.08203125
1 0.8413023425925926 0 0.8413023425925926 0.016927344907407407 0.8790625 0.005208594907407407 0.8647398425925926 0 0.8413023425925926 0
3 0.43244765740740737 0.6471351550925926 0.48973984259259257 0.6393226550925926 0.5678648425925926 0.6184898449074074 0.5457289074074074 0.6002601550925926 0.5405210925925926 0.5846351550925926 0.5275 0.54296875 0.49104140740740737 0.5533851550925926 0.45328124999999997 0.5677085949074074 0.3491148449074074 0.5729164050925926 0.3061460949074074 0.54296875 0.2488539074074074 0.5143226550925926 0.1889585925925926 0.55078125 0.20328125 0.6041664050925926 0.19689800231481483 0.6590647777777777 0.2553648449074074 0.6809898449074074 0.29963515740740737 0.69140625 0.32307265740740737 0.67578125 0.3530210949074074 0.66015625 0.40380234259259257 0.6471351550925926 0.43244765740740737 0.6471351550925926
2 0.40249999999999997 0.6223960949074074 0.43374999999999997 0.6223960949074074 0.45458359259259257 0.6223960949074074 0.5509375 0.6145835949074074 0.53921875 0.6002601550925926 0.5327085925925926 0.5690101550925926 0.5183851574074074 0.5638023449074074 0.49494765740740737 0.56640625 0.41552109259259257 0.578125 0.37906249999999997 0.5794273449074074 0.33609374999999997 0.578125 0.33479140740740737 0.5703125 0.3295835949074074 0.59765625 0.3413023449074074 0.6119789050925926 0.37385390740740737 0.62109375 0.40249999999999997 0.6223960949074074
2 0.03791640740740741 0.4114585949074074 0.0834898449074074 0.4140625 0.10953125000000001 0.4388023449074074 0.13296875 0.4700523449074074 0.2280210949074074 0.5130210949074074 0.27749999999999997 0.5026039050925926 0.3100523449074074 0.4986976550925926 0.3413023449074074 0.4700523449074074 0.2709898449074074 0.4479164050925926 0.230625 0.4049476550925926 0.2371351574074074 0.37109375 0.24234375 0.3411460949074074 0.2228125 0.3333335949074074 0.1824476550925926 0.34765625 0.1498960925925926 0.3489585949074074 0.08088515740740741 0.33984375 0.056146094907407414 0.33203125 0.03921875 0.3229164074074074 0.024896094907407407 0.3177085949074074 0.0027601574074074074 0.3424476574074074 0.00015625 0.3763023449074074 0.017083594907407407 0.4049476550925926 0.03791640740740741 0.4114585949074074
0 0.21109375 0.2786460949074074 0.2293226574074074 0.2994789074074074 0.2410414074074074 0.2916664074074074 0.2709898449074074 0.24609375 0.28140624999999997 0.21484375 0.288567849537037 0.21158854861111112 0.2436460949074074 0.1966148449074074 0.2293226574074074 0.19921875 0.2176039074074074 0.2317710949074074 0.2071875 0.2565101574074074 0.199375 0.2877601574074074 0.21109375 0.2786460949074074
1 0.014478907407407407 0.4791664050925926 0.032708592592592595 0.4895835949074074 0.07437500000000001 0.5013023449074074 0.09651015740740741 0.5052085949074074 0.12515625 0.5078125 0.1433851574074074 0.5 0.13296875 0.4934898449074074 0.1069273449074074 0.4817710949074074 0.05744765740740741 0.4700523449074074 0.04703125 0.4505210949074074 0.032708592592592595 0.4361976550925926 0.005364844907407408 0.42578125 0 0.453125 0.005364844907407408 0.4713539050925926 0.014478907407407407 0.4791664050925926
0 0.7241148425925926 0.11458359490740741 0.7853125 0.10416640509259259 0.80484375 0.09635390509259259 0.7775 0 0.6941664074074074 0.005208594907407407 0.6811460925925926 0.00390625 0.7202085925925926 0.10026015509259259 0.7241148425925926 0.11458359490740741
0 0.93375 0.4817710949074074 0.965 0.4986976550925926 0.9884375 0.515625 0.99234375 0.5169273449074074 0.99921875 0.4973960949074074 0.99921875 0.4270835949074074 0.9988539050925925 0.3684898449074074 0.9741148425925926 0.3841148449074074 0.9663023425925926 0.390625 0.9207289050925925 0.4140625 0.8855726550925925 0.4583335949074074 0.8738539050925925 0.46875 0.8959898425925926 0.4661460949074074 0.93375 0.4817710949074074
0 0.38166640740740737 0.5026039050925926 0.40640624999999997 0.50390625 0.40901015740740737 0.4817710949074074 0.41031249999999997 0.4817710949074074 0.3530210949074074 0.4752601550925926 0.31916640740740737 0.4869789050925926 0.31916640740740737 0.4973960949074074 0.38166640740740737 0.5026039050925926
3 0.5756773425925926 0.9505210949074074 0.5978125 0.99609375 0.5991148425925926 0.9986976574074075 0.6394789050925925 0.9934898449074074 0.6472914050925925 0.9674476574074075 0.6629164074074074 0.9270835949074074 0.73453125 0.90234375 0.7436460925925926 0.9518226574074075 0.7827085925925926 0.9453125 0.7866148425925926 0.875 0.6147398425925926 0.8541664074074075 0.5600523425925926 0.8515625 0.51578125 0.8333335949074074 0.511875 0.8658851574074075 0.49885390740740737 0.890625 0.5509375 0.9283851574074075 0.5756773425925926 0.9505210949074074
3 0.5196875 0.53515625 0.5483335925925926 0.5625 0.5678648425925926 0.5989585949074074 0.5886976574074074 0.609375 0.61734375 0.6197914050925926 0.6707289074074074 0.6458335949074074 0.7280210925925926 0.6510414050925926 0.7475523425925926 0.6341148449074074 0.74625 0.5846351550925926 0.7293226574074074 0.62109375 0.7071875 0.6354164050925926 0.6733335925925926 0.6341148449074074 0.6342710925925926 0.6119789050925926 0.5952085925925926 0.5963539050925926 0.5821875 0.58203125 0.5952085925925926 0.5625 0.605625 0.54296875 0.574375 0.5143226550925926 0.54703125 0.515625 0.5170835925925926 0.51171875 0.48713515740740737 0.5234375 0.5196875 0.53515625
2 0.8959898425925926 0 0.855625 0.016927344907407407 0.82828125 0.02864609490740741 0.8152601550925925 0.0494789050925926 0.82046875 0.05078125 0.8426039050925925 0.0455726550925926 0.8686460925925926 0.0442710949074074 0.8855726550925925 0.03645859490740741 0.90640625 0.0234375 0.9233335925925926 0.009114844907407407 0.9246351550925925 0.0078125 0.9311460925925926 0 0.8959898425925926 0