1 0.4114585949074074 0.40234375 0.1302085949074074 0.44140625 0.12578124999999998 0.4578125 0.14609375 0.5921875 0.43359375 0.5520835949074074 0.4114585949074074 0.40234375
1 0.10859375 0.59765625 0.08984375 0.453125 0.0013023449074074074 0.4622398449074074 0.00078125 0.6109375 0.10859375 0.59765625
1 0.1341148449074074 0.8177085949074074 0.109375 0.62890625 0.0013023449074074074 0.6419273449074074 0.0013023449074074074 0.8346351574074075 0.1341148449074074 0.8177085949074074
1 0 0.9973960949074074 0.1575523449074074 0.99921875 0.1380210949074074 0.8528648449074074 0 0.8671875 0 0.9973960949074074
1 0.3671875 0.79296875 0.37890625 0.78125 0.4505210949074074 0.7109375 0.4322914050925926 0.5846351550925926 0.15625 0.62109375 0.146875 0.63828125 0.1765625 0.82109375 0.3671875 0.79296875
1 0.3424476574074074 0.8515625 0.3421875 0.81796875 0.1979164050925926 0.83984375 0.18359375 0.85859375 0.2 0.97578125 0.20234375 0.9953125 0.2125 0.99765625 0.3424476574074074 0.8515625
1 0.9088539074074075 0.99921875 0.9765625 0.99921875 0.99921875 0.9947914074074075 0.9908851574074075 0.9765625 0.7760414050925926 0.7473960949074074 0.703125 0.62109375 0.6859375 0.63046875 0.66015625 0.63671875 0.55703125 0.74296875 0.5375 0.7625 0.3463539074074074 0.9973960949074074 0.4192710949074074 0.99921875 0.665625 0.71015625 0.9088539074074075 0.99921875
1 0.5963539050925926 0.8489585949074074 0.47265625 0.9934898449074074 0.6848960949074074 0.99921875 0.6940101550925926 0.9244789074074075 0.5963539050925926 0.8489585949074074
1 0.72265625 0.9192710949074074 0.7109375 0.99921875 0.89453125 0.99921875 0.66796875 0.7630210949074074 0.6171875 0.8294273449074074 0.6484375 0.8684898449074074 0.6640625 0.8567710949074074 0.72265625 0.9192710949074074
1 0.6223960949074074 0.375 0.5364585949074074 0.38671875 0.5442710949074074 0.40625 0.5403648449074074 0.4309898449074074 0.5286460949074074 0.4505210949074074 0.51953125 0.4661460949074074 0.5026039050925926 0.4895835949074074 0.4947914050925926 0.5013023449074074 0.4856773449074074 0.4778648449074074 0.4700523449074074 0.4544273449074074 0.4583335949074074 0.4427085949074074 0.4713539050925926 0.5546875 0.6158851550925926 0.5377601550925926 0.6549476550925926 0.4895835949074074 0.6223960949074074 0.375
1 0.6640625 0.5755210949074074 0.5625 0.5794273449074074 0.5416664050925926 0.5807289050925926 0.54296875 0.5638023449074074 0.4778648449074074 0.5729164050925926 0.4830726550925926 0.671875 0.4986976550925926 0.6744789050925926 0.5989585949074074 0.6119789050925926 0.6640625 0.5755210949074074
1 0.7838539050925926 0.5182289050925926 0.8919273449074074 0.5611976550925926 0.9049476574074075 0.5494789050925926 0.9127601574074075 0.5559898449074074 0.91796875 0.5625 0.99921875 0.5520835949074074 0.99921875 0.0013023449074074074 0.78125 0.0013023449074074074 0.76953125 0.016927344907407407 0.52734375 0.2005210949074074 0.7526039050925926 0.2903648449074074 0.7838539050925926 0.5182289050925926
1 0 0.4192710949074074 0.53125 0.3567710949074074 0.5052085949074074 0.13671875 0 0.2005210949074074 0 0.4192710949074074
0 0.7690101574074073 0.5794273449074074 0.8822914074074073 0.7317710949074074 0.921875 0.7747398449074074 0.9447914074074073 0.7486976550925926 0.9877601574074073 0.79296875 0.99921875 0.8151039074074075 0.99921875 0.55859375 0.9213539074074073 0.5651039050925926 0.90703125 0.5520835949074074 0.8979164074074073 0.55078125 0.8888023425925925 0.5638023449074074 0.7846351574074073 0.51171875 0.7546875 0.2890625 0.6453125 0.25 0.5625 0.21484375 0.578125 0.2786460949074074 0.6549476550925926 0.3059898449074074 0.6791664074074073 0.3489585949074074 0.71953125 0.3528648449074074 0.7364585949074074 0.49609375 0.7690101574074073 0.5794273449074074
0 0 0 0 0.1393226574074074 0.52734375 0.05859375 0.5690101550925926 0.06640625 0.6080726550925926 0.09895859490740741 0.625 0.11848984490740741 0.7721351550925926 0.01171875 0.7760414050925926 0 0 0
0 0.6328125 0.5677085949074074 0.6783851550925926 0.5677085949074074 0.6588539050925926 0.4973960949074074 0.6171875 0.5403648449074074 0.5416664050925926 0.55078125 0.5455726550925926 0.5755210949074074 0.6328125 0.5677085949074074