1 0.284375 0.7375 0.3265625 0.76875 0.4375 0.61796875 0.31640625 0.5338539050925926 0.24609375 0.63671875 0.22578125 0.621875 0.28984375 0.53125 0.1625 0.44765625 0.06901015509259259 0.5690101550925926 0.06901015509259259 0.58984375 0.28125 0.73125 0.284375 0.7375
1 0.4309898449074074 0.8294273449074074 0.5481773449074074 0.90234375 0.7421875 0.484375 0.6783851550925926 0.4544273449074074 0.4309898449074074 0.8294273449074074
1 0.9583335949074074 0.3541664074074074 0.8229164074074075 0.2552085949074074 0.7252601550925926 0.4114585949074074 0.8645835949074074 0.50390625 0.9583335949074074 0.3541664074074074
1 0.9986976574074075 0.453125 0.9544273449074074 0.43359375 0.8971351574074075 0.5325523449074074 0.99921875 0.59375 0.9986976574074075 0.453125
1 0.7578125 0.8385414074074075 0.8411460949074074 0.6276039050925926 0.8255210949074074 0.6223960949074074 0.8307289074074075 0.6015625 0.765625 0.5546875 0.73828125 0.6184898449074074 0.7708335949074074 0.6380210949074074 0.6940101550925926 0.8138023449074074 0.7578125 0.8385414074074075
1 0.9973960949074074 0.7786460949074074 0.99921875 0.6901039050925926 0.87109375 0.61328125 0.84765625 0.6575523449074074 0.84375 0.6888023449074074 0.9973960949074074 0.7786460949074074
1 0.53125 0.3815101574074074 0.5481773449074074 0.41796875 0.54296875 0.4440101550925926 0.5533851550925926 0.4557289050925926 0.7356773449074074 0.19140625 0.66015625 0.140625 0.6315101550925926 0.1783851550925926 0.6614585949074074 0.1966148449074074 0.53125 0.3815101574074074
1 0.4921875 0.21484375 0.4440101550925926 0.1875 0.3971351574074074 0.2604164074074074 0.4427085949074074 0.2916664074074074 0.4921875 0.21484375
1 0.3229164074074074 0.39453125 0.3671875 0.42578125 0.4440101550925926 0.3046875 0.4005210949074074 0.2739585925925926 0.3916664074074074 0.28281249999999997 0.3203125 0.3885414074074074 0.3229164074074074 0.39453125
1 0.12369765509259259 0.11197890509259259 0.06640625 0.1966148449074074 0.0481773449074074 0.1888023449074074 0.03515625 0.2096351574074074 0.09375 0.2369789074074074 0.2434898449074074 0.0026039074074074076 0.17578125 0.005208594907407407 0.1328125 0.07291640509259259 0.12239609490740741 0.06901015509259259 0.109375 0.09505234490740741 0.12369765509259259 0.11197890509259259
1 0.1994789074074074 0.2453125 0.2171875 0.2565101574074074 0.2260414074074074 0.24427109259259258 0.20677109490740742 0.23229140740740742 0.24427109259259258 0.171875 0.2614578125 0.18359375 0.2739585925925926 0.165625 0.3057289074074074 0.1885414074074074 0.3213539074074074 0.1705726550925926 0.3114585949074074 0.1614585949074074 0.315625 0.1578125 0.27447890740740744 0.12864609490740742 0.2979164074074074 0.0859375 0.3434890625 0.11588515509259259 0.3591140625 0.08854140509259259 0.27057265740740744 0.03645859490740741 0.03229140740740741 0.4049476550925926 0.0765625 0.44140625 0.1994789074074074 0.2453125
1 0.3046875 0.0013023449074074074 0.2838539074074074 0.03645859490740741 0.3125 0.0533851550925926 0.3463539074074074 0.006510157407407407 0.3046875 0.0013023449074074074
1 0.190625 0.4296875 0.2135414074074074 0.3971351574074074 0.1653648449074074 0.359375 0.1 0.453125 0.1328125 0.4713539050925926 0.1734375 0.4203125 0.190625 0.4296875
1 0.3762015625 0.236178125 0.42265625 0.1697921875 0.3640625 0.12812500000000002 0.3149039074074074 0.1965140625 0.3209132824074074 0.201321875 0.3233171875 0.1977164074074074 0.3762015625 0.236178125
1 0.7447914050925926 0.08072890509259259 0.5963539050925926 0 0.5755210949074074 0.02604140509259259 0.7734375 0.1536460949074074 0.8177085949074074 0.078125 0.7708335949074074 0.0416664050925926 0.7447914050925926 0.08072890509259259
1 0.8059898449074074 0 0.7877601550925926 0.02864609490740741 0.7526039050925926 0.006510157407407407 0.7513023449074074 0.0078125 0.734375 0.0234375 0.8177085949074074 0.07421875 0.87109375 0 0.8059898449074074 0
1 0.6484375 0.9765625 0.6861976550925926 0.9361976574074075 0.6692710949074074 0.9205726574074075 0.6744789050925926 0.8997398449074074 0.6875 0.8958335949074074 0.7096351550925926 0.8515625 0.6484375 0.8111976574074075 0.5950523449074074 0.9388023449074074 0.6484375 0.9765625
1 0.7864585949074074 0.99921875 0.7903648449074074 0.9890625 0.76953125 0.9747398425925925 0.7838539050925926 0.9395835925925925 0.7552085949074074 0.9291664074074073 0.7356773449074074 0.9630210925925925 0.6901039050925926 0.9369789074074073 0.6549476550925926 0.9791664074074075 0.7135414050925926 0.99921875 0.7864585949074074 0.99921875
1 0.3057289074074074 0.384375 0.3255210949074074 0.359375 0.2453125 0.3067710949074074 0.2291664074074074 0.33125 0.2161460949074074 0.3244789074074074 0.1770835949074074 0.2994789074074074 0.16015625 0.3268226574074074 0.2330726574074074 0.3671875 0.25 0.346875 0.2578125 0.34765625 0.3057289074074074 0.384375
1 0.07291640509259259 0.07942734490740741 0.018228905092592593 0.1575523449074074 0.0559898449074074 0.171875 0.1015625 0.09375 0.07291640509259259 0.07942734490740741
1 0.16796875 0.8326820324074075 0.177734375 0.8216148449074074 0.177734375 0.8131507824074075 0.1888023449074074 0.7942710949074074 0.23046875 0.8098960949074074 0.2024742199074074 0.8587242199074074 0.2330726574074074 0.8828125 0.2395835949074074 0.884765625 0.298828125 0.798828125 0.1803382800925926 0.7154945300925926 0.1725257800925926 0.7213539050925926 0.10872421990740741 0.6770835949074074 0.07942734490740741 0.7174476550925926 0.080078125 0.7252601550925926 0.0377601550925926 0.7975257800925926 0.0397132800925926 0.8046875 0.03450546990740741 0.8157554699074074 0.11328125 0.8658851574074075 0.1334632800925926 0.87890625 0.16796875 0.8326820324074075
1 0.9921875 0.0234375 0.8567710949074074 0.2109375 0.9947914074074075 0.3177085949074074 0.99921875 0.2864585949074074 0.9921875 0.0234375
1 0.86328125 0.9986976574074075 0.9231773449074074 0.99921875 0.9830726574074075 0.9283851574074075 0.9453125 0.9049476574074075 0.9986976574074075 0.8138023449074074 0.8932289074074075 0.7552085949074074 0.8020835949074074 0.8854164074074075 0.8932289074074075 0.9440101574074075 0.86328125 0.9986976574074075
1 0.40234375 0.8671875 0.3059898449074074 0.9973960949074074 0.4830726550925926 0.99921875 0.5182289050925926 0.95703125 0.40234375 0.8671875
1 0 0.9140625 0.0403648449074074 0.8548179699074074 0.041015625 0.83984375 0 0.8098960949074074 0 0.9140625
1 0 0.99921875 0.1614585949074074 0.99921875 0.23828125 0.8880210949074074 0.1901039050925926 0.859375 0.1640625 0.90234375 0.08919296990740741 0.8509117199074074 0.08658828009259259 0.8580726574074075 0.060546875 0.8444007824074075 0.0416664050925926 0.8736976574074075 0.0611976550925926 0.8873695324074075 0.0397132800925926 0.919921875 0.01953125 0.9075523449074074 0 0.9309898449074074 0 0.99921875
0 0.8541664074074075 0.2018226574074074 0.7799476550925926 0.1497398449074074 0.7252601550925926 0.2161460949074074 0.80859375 0.2721351574074074 0.8541664074074075 0.2018226574074074
2 0.36328125 0.01953125 0.3372398449074074 0.03255234490740741 0.3294273449074074 0.0611976550925926 0.35546875 0.08723984490740741 0.3854164074074074 0.09244765509259259 0.4010414050925926 0.08333359490740741 0.4049476550925926 0.0546875 0.3841148449074074 0.02734375 0.36328125 0.01953125
2 0.4789664074074074 0.1616585949074074 0.4987984375 0.1742789074074074 0.529446875 0.1965140625 0.5396632824074074 0.2001203125 0.5516828125000001 0.17908671990740743 0.5661054699074074 0.162259375 0.5044070324074075 0.12109375 0.4751421875 0.102628125 0.467684375 0.0866476574074074 0.45525546990740745 0.07741484490740741 0.4350140625 0.10404843750000001 0.4679492199074074 0.12890625 0.4601367199074074 0.1471351574074074 0.4789664074074074 0.1616585949074074
2 0.3828125 0.2747398449074074 0.3932289074074074 0.26953125 0.41796875 0.2213539074074074 0.4440101550925926 0.19140625 0.4231773449074074 0.1822914050925926 0.3828125 0.2369789074074074 0.3567710949074074 0.2513023449074074 0.3619789074074074 0.2669273449074074 0.3828125 0.2747398449074074
2 0.07291640509259259 0.06380234490740741 0.09114609490740741 0.0442710949074074 0.0494789050925926 0.013021094907407407 0.046875 0.014322655092592593 0.02734375 0.03385390509259259 0.07291640509259259 0.06380234490740741
2 0.7961648449074075 0.5681820324074074 0.8061078125000001 0.5639203125 0.815340625 0.5767046875 0.8224429699074074 0.5894882824074075 0.8401992199074074 0.6029828125000001 0.8372398449074074 0.6184898449074074 0.8541664074074075 0.6302085949074074 0.8723960949074074 0.6041664050925926 0.9973960949074074 0.67578125 0.99921875 0.6510414050925926 0.963778125 0.6242898449074075 0.934659375 0.6100851574074073 0.9055398449074075 0.598721875 0.893465625 0.5901992199074074 0.8785507824074074 0.5767046875 0.8515625 0.5667617199074074 0.8423296874999999 0.5589492199074074 0.8359375 0.5454546875 0.8238632824074074 0.5319601574074074 0.809659375 0.5326703125 0.7911929699074074 0.5326703125 0.7798296874999999 0.5376421875 0.7663351574074073 0.5461648449074074 0.7713070324074074 0.5539773449074074 0.78125 0.5639203125 0.7961648449074075 0.5681820324074074
2 0.7578125 0.8394882824074074 0.8125 0.8664773449074075 0.8854164074074075 0.75 0.8815101574074075 0.72265625 0.8216148449074074 0.69140625 0.8089492199074074 0.7123578125000001 0.7876421874999999 0.7642046874999999 0.770596875 0.809659375 0.7578125 0.8394882824074074
2 0.8082382824074074 0.9666195300925926 0.79296875 0.9778648449074074 0.8216148449074074 0.9973960949074074 0.8338070300925926 0.9936078125000001 0.854403125 0.973721875 0.870028125 0.948153125 0.859375 0.9318179699074074 0.84375 0.9283851574074075 0.8302554699074074 0.9339492199074074 0.8167617199074074 0.9467328125000001 0.8082382824074074 0.9666195300925926
3 0.07161484490740741 0.7278648449074074 0.005208594907407407 0.68359375 0 0.79296875 0.015625 0.8059898449074074 0.07161484490740741 0.7278648449074074
0 0.20703125 0.4515625 0.2200523449074074 0.4752601550925926 0.296875 0.5221351550925926 0.44140625 0.6197914050925926 0.4986976550925926 0.5364585949074074 0.3020835949074074 0.40625 0.3125 0.3919273449074074 0.2864585949074074 0.3763023449074074 0.26015625000000003 0.36328125 0.23515625 0.36796875 0.2109375 0.3984375 0.19765625 0.42734375 0.20703125 0.4515625
3 0.2125 0.2661460925925926 0.2171875 0.25625000000000003 0.1979164050925926 0.246875 0.171875 0.2921875 0.2239585949074074 0.3270835949074074 0.24791640740740742 0.28750000000000003 0.2125 0.2661460925925926
0 0.405184375 0.07954531249999999 0.43430390740740743 0.10227265509259259 0.4545453125 0.07670468750000001 0.4506390625 0.0699570324074074 0.44957421990740737 0.0649859375 0.43963046990740745 0.0532671875 0.4204546875 0.040128124999999994 0.41441796990740737 0.0486507824074074 0.40163359490740735 0.0688921875 0.4087359375 0.0745742175925926 0.405184375 0.07954531249999999
0 0.2979164074074074 0.08958359490740742 0.27499999999999997 0.12916640740740742 0.33125 0.1692710949074074 0.3572914074074074 0.12916640740740742 0.2979164074074074 0.08958359490740742
1 0.5817304699074074 0.212740625 0.4830726550925926 0.3580726574074074 0.5260414050925926 0.3776039074074074 0.6225960949074074 0.2463945300925926 0.5817304699074074 0.212740625
3 0.4583335949074074 0.37890625 0.4321289074074074 0.3393554675925926 0.40234375 0.3958335949074074 0.43359375 0.41796875 0.4583335949074074 0.37890625
1 0.7994789050925926 0.9114585949074074 0.7161460949074074 0.8528648449074074 0.6927085949074074 0.8958335949074074 0.74609375 0.921875 0.7799476550925926 0.93359375 0.7994789050925926 0.9114585949074074
0 0.3802085949074074 0.88671875 0.42578125 0.8216148449074074 0.3528648449074074 0.7747398449074074 0.3216148449074074 0.7747398449074074 0.2903648449074074 0.8268226574074075 0.3802085949074074 0.88671875
0 0.76171875 0.6419273449074074 0.7265625 0.625 0.6549476550925926 0.7903648449074074 0.6861976550925926 0.80859375 0.76171875 0.6419273449074074
1 0 0.5403648449074074 0.0611976550925926 0.5807289050925926 0.09765625 0.5260414050925926 0.0572914050925926 0.49609375 0.09114609490740741 0.4518226550925926 0.030252666666666667 0.41702705092592596 0 0.4674476550925926 0 0.5403648449074074
1 0 0.3736976574074074 0.08333359490740741 0.2486976574074074 0 0.2057289074074074 0 0.3736976574074074
1 0.2760414074074074 0.171875 0.2122398449074074 0.2643226574074074 0.2486976574074074 0.2864585949074074 0.3111976574074074 0.1966148449074074 0.2760414074074074 0.171875
2 0.2539101574074074 0.1901015625 0.2252617199074074 0.1901015625 0.2252617199074074 0.2174453125 0.2539101574074074 0.2174453125 0.2539101574074074 0.1901015625
2 0.2109375 0.4700523449074074 0.19140625 0.4375 0.1744789050925926 0.4322914050925926 0.1653648449074074 0.4479164050925926 0.2109375 0.4700523449074074
1 0.4322914050925926 0.10416640509259259 0.4049476550925926 0.08203125 0.3880210949074074 0.109375 0.3763023449074074 0.10416640509259259 0.3645835949074074 0.12239609490740741 0.4010414050925926 0.1497398449074074 0.4322914050925926 0.10416640509259259
1 0.01953125 0.69140625 0.0494789050925926 0.7109375 0.07942734490740741 0.6666664050925926 0 0.6080726550925926 0.0026039074074074076 0.66015625 0.02473984490740741 0.6744789050925926 0.01953125 0.69140625
1 0.4578125 0.40078125 0.46953125 0.38515625 0.47734375 0.378125 0.49375 0.375 0.5171875 0.378125 0.5148437499999999 0.37421875 0.4984375 0.3625 0.4875 0.35234375 0.5789062500000001 0.21953125 0.58203125 0.21171875 0.6304085949074074 0.1460335949074074 0.6454328125000001 0.1574515625 0.654446875 0.14242812500000002 0.603125 0.1078125 0.572115625 0.1484375 0.5375 0.19453125 0.43359375 0.340625 0.46171875 0.3796875 0.44921875 0.39453125 0.4578125 0.40078125
3 0.375 0.27499999999999997 0.36015625 0.26953125 0.3546875 0.25703125 0.359375 0.25 0.376803125 0.2355765625 0.3239179699074074 0.1989179699074074 0.31971171990740743 0.2007210949074074 0.314303125 0.197115625 0.240625 0.30078125 0.2786460949074074 0.32421875 0.3328125 0.36171875 0.39609375 0.27109374999999997 0.375 0.27499999999999997
1 0.6394234375000001 0.13461562500000002 0.607571875 0.107571875 0.5474757824074074 0.06490390740740741 0.4537257824074074 0.0012015625 0.4350960949074074 0 0.3834132824074074 0.0006007824074074074 0.3695914074074074 0.018629687500000002 0.37439921990740743 0.0234375 0.41346171990740743 0.048678124999999996 0.420071875 0.03966328240740741 0.4399039074074074 0.0534859375 0.44951953240740744 0.06490390740740741 0.4537257824074074 0.0757210949074074 0.46814921990740743 0.08533671759259259 0.4753609375 0.103365625 0.5042070324074074 0.11959140740740741 0.560696875 0.1598554699074074 0.5727164074074074 0.14903828240740744 0.6105765624999999 0.1748796875 0.6394234375000001 0.13461562500000002
2 0.6775570324074074 0.911221875 0.674715625 0.9232953125000001 0.692471875 0.9360796874999999 0.7073867199074074 0.9410507824074074 0.7144882800925926 0.9360796874999999 0.7194601574074073 0.9282671874999999 0.7194601574074073 0.9197445300925926 0.6974429699074074 0.9098007824074074 0.684659375 0.9076703125000001 0.6775570324074074 0.911221875