1 0.3893226574074074 0.5950523449074074 0.41015625 0.57421875 0.2408851574074074 0.3020835949074074 0.0598960949074074 0.4270835949074074 0.0481773449074074 0.4427085949074074 0.2096351574074074 0.6966148449074074 0.3893226574074074 0.5950523449074074
1 0.125 0 0.0013023449074074074 0.10807265509259259 0 0.3580726574074074 0.03125 0.41796875 0.3268226574074074 0.20703125 0.3046875 0.1549476550925926 0.3671875 0.10807265509259259 0.2955726574074074 0 0.125 0
1 0.6171875 0 0.33984375 0.0026039074074074076 0.39453125 0.08984375 0.45703125 0.0494789050925926 0.4817710949074074 0.08984375 0.6171875 0
1 0.6705726550925926 0 0.50390625 0.10026015509259259 0.5052085949074074 0.1263023449074074 0.5390625 0.171875 0.4713539050925926 0.21484375 0.6184898449074074 0.4440101550925926 0.9895835949074074 0.203125 0.9908851574074075 0.1848960949074074 0.9674476574074075 0.1497398449074074 0.9440101574074075 0.109375 0.9140625 0.046875 0.8697914074074075 0 0.6705726550925926 0
1 0 0.8111976574074075 0.1783851550925926 0.71484375 0.09895859490740741 0.5846351550925926 0.08463515509259259 0.5872398449074074 0.014322655092592593 0.4791664050925926 0 0.4934898449074074 0 0.8111976574074075
1 0 0.99921875 0.11458359490740741 0.99921875 0.1354164050925926 0.9908851574074075 0.3177085949074074 0.9479164074074075 0.3294273449074074 0.9348960949074074 0.31640625 0.91796875 0.2291664074074074 0.79296875 0 0.9205726574074075 0 0.99921875
1 0.6263023449074074 0.8723960949074074 0.671875 0.8515625 0.7291664050925926 0.8424476574074075 0.77734375 0.8294273449074074 0.8098960949074074 0.82421875 0.8125 0.7981773449074074 0.6432289050925926 0.5299476550925926 0.4453125 0.6627601550925926 0.4453125 0.671875 0.36328125 0.7200523449074074 0.3606773449074074 0.7213539050925926 0.265625 0.7786460949074074 0.37109375 0.9296875 0.4166664050925926 0.9114585949074074 0.6015625 0.8802085949074074 0.6263023449074074 0.8723960949074074
1 0.671875 0.51171875 0.7903648449074074 0.7018226550925926 0.9700523449074074 0.5833335949074074 0.8515625 0.3919273449074074 0.671875 0.51171875
1 0.99921875 0.6197914050925926 0.9908851574074075 0.61328125 0.8190101574074075 0.7291664050925926 0.8125 0.7291664050925926 0.8567710949074074 0.8020835949074074 0.8802085949074074 0.80078125 0.99921875 0.7669273449074074 0.99921875 0.6197914050925926
1 0.9010414074074075 0.3997398449074074 0.9244789074074075 0.4322914050925926 0.9986976574074075 0.5481773449074074 0.9973960949074074 0.2890625 0.88671875 0.37109375 0.9010414074074075 0.3997398449074074
1 0.99921875 0.1471351574074074 0.99921875 0 0.9166664074074075 0.0013023449074074074 0.99921875 0.1471351574074074
1 0.4622398449074074 0.3723960949074074 0.4674476550925926 0.3854164074074074 0.4921875 0.375 0.51953125 0.3776039074074074 0.5299476550925926 0.3880210949074074 0.5403648449074074 0.3997398449074074 0.54296875 0.4153648449074074 0.5416664050925926 0.4322914050925926 0.5338539050925926 0.4479164050925926 0.5182289050925926 0.4661460949074074 0.5078125 0.4817710949074074 0.5052085949074074 0.5013023449074074 0.5026039050925926 0.52734375 0.58984375 0.4661460949074074 0.5208335949074074 0.3359375 0.4622398449074074 0.3723960949074074
1 0.4830726550925926 0.4713539050925926 0.4609375 0.453125 0.4544273449074074 0.43359375 0.4544273449074074 0.4192710949074074 0.4622398449074074 0.3971351574074074 0.4674476550925926 0.3828125 0.44140625 0.4010414050925926 0.4283851550925926 0.39453125 0.3815101574074074 0.42578125 0.3723960949074074 0.44140625 0.4440101550925926 0.5572914050925926 0.5026039050925926 0.5260414050925926 0.4986976550925926 0.50390625 0.4921875 0.4895835949074074 0.4830726550925926 0.4713539050925926
1 0.5 0.3424476574074074 0.4947914050925926 0.3294273449074074 0.4869789050925926 0.3229164074074074 0.4869789050925926 0.3098960949074074 0.484375 0.2877601574074074 0.4700523449074074 0.2708335949074074 0.44921875 0.2721351574074074 0.4270835949074074 0.23828125 0.3815101574074074 0.2669273449074074 0.3489585949074074 0.234375 0.27734375 0.2864585949074074 0.29296875 0.3177085949074074 0.3684898449074074 0.4348960949074074 0.5 0.3424476574074074
1 0.6627601550925926 0.9322914074074075 0.4036460949074074 0.9921875 0.40625 0.99921875 0.6940101550925926 0.99921875 0.6627601550925926 0.9322914074074075
1 0.7057289050925926 0.9153648449074074 0.7252601550925926 0.99921875 0.9309898449074074 0.99921875 0.8932289074074075 0.8645835949074074 0.7057289050925926 0.9153648449074074
0 0.5325523449074074 0.1692710949074074 0.44921875 0.0598960949074074 0.3098960949074074 0.1549476550925926 0.3294273449074074 0.19921875 0.3815101574074074 0.265625 0.5325523449074074 0.1692710949074074
2 0.2864585949074074 0.99921875 0.3424476574074074 0.9986976574074075 0.3919273449074074 0.9934898449074074 0.4140625 0.9791664074074075 0.4700523449074074 0.9674476574074075 0.5286460949074074 0.9453125 0.6067710949074074 0.9322914074074075 0.6471351550925926 0.9244789074074075 0.6614585949074074 0.9244789074074075 0.6822914050925926 0.9296875 0.6966148449074074 0.9166664074074075 0.75390625 0.9010414074074075 0.8046875 0.88671875 0.859375 0.8723960949074074 0.9075523449074074 0.8606773449074074 0.9765625 0.8372398449074074 0.99921875 0.8125 0.99921875 0.7838539050925926 0.9895835949074074 0.76953125 0.9661460949074074 0.7734375 0.9466148449074074 0.78125 0.91015625 0.7942710949074074 0.8671875 0.8046875 0.828125 0.8177085949074074 0.78515625 0.8190101574074075 0.76171875 0.8333335949074074 0.7278648449074074 0.84375 0.7018226550925926 0.84375 0.6666664050925926 0.85546875 0.6276039050925926 0.8736976574074075 0.5963539050925926 0.8763023449074074 0.55859375 0.8880210949074074 0.51953125 0.8958335949074074 0.4830726550925926 0.9036460949074074 0.4322914050925926 0.9192710949074074 0.3919273449074074 0.9205726574074075 0.3697914074074074 0.9322914074074075 0.33984375 0.9388023449074074 0.31640625 0.9453125 0.2604164074074074 0.96875 0.1354164050925926 0.9973960949074074 0.12109375 0.99921875 0.2083335949074074 0.99921875 0.2864585949074074 0.99921875
3 0.03229140740740741 0.825 0.038021094907407404 0.8125 0.04895859490740741 0.8119789074074073 0.0611976550925926 0.7994789050925926 0.0796875 0.7947914074074075 0.096875 0.7895835949074075 0.10677109490740741 0.7796875 0.1203125 0.7807289074074073 0.1244789074074074 0.7703125 0.1421875 0.7651039074074073 0.1473960949074074 0.753125 0.1682289074074074 0.7432289050925925 0.1614585949074074 0.7364585949074074 0.14635390740740742 0.7328125 0.140625 0.7395835949074074 0.1416664074074074 0.7505210949074075 0.1255210949074074 0.7463539074074075 0.11770859490740741 0.7625 0.10260390740740741 0.7583335949074075 0.09479140740740741 0.7739585949074075 0.07916640740740741 0.771875 0.07083359490740741 0.7822914050925925 0.0354164074074074 0.7958335949074075 0.02604140509259259 0.8098960949074074 0.0140625 0.8088539074074075 0 0.81640625 0.0020835925925925926 0.8385414074074075 0.013541405092592593 0.8359375 0.03229140740740741 0.825
3 0.3033851574074074 0.6744789050925926 0.3190101574074074 0.671875 0.3697914074074074 0.6328125 0.390625 0.62109375 0.41796875 0.61328125 0.4244789050925926 0.6002601550925926 0.4205726550925926 0.5859375 0.3880210949074074 0.5963539050925926 0.35546875 0.62109375 0.3268226574074074 0.6380210949074074 0.296875 0.6510414050925926 0.2578125 0.6692710949074074 0.2434898449074074 0.6809898449074074 0.2278648449074074 0.6901039050925926 0.2174476574074074 0.6953125 0.2161460949074074 0.7122398449074074 0.2278648449074074 0.71875 0.2903648449074074 0.6861976550925926 0.3033851574074074 0.6744789050925926
3 0.6432289050925926 0.4453125 0.6653648449074074 0.4479164050925926 0.6796875 0.4388023449074074 0.6927085949074074 0.42578125 0.7018226550925926 0.41796875 0.7083335949074074 0.3997398449074074 0.6838539074074075 0.4078125 0.6653648449074074 0.4205726550925926 0.6393226550925926 0.4361976550925926 0.6432289050925926 0.4453125
3 0.4596351550925926 0.5520835949074074 0.4427085949074074 0.56640625 0.4421875 0.5765625 0.46145859490740737 0.5776039074074074 0.51171875 0.5416664050925926 0.54296875 0.51953125 0.5703125 0.50390625 0.5846351550925926 0.4947914050925926 0.5921875 0.48489609490740737 0.58984375 0.47265625 0.5716148449074074 0.4817710949074074 0.5364585949074074 0.5052085949074074 0.49609375 0.5286460949074074 0.4596351550925926 0.5520835949074074
3 0.8893226574074075 0.26953125 0.8557289074074075 0.29062499999999997 0.8268226574074075 0.3138023449074074 0.7744789050925925 0.3401039074074074 0.7708335949074074 0.3567710949074074 0.7833335949074074 0.3635414074074074 0.8036460949074075 0.3494789074074074 0.8424476574074075 0.3255210949074074 0.87890625 0.30078125 0.9015625 0.2838539074074074 0.925 0.27135390740740745 0.9416664074074075 0.2546875 0.9609375 0.2591148449074074 0.9661460949074074 0.2546875 0.9802085925925925 0.24010390740740742 0.9802085925925925 0.2229164074074074 0.975 0.2140625 0.95625 0.2140625 0.9364585949074075 0.2395835949074074 0.91875 0.2489585925925926 0.8893226574074075 0.26953125