2 0.00390625 0 0.0013023449074074074 0.99921875 0.2669273449074074 0.99921875 0.2708335949074074 0.9518226574074075 0.29296875 0.91796875 0.28125 0.8971351574074075 0.31640625 0.8776039074074075 0.3489585949074074 0.84375 0.375 0.7565101550925926 0.3658851574074074 0.6875 0.3567710949074074 0.6484375 0.3528648449074074 0.59765625 0.3333335949074074 0.5716148449074074 0.3059898449074074 0.56640625 0.2721351574074074 0.4778648449074074 0.2513023449074074 0.4166664050925926 0.2317710949074074 0.3736976574074074 0.2174476574074074 0.3372398449074074 0.2057289074074074 0.3033851574074074 0.2018226574074074 0.2643226574074074 0.20703125 0.2421875 0.2135414074074074 0.22265625 0.2109375 0.19921875 0.1940101550925926 0.1614585949074074 0.1809898449074074 0.1432289074074074 0.14453125 0.12890625 0.07421875 0.11067734490740741 0.03385390509259259 0 0.00390625 0
2 0.44921875 0.2239585949074074 0.4479164050925926 0.265625 0.4388023449074074 0.2825523449074074 0.4427085949074074 0.3216148449074074 0.4583335949074074 0.3450523449074074 0.4908851550925926 0.3333335949074074 0.5 0.3307289074074074 0.5364585949074074 0.3723960949074074 0.5846351550925926 0.4114585949074074 0.625 0.4505210949074074 0.6439734375 0.4681921875 0.6236976550925926 0.4908851550925926 0.6171875 0.5033484375 0.6244421875 0.5295757800925925 0.6244421875 0.5396203125 0.6138390625 0.5524554699074075 0.6927085949074074 0.6158851550925926 0.7408851550925926 0.6848960949074074 0.7552085949074074 0.73046875 0.7734375 0.72265625 0.8369140625 0.705078125 0.84375 0.7317710949074074 0.8346351574074075 0.75 0.8424476574074075 0.8333335949074074 0.859375 0.9153648449074074 0.8802085949074074 0.9713539074074075 0.8893226574074075 0.99921875 0.99921875 0.99921875 0.99921875 0 0.55078125 0.0026039074074074076 0.4908851550925926 0.10416640509259259 0.4609375 0.13671875 0.4609375 0.1783851550925926 0.44921875 0.2239585949074074
1 0.3268226574074074 0.2200523449074074 0.2565101574074074 0 0.1953125 0.0026039074074074076 0.2552085949074074 0.1809898449074074 0.2825523449074074 0.17578125 0.2955726574074074 0.2356773449074074 0.3268226574074074 0.2200523449074074
1 0.10435234490740741 0 0.11886171990740742 0.047991407407407406 0.1774554699074074 0.03013359490740741 0.1707585949074074 0 0.10435234490740741 0
1 0.2047992175925926 0.18359375 0.2087054675925926 0.1869421875 0.2299109375 0.1791296875 0.2092632824074074 0.08649531249999999 0.1986609375 0.08761171990740742 0.1813617199074074 0.09375 0.1629460949074074 0.1015625 0.17373515740740741 0.1302085949074074 0.18545390740740741 0.1328125 0.2047992175925926 0.18359375
1 0.2176335949074074 0.3208703125 0.2265625 0.3229164074074074 0.24609375 0.3658851574074074 0.2916664074074074 0.5091148449074074 0.3046875 0.5546875 0.30859375 0.5638023449074074 0.3565851574074074 0.5552453125 0.25 0.2271203125 0.2044273449074074 0.2447914074074074 0.22265625 0.3002234375 0.2109375 0.3002234375 0.2176335949074074 0.3208703125
1 0.3177085949074074 0.28515625 0.33984375 0.36328125 0.3802085949074074 0.39453125 0.4127601550925926 0.390625 0.328125 0.23828125 0.2838539074074074 0.2630210949074074 0.2838539074074074 0.2864585949074074 0.3098960949074074 0.2708335949074074 0.3177085949074074 0.28515625
1 0.2747398449074074 0 0.3411460949074074 0.1875 0.37109375 0.1822914050925926 0.3658851574074074 0.11588515509259259 0.4388023449074074 0 0.2747398449074074 0
1 0.3958335949074074 0.2630210949074074 0.4153648449074074 0.3450523449074074 0.4244789050925926 0.3802085949074074 0.46875 0.3658851574074074 0.4817710949074074 0.3489585949074074 0.4778648449074074 0.3411460949074074 0.4348960949074074 0.3359375 0.42578125 0.2734375 0.4453125 0.2669273449074074 0.4375 0.2369789074074074 0.4296875 0.2395835949074074 0.4244789050925926 0.20703125 0.42578125 0.1549476550925926 0.4388023449074074 0.12239609490740741 0.4557289050925926 0.1015625 0.47265625 0.1015625 0.48046875 0.0859375 0.46875 0.07161484490740741 0.4817710949074074 0.05078125 0.5221351550925926 0.0013023449074074074 0.48046875 0.00390625 0.43359375 0.06510390509259259 0.390625 0.15234375 0.3919273449074074 0.2109375 0.3958335949074074 0.2630210949074074
1 0.37890625 0.4427085949074074 0.390625 0.4583335949074074 0.42578125 0.44140625 0.41015625 0.4075523449074074 0.40234375 0.3958335949074074 0.3776039074074074 0.4127601550925926 0.3463539074074074 0.4192710949074074 0.33984375 0.4153648449074074 0.3268226574074074 0.37109375 0.3111976574074074 0.37890625 0.3502601574074074 0.5013023449074074 0.3723960949074074 0.4973960949074074 0.359375 0.4479164050925926 0.37890625 0.4427085949074074
1 0.4036460949074074 0.4895835949074074 0.3935546875 0.4990234375 0.3958335949074074 0.51171875 0.38671875 0.54296875 0.4088539050925926 0.5533851550925926 0.40234375 0.6041664050925926 0.4075523449074074 0.61328125 0.4140625 0.62890625 0.4479164050925926 0.6328125 0.4713539050925926 0.50390625 0.4609375 0.4583335949074074 0.4348960949074074 0.45703125 0.4322914050925926 0.4583335949074074 0.3955078125 0.48046875 0.4036460949074074 0.4895835949074074
1 0.4040179699074074 0.6194195324074074 0.3815101574074074 0.6171875 0.3828125 0.6082585949074074 0.359375 0.6082585949074074 0.3697914074074074 0.6888023449074074 0.421875 0.6796875 0.4114585949074074 0.6315101550925926 0.4040179699074074 0.6194195324074074
1 0.4283851550925926 0.6653648449074074 0.4440101550925926 0.8489585949074074 0.48046875 0.84765625 0.4635414050925926 0.6627601550925926 0.4283851550925926 0.6653648449074074
1 0.51953125 0.69921875 0.4869789050925926 0.875 0.5364585949074074 0.8697914074074075 0.5611976550925926 0.7083335949074074 0.51953125 0.69921875
1 0.6088171875 0.6216515625 0.6119789050925926 0.6041664050925926 0.6080726550925926 0.5846351550925926 0.5677085949074074 0.5638023449074074 0.5295757800925925 0.53515625 0.49609375 0.5807289050925926 0.5876117199074075 0.6339289050925926 0.6032367199074073 0.6233257824074074 0.6088171875 0.6216515625
1 0.609375 0.5260414050925926 0.5182289050925926 0.4700523449074074 0.5065101550925926 0.4973960949074074 0.5364585949074074 0.5260414050925926 0.6002601550925926 0.5625 0.6216515625 0.5401789074074075 0.609375 0.5260414050925926
1 0.5260414050925926 0.38671875 0.54296875 0.4049476550925926 0.5416664050925926 0.43359375 0.5641742199074075 0.4587054699074074 0.6015625 0.5 0.6155132824074074 0.5044640625 0.6432289050925926 0.4661460949074074 0.5 0.3372398449074074 0.4830726550925926 0.3541664074074074 0.4908851550925926 0.3763023449074074 0.5013023449074074 0.3723960949074074 0.5260414050925926 0.38671875
1 0.6458335949074074 0.625 0.64453125 0.6067710949074074 0.6099328125 0.5987726550925926 0.6080726550925926 0.6471351550925926 0.6536460949074074 0.6640625 0.6640625 0.62890625 0.6458335949074074 0.625
1 0.56640625 0.7864585949074074 0.5559898449074074 0.8216148449074074 0.5481773449074074 0.8880210949074074 0.5 0.8919273449074074 0.4856773449074074 0.9635414074074075 0.61328125 0.99921875 0.62109375 0.9583335949074074 0.6510414050925926 0.7408851550925926 0.63671875 0.734375 0.64453125 0.6796875 0.5638023449074074 0.6484375 0.5481773449074074 0.6875 0.5963539050925926 0.69921875 0.56640625 0.7864585949074074
1 0.8424476574074075 0.7356773449074074 0.8388671875 0.7138671875 0.828125 0.7122398449074074 0.8046875 0.716796875 0.7578125 0.7356773449074074 0.76171875 0.7799476550925926 0.8346351574074075 0.76171875 0.8346351574074075 0.7434898449074074 0.8424476574074075 0.7356773449074074
1 0.8502601574074075 0.8841148449074074 0.8369140625 0.822265625 0.8154296875 0.818359375 0.779296875 0.8369140625 0.8125 0.99921875 0.85546875 0.99609375 0.8385414074074075 0.8880210949074074 0.8502601574074075 0.8841148449074074
1 0.7135414050925926 0.8658851574074075 0.7552085949074074 0.8489585949074074 0.7395835949074074 0.7981773449074074 0.71875 0.7903648449074074 0.6979164050925926 0.7005210949074074 0.65625 0.7083335949074074 0.6653648449074074 0.7630210949074074 0.6692710949074074 0.8033851574074075 0.6940101550925926 0.8033851574074075 0.7135414050925926 0.8658851574074075
1 0.734375 0.9674476574074075 0.7369789050925926 0.9466148449074074 0.7356773449074074 0.9049476574074075 0.6927085949074074 0.9088539074074075 0.6901039050925926 0.8828125 0.671875 0.80859375 0.6497398449074074 0.80859375 0.6223960949074074 0.96484375 0.6783851550925926 0.9765625 0.734375 0.9674476574074075
1 0.3880210949074074 0.828125 0.3932289074074074 0.8515625 0.4088539050925926 0.8515625 0.3971351574074074 0.8997398449074074 0.3645835949074074 0.890625 0.3502601574074074 0.9283851574074075 0.3893226574074074 0.9518226574074075 0.3802085949074074 0.97265625 0.3658851574074074 0.99921875 0.4270835949074074 0.99921875 0.4661460949074074 0.9075523449074074 0.4348960949074074 0.8815101574074075 0.4309898449074074 0.84375 0.4270835949074074 0.7552085949074074 0.40625 0.7578125 0.4075523449074074 0.7916664050925926 0.38671875 0.796875 0.3880210949074074 0.828125
3 0.2005210949074074 0.08203125 0.1796875 0.03645859490740741 0.11774531249999999 0.0502234375 0.1015625 0 0.0377601550925926 0.0013023449074074074 0.07682265509259259 0.09765625 0.11067734490740741 0.10286484490740741 0.1705726550925926 0.09505234490740741 0.2005210949074074 0.08203125
0 0.4283851550925926 0.7513023449074074 0.4270835949074074 0.6809898449074074 0.3658851574074074 0.6901039050925926 0.3671875 0.6966148449074074 0.3815101574074074 0.7513023449074074 0.4283851550925926 0.7513023449074074
3 0.7473960949074074 0.9088539074074075 0.7513023449074074 0.9427085949074074 0.7395835949074074 0.9674476574074075 0.7044273449074074 0.9739585949074074 0.7005210949074074 0.9973960949074074 0.7682289050925926 0.99921875 0.76953125 0.98046875 0.7747398449074074 0.93359375 0.7630210949074074 0.8528648449074074 0.703125 0.8697914074074075 0.6979164050925926 0.8971351574074075 0.734375 0.8958335949074074 0.7473960949074074 0.9088539074074075
0 0.5416664050925926 0.69921875 0.5520835949074074 0.6653648449074074 0.5638023449074074 0.640625 0.5677085949074074 0.625 0.4921875 0.5807289050925926 0.5234375 0.5390625 0.5221351550925926 0.5078125 0.4661460949074074 0.4934898449074074 0.453125 0.5911460949074074 0.44921875 0.6393226550925926 0.47265625 0.7018226550925926 0.5416664050925926 0.69921875
0 0.4661460949074074 0.90234375 0.4635414050925926 0.9166664074074075 0.4895835949074074 0.921875 0.4986976550925926 0.8854164074074075 0.49609375 0.8815101574074075 0.4817710949074074 0.8736976574074075 0.4869789050925926 0.8489585949074074 0.4388023449074074 0.8541664074074075 0.4348960949074074 0.8658851574074075 0.4557289050925926 0.8958335949074074 0.4661460949074074 0.90234375
0 0.3971351574074074 0.2994789074074074 0.39453125 0.26953125 0.38671875 0.2356773449074074 0.3854164074074074 0.1822914050925926 0.328125 0.19921875 0.3424476574074074 0.2513023449074074 0.3684898449074074 0.3033851574074074 0.3971351574074074 0.2994789074074074
0 0.3932289074074074 0.5950523449074074 0.3971351574074074 0.5677085949074074 0.3880210949074074 0.5625 0.3828125 0.5416664050925926 0.3893226574074074 0.5143226550925926 0.390625 0.4908851550925926 0.3515625 0.50390625 0.3567710949074074 0.5377601550925926 0.3658851574074074 0.5716148449074074 0.3932289074074074 0.5950523449074074
0 0.7057289050925926 0.7018226550925926 0.7109375 0.6875 0.6796875 0.625 0.6549476550925926 0.6627601550925926 0.64453125 0.6888023449074074 0.6536460949074074 0.69921875 0.7057289050925926 0.7018226550925926
3 0.33984375 0.8684898449074074 0.3255210949074074 0.890625 0.3411460949074074 0.9036460949074074 0.3606773449074074 0.87890625 0.33984375 0.8684898449074074