1 0.1315101550925926 0.4401039050925926 0.2764421875 0.5883414074074074 0.39783671990740743 0.4615382824074074 0.2608171875 0.3293265625 0.1315101550925926 0.4401039050925926
1 0 0.6223960949074074 0.1315101550925926 0.7552085949074074 0.2552085949074074 0.6328125 0.1927085949074074 0.5625 0.11979140509259259 0.6380210949074074 0.0859375 0.6119789050925926 0.1705726550925926 0.5481773449074074 0.1705726550925926 0.52734375 0.09895859490740741 0.4596351550925926 0 0.5416664050925926 0 0.6223960949074074
1 0 0.8958335949074074 0.10546875 0.7799476550925926 0 0.671875 0 0.8958335949074074
1 0.2786460949074074 0.9401039074074075 0.24609375 0.9088539074074075 0.1783851550925926 0.8450523449074074 0.1770835949074074 0.84765625 0.1393226574074074 0.8125 0.0013023449074074074 0.9583335949074074 0 0.99921875 0.22265625 0.99921875 0.2786460949074074 0.9401039074074075
1 0.3736976574074074 0.7369789050925926 0.37890625 0.7291664050925926 0.3450523449074074 0.69140625 0.3294273449074074 0.7005210949074074 0.2838539074074074 0.65234375 0.1731773449074074 0.7786460949074074 0.3151039074074074 0.9166664074074075 0.4296875 0.8020835949074074 0.4244789050925926 0.7864585949074074 0.3736976574074074 0.7369789050925926
1 0.4674476550925926 0.8059898449074074 0.2903648449074074 0.99609375 0.484375 0.99921875 0.5690101550925926 0.9088539074074075 0.4674476550925926 0.8059898449074074
1 0.7018226550925926 0.7486976550925926 0.6015625 0.6640625 0.48828125 0.7890625 0.578125 0.87890625 0.5924476550925926 0.88671875 0.7109375 0.7630210949074074 0.7018226550925926 0.7486976550925926
1 0.7447914050925926 0.5755210949074074 0.7265625 0.55859375 0.6953125 0.58984375 0.70703125 0.6106773449074074 0.6705726550925926 0.6575523449074074 0.8697914074074075 0.83203125 0.9700523449074074 0.7239585949074074 0.7877601550925926 0.5325523449074074 0.7447914050925926 0.5755210949074074
1 0.7890625 0.4661460949074074 0.875 0.5572914050925926 0.9479164074074075 0.4830726550925926 0.8541664074074075 0.3997398449074074 0.7890625 0.4661460949074074
1 0.53515625 0.4479164050925926 0.5130210949074074 0.48046875 0.5013023449074074 0.5013023449074074 0.6067710949074074 0.6041664050925926 0.7213539050925926 0.4778648449074074 0.5833335949074074 0.33984375 0.5416664050925926 0.3763023449074074 0.5455726550925926 0.3997398449074074 0.5455726550925926 0.4244789050925926 0.53515625 0.4479164050925926
1 0.4674476550925926 0.3880210949074074 0.4720054699074074 0.3743492199074074 0.35546875 0.2591148449074074 0.3489585949074074 0.2513023449074074 0.2942710949074074 0.29296875 0.2994789074074074 0.30859375 0.4388023449074074 0.4440101550925926 0.4583335949074074 0.4114585949074074 0.458984375 0.3984375 0.4674476550925926 0.3880210949074074
1 0.3723960949074074 0.234375 0.5013023449074074 0.3541664074074074 0.55078125 0.3059898449074074 0.421875 0.1888023449074074 0.3723960949074074 0.234375
1 0.64453125 0.2018226574074074 0.5924476550925926 0.15234375 0.5833335949074074 0.1549476550925926 0.5299476550925926 0.1015625 0.4557289050925926 0.1640625 0.64453125 0.33984375 0.7083335949074074 0.26171875 0.6432289050925926 0.2096351574074074 0.64453125 0.2018226574074074
1 0.6588539050925926 0.0026039074074074076 0.6080726550925926 0.0559898449074074 0.5859375 0.0416664050925926 0.546875 0.07942734490740741 0.66015625 0.1888023449074074 0.7877601550925926 0.0442710949074074 0.7356773449074074 0 0.6588539050925926 0.0026039074074074076
1 0.66015625 0.3528648449074074 0.75390625 0.4427085949074074 0.8190101574074075 0.3697914074074074 0.7174476550925926 0.2825523449074074 0.66015625 0.3528648449074074
1 0.76953125 0.171875 0.78515625 0.1575523449074074 0.8489585949074074 0.21484375 0.8802085949074074 0.2330726574074074 0.9166664074074075 0.20703125 0.9192710949074074 0.1888023449074074 0.8046875 0.0703125 0.7565101550925926 0.11979140509259259 0.7421875 0.1432289074074074 0.7291664050925926 0.12890625 0.6731773449074074 0.19140625 0.8424476574074075 0.3411460949074074 0.8880210949074074 0.2942710949074074 0.7981773449074074 0.2135414074074074 0.76953125 0.171875
1 0.8424476574074075 0 0.8216148449074074 0.02213515509259259 0.9895835949074074 0.1927085949074074 0.99921875 0.1666664050925926 0.99921875 0.0013023449074074074 0.8424476574074075 0
1 0.8971351574074075 0.57421875 0.99921875 0.6861976550925926 0.99921875 0.5546875 0.9609375 0.5026039050925926 0.8971351574074075 0.57421875
1 0.87890625 0.37109375 0.8776039074074075 0.37109375 0.9713539074074075 0.46484375 0.99921875 0.4322914050925926 0.99921875 0.2369789074074074 0.87890625 0.37109375
1 0.90234375 0.8919273449074074 0.99921875 0.9765625 0.99921875 0.79296875 0.90234375 0.8919273449074074
1 0.7630210949074074 0.99921875 0.8697914074074075 0.8984375 0.8684898449074074 0.8893226574074075 0.7356773449074074 0.76953125 0.68359375 0.8359375 0.76171875 0.9140625 0.7330726550925926 0.9466148449074074 0.7473960949074074 0.9947914074074075 0.7630210949074074 0.99921875
1 0.6666664050925926 0.99921875 0.71484375 0.94921875 0.6419273449074074 0.8854164074074075 0.5833335949074074 0.9479164074074075 0.60546875 0.9700523449074074 0.65234375 0.99921875 0.6666664050925926 0.99921875
1 0.8268226574074075 0.99921875 0.9986976574074075 0.99921875 0.8893226574074075 0.9088539074074075 0.828125 0.9739585949074074 0.83984375 0.9895835949074074 0.8268226574074075 0.99921875
0 0.3840140625 0.7277640624999999 0.3756007824074074 0.7409859375000001 0.4326921875 0.7848554699074074 0.5201820300925926 0.6920570300925926 0.606534375 0.6029828125000001 0.462890625 0.4700523449074074 0.3717445324074074 0.5625 0.2855117199074074 0.6541195324074074 0.33522734490740735 0.7024148449074075 0.3443507824074074 0.6905046874999999 0.3840140625 0.7277640624999999
2 0.17578125 0.3684898449074074 0.2109375 0.3580726574074074 0.22265625 0.3372398449074074 0.21875 0.3072914074074074 0.1770835949074074 0.3072914074074074 0.1458335949074074 0.3203125 0.1315101550925926 0.2864585949074074 0.12239609490740741 0.27734375 0.09375 0.2708335949074074 0.05859375 0.2942710949074074 0.0481773449074074 0.3294273449074074 0.0494789050925926 0.3697914074074074 0.08463515509259259 0.38671875 0.1328125 0.3697914074074074 0.17578125 0.3684898449074074
2 0.265625 0.2721351574074074 0.3190101574074074 0.2200523449074074 0.36328125 0.203125 0.41015625 0.1848960949074074 0.4140625 0.1549476550925926 0.4309898449074074 0.12239609490740741 0.4596351550925926 0.1419273449074074 0.4921875 0.1328125 0.5104164050925926 0.10546875 0.5299476550925926 0.08463515509259259 0.5260414050925926 0.06380234490740741 0.5143226550925926 0.0403648449074074 0.53125 0.02083359490740741 0.5078125 0 0.4518226550925926 0.0013023449074074074 0.4401039050925926 0.0234375 0.4309898449074074 0.04296875 0.4036460949074074 0.0520835949074074 0.3841148449074074 0.0598960949074074 0.3606773449074074 0.06901015509259259 0.328125 0.09765625 0.30078125 0.140625 0.2994789074074074 0.171875 0.2630210949074074 0.1822914050925926 0.21875 0.1809898449074074 0.203125 0.20703125 0.1940101550925926 0.2356773449074074 0.203125 0.2591148449074074 0.265625 0.2721351574074074
4 0.0026039074074074076 0 0.0026039074074074076 0.1822914050925926 0.0598960949074074 0.11848984490740741 0.0598960949074074 0.08203125 0.1341148449074074 0 0.0026039074074074076 0
0 0 0.3658851574074074 0.0520835949074074 0.31640625 0.06640625 0.2799476574074074 0.09895859490740741 0.2682289074074074 0.40625 0 0.140625 0.005208594907407407 0.0625 0.09244765509259259 0.06510390509259259 0.12109375 0 0.20703125 0 0.3658851574074074
0 0.6927085949074074 0.58984375 0.7265625 0.5572914050925926 0.7447914050925926 0.5716148449074074 0.7838539050925926 0.5325523449074074 0.8138023449074074 0.50390625 0.7838539050925926 0.4700523449074074 0.60546875 0.6549476550925926 0.6380210949074074 0.6822914050925926 0.70703125 0.609375 0.6927085949074074 0.58984375
0 0.9270835949074074 0.1927085949074074 0.8841148449074074 0.23828125 0.7877601550925926 0.1614585949074074 0.7786460949074074 0.17578125 0.8424476574074075 0.2473960949074074 0.89453125 0.2955726574074074 0.9674476574074075 0.21484375 0.9270835949074074 0.1927085949074074