1 0 0 0.00390625 0.234375 0.18359375 0.2278648449074074 0.21875 0 0 0
1 0.3671875 0.2356773449074074 0.375 0.2356773449074074 0.4036460949074074 0.018228905092592593 0.39453125 0.005208594907407407 0.3776039074074074 0.00390625 0.36328125 0.009114844907407407 0.35546875 0.018228905092592593 0.24609375 0.0013023449074074074 0.21484375 0.2083335949074074 0.2200523449074074 0.2317710949074074 0.3606773449074074 0.2526039074074074 0.3671875 0.2356773449074074
1 0.5091148449074074 0.4921875 0.5026039050925926 0.5026039050925926 0.4973960949074074 0.4921875 0.484375 0.4661460949074074 0.4661460949074074 0.4466148449074074 0.4557289050925926 0.4192710949074074 0.46484375 0.3932289074074074 0.484375 0.3763023449074074 0.5130210949074074 0.37109375 0.5455726550925926 0.3919273449074074 0.55078125 0.41015625 0.6015625 0.02994765509259259 0.43359375 0.006510157407407407 0.3346351574074074 0.73828125 0.5065101550925926 0.76953125 0.5442710949074074 0.4947914050925926 0.5091148449074074 0.4921875
1 0.765625 0.640625 0.8359375 0 0.6471351550925926 0.0013023449074074074 0.5598960949074074 0.5911460949074074 0.5911460949074074 0.5950523449074074 0.58984375 0.6067710949074074 0.765625 0.640625
1 0.8489585949074074 0.9609375 0.9283851574074075 0.734375 0.9401039074074075 0.7018226550925926 0.9270835949074074 0.6809898449074074 0.578125 0.6197914050925926 0.5872398449074074 0.58984375 0.5651039050925926 0.5924476550925926 0.5052085949074074 0.99921875 0.8151039074074075 0.99921875 0.8333335949074074 0.9505210949074074 0.8489585949074074 0.9609375
1 0.9348960949074074 0.3606773449074074 0.9427085949074074 0.41796875 0.9348960949074074 0.4505210949074074 0.8997398449074074 0.48828125 0.8971351574074075 0.5234375 0.90234375 0.5520835949074074 0.921875 0.5833335949074074 0.9583335949074074 0.6015625 0.9947914074074075 0.60546875 0.99921875 0.5950523449074074 0.99921875 0.2005210949074074 0.984375 0.203125 0.9778648449074074 0.2135414074074074 0.96875 0.2161460949074074 0.9544273449074074 0.22265625 0.9375 0.2747398449074074 0.9309898449074074 0.3177085949074074 0.9348960949074074 0.3606773449074074
1 0.2630210949074074 0.7864585949074074 0.265625 0.7682289050925926 0.1979164050925926 0.76171875 0.1783851550925926 0.7591148449074074 0.140625 0.99921875 0.4505210949074074 0.9973960949074074 0.4661460949074074 0.82421875 0.2630210949074074 0.7864585949074074
1 0.10286484490740741 0.953125 0.00390625 0.9153648449074074 0 0.99921875 0.10026015509259259 0.99921875 0.10286484490740741 0.953125
1 0.11588515509259259 0.7552085949074074 0.00390625 0.7239585949074074 0 0.80078125 0.10416640509259259 0.8294273449074074 0.11588515509259259 0.7552085949074074
1 0.1432289074074074 0.5 0.078125 0.48046875 0.0026039074074074076 0.48046875 0 0.6627601550925926 0.125 0.7005210949074074 0.1432289074074074 0.5
1 0.010416407407407409 0.42578125 0.0078125 0.4739585949074074 0.0377601550925926 0.4778648449074074 0.0403648449074074 0.4244789050925926 0.09505234490740741 0.4361976550925926 0.09114609490740741 0.4817710949074074 0.11588515509259259 0.484375 0.11979140509259259 0.4453125 0.1497398449074074 0.44921875 0.1653648449074074 0.3385414074074074 0.07942734490740741 0.3203125 0.07421875 0.3372398449074074 0.006510157407407407 0.3268226574074074 0.00390625 0.32421875 0 0.4231773449074074 0.010416407407407409 0.42578125
0 0.08203125 0.31640625 0.1666664050925926 0.3307289074074074 0.1536460949074074 0.4505210949074074 0.12239609490740741 0.44921875 0.11848984490740741 0.46484375 0.1497398449074074 0.4713539050925926 0.1484375 0.4856773449074074 0.1848960949074074 0.4830726550925926 0.1875 0.53515625 0.1588539050925926 0.6106773449074074 0.1354164050925926 0.7109375 0.09765625 0.7018226550925926 0.08072890509259259 0.7421875 0.11588515509259259 0.7526039050925926 0.11197890509259259 0.7877601550925926 0.1614585949074074 0.80078125 0.1705726550925926 0.7565101550925926 0.2734375 0.7604164050925926 0.2721351574074074 0.7864585949074074 0.3294273449074074 0.7955726550925926 0.3958335949074074 0.2591148449074074 0.2421875 0.2395835949074074 0.2044273449074074 0.2291664074074074 0.0026039074074074076 0.2395835949074074 0 0.3203125 0.07161484490740741 0.3359375 0.08203125 0.31640625
0 0.8411460949074074 0 0.76953125 0.6276039050925926 0.99921875 0.6783851550925926 0.99921875 0.6158851550925926 0.9544273449074074 0.61328125 0.9166664074074075 0.5911460949074074 0.8971351574074075 0.5546875 0.890625 0.5091148449074074 0.99609375 0 0.8411460949074074 0
0 0 0.9049476574074075 0.10026015509259259 0.9453125 0.1015625 0.8463539074074075 0 0.8229164074074075 0 0.9049476574074075