1 0.4479164050925926 0.5950523449074074 0.47265625 0.58984375 0.49609375 0.578125 0.546875 0.5572914050925926 0.5598960949074074 0.59765625 0.6106773449074074 0.5794273449074074 0.5677085949074074 0.4778648449074074 0.4375 0.5416664050925926 0.4283851550925926 0.5494789050925926 0.42578125 0.55859375 0.4479164050925926 0.5950523449074074
1 0.4856773449074074 0.69921875 0.5078125 0.7018226550925926 0.5442710949074074 0.6888023449074074 0.6471351550925926 0.62890625 0.62109375 0.5950523449074074 0.5447378865740741 0.6388626898148148 0.5338539050925926 0.6158851550925926 0.515625 0.6067710949074074 0.4856773449074074 0.58984375 0.4479164050925926 0.6067710949074074 0.4856773449074074 0.69921875
1 0.1796875 0.7734375 0.1549476550925926 0.7174476550925926 0.08463515509259259 0.7591148449074074 0.1171875 0.8268226574074075 0.1731773449074074 0.7981773449074074 0.1796875 0.7734375
1 0.01953125 0.96875 0.03645859490740741 0.9986976574074075 0.11848984490740741 0.9973960949074074 0.09114609490740741 0.93359375 0.01953125 0.96875
1 0.9348960949074074 0.1875 0.9231773449074074 0.1731773449074074 0.90625 0.1848960949074074 0.9140625 0.19921875 0.8854164074074075 0.2161460949074074 0.9088539074074075 0.2734375 0.99609375 0.2278648449074074 0.9700523449074074 0.1627601550925926 0.9348960949074074 0.1875
1 0.5533851550925926 0.8515625 0.5716148449074074 0.8541664074074075 0.5729164050925926 0.8580726574074075 0.5729164050925926 0.8255210949074074 0.5885414050925926 0.8151039074074075 0.5872398449074074 0.7265625 0.6236976550925926 0.7252601550925926 0.6119789050925926 0.68359375 0.57421875 0.6796875 0.5572914050925926 0.6927085949074074 0.54296875 0.828125 0.5533851550925926 0.8515625
1 0.6809898449074074 0.84375 0.6901039050925926 0.8307289074074075 0.7096351550925926 0.8645835949074074 0.7473960949074074 0.84765625 0.7239585949074074 0.7916664050925926 0.6666664050925926 0.8229164074074075 0.6002601550925926 0.8346351574074075 0.60546875 0.88671875 0.6901039050925926 0.8671875 0.6809898449074074 0.84375
1 0.6302085949074074 0.7330726550925926 0.5885414050925926 0.7604164050925926 0.59375 0.80859375 0.5989585949074074 0.83203125 0.6653648449074074 0.8177085949074074 0.6302085949074074 0.7330726550925926
1 0.6549476550925926 0.6536460949074074 0.6302085949074074 0.6640625 0.6497398449074074 0.7200523449074074 0.6861976550925926 0.6979164050925926 0.6549476550925926 0.6536460949074074
1 0.84765625 0.0625 0.890625 0.1536460949074074 0.9557289074074075 0.11979140509259259 0.9166664074074075 0.02864609490740741 0.84765625 0.0625
1 0.7018226550925926 0 0.703125 0.0026039074074074076 0.73046875 0.1015625 0.796875 0.0625 0.7890625 0.0013023449074074074 0.7018226550925926 0
1 0.7903648449074074 0.2473960949074074 0.8229164074074075 0.3046875 0.8997398449074074 0.2669273449074074 0.8606773449074074 0.1979164050925926 0.7903648449074074 0.2473960949074074
1 0.9557289074074075 0.2955726574074074 0.859375 0.3528648449074074 0.8802085949074074 0.4010414050925926 0.9765625 0.3268226574074074 0.9557289074074075 0.2955726574074074
1 0.9622398449074074 0.5755210949074074 0.99921875 0.5234375 0.9583335949074074 0.4440101550925926 0.8984375 0.49609375 0.9192710949074074 0.5390625 0.9440101574074075 0.5247398449074074 0.9622398449074074 0.5755210949074074
1 0.0013023449074074074 0 0.0013023449074074074 0.0403648449074074 0.02473984490740741 0.03385390509259259 0.02083359490740741 0 0.0013023449074074074 0
1 0.04296875 0.0703125 0.0013023449074074074 0.08723984490740741 0 0.1549476550925926 0.0625 0.1276039050925926 0.04296875 0.0703125
1 0.1809898449074074 0.1953125 0.21484375 0.2604164074074074 0.2838539074074074 0.2174476574074074 0.2513023449074074 0.15625 0.1809898449074074 0.1953125
1 0 0.46875 0.015625 0.50390625 0.10286484490740741 0.4622398449074074 0.07421875 0.4140625 0.02604140509259259 0.4427085949074074 0.016927344907407407 0.4479164050925926 0.0078125 0.4309898449074074 0.03255234490740741 0.4166664050925926 0.02864609490740741 0.3919273449074074 0 0.41015625 0 0.46875
1 0.09505234490740741 0.3958335949074074 0.07291640509259259 0.4153648449074074 0.09505234490740741 0.45703125 0.1705726550925926 0.4244789050925926 0.1328125 0.3606773449074074 0.09505234490740741 0.37890625 0.09505234490740741 0.3958335949074074
1 0.1627601550925926 0.4505210949074074 0.1653648449074074 0.49609375 0.2096351574074074 0.5 0.3268226574074074 0.48046875 0.3268226574074074 0.4401039050925926 0.2369789074074074 0.4518226550925926 0.2265625 0.4296875 0.2018226574074074 0.4361976550925926 0.1627601550925926 0.4505210949074074
1 0.4856773449074074 0.8372398449074074 0.4856773449074074 0.91015625 0.5390625 0.9010414074074075 0.5403648449074074 0.8841148449074074 0.54296875 0.8072914074074075 0.4375 0.8190101574074075 0.44140625 0.8372398449074074 0.4856773449074074 0.8372398449074074
1 0.5 0.97265625 0.5208335949074074 0.9713539074074075 0.5286460949074074 0.9778648449074074 0.51953125 0.9986976574074075 0.5442710949074074 0.99921875 0.5494789050925926 0.9830726574074075 0.5299476550925926 0.92578125 0.4778648449074074 0.9479164074074075 0.48828125 0.9869789074074075 0.49609375 0.9869789074074075 0.5 0.97265625
1 0.6028648449074074 0.2955726574074074 0.5885414050925926 0.2903648449074074 0.5625 0.2552085949074074 0.50390625 0.2942710949074074 0.5325523449074074 0.3268226574074074 0.57421875 0.3138023449074074 0.5846351550925926 0.3411460949074074 0.5377601550925926 0.35546875 0.5611976550925926 0.4388023449074074 0.6549476550925926 0.3971351574074074 0.6145835949074074 0.3190101574074074 0.6028648449074074 0.2955726574074074
1 0.70703125 0.2265625 0.5872398449074074 0.2838539074074074 0.6028648449074074 0.30859375 0.6770835949074074 0.26953125 0.6927085949074074 0.2903648449074074 0.62109375 0.3229164074074074 0.6497398449074074 0.3880210949074074 0.7747398449074074 0.3372398449074074 0.7356773449074074 0.26171875 0.71875 0.2747398449074074 0.70703125 0.2265625
1 0.8125 0.09114609490740741 0.7708335949074074 0.21484375 0.8489585949074074 0.1666664050925926 0.8125 0.09114609490740741
1 0.8098960949074074 0.10026015509259259 0.7421875 0.1315101550925926 0.7747398449074074 0.203125 0.8098960949074074 0.10026015509259259
1 0 0.6979164050925926 0.0494789050925926 0.6822914050925926 0.009114844907407407 0.59375 0 0.6015625 0 0.6979164050925926
1 0.0403648449074074 0.8424476574074075 0 0.87109375 0.0026039074074074076 0.94921875 0.07421875 0.91796875 0.0403648449074074 0.8424476574074075
1 0.1861976550925926 0.8046875 0.1302085949074074 0.8307289074074075 0.1341148449074074 0.86328125 0.10807265509259259 0.8072914074074075 0.0572914050925926 0.8294273449074074 0.13671875 0.99921875 0.1822914050925926 0.99921875 0.2213539074074074 0.99921875 0.2291664074074074 0.9231773449074074 0.2122398449074074 0.8763023449074074 0.1627601550925926 0.8997398449074074 0.15234375 0.8776039074074075 0.2005210949074074 0.8515625 0.1861976550925926 0.8046875
1 0 0.83203125 0.03385390509259259 0.8111976574074075 0.010416407407407409 0.74609375 0 0.7591148449074074 0 0.83203125
1 0 0.3763023449074074 0.10677109490740741 0.3190101574074074 0.0598960949074074 0.2005210949074074 0 0.22265625 0 0.3763023449074074
1 0.1484375 0.2916664074074074 0.1953125 0.2747398449074074 0.1627601550925926 0.1901039050925926 0.10026015509259259 0.2096351574074074 0.12890625 0.2864585949074074 0.1393226574074074 0.2747398449074074 0.1484375 0.2916664074074074
1 0.5143226550925926 0.171875 0.45714107870370374 0.19601858564814817 0.4661460949074074 0.2005210949074074 0.4739585949074074 0.23828125 0.5026039050925926 0.2252601574074074 0.4895835949074074 0.2447914074074074 0.5013023449074074 0.2864585949074074 0.55078125 0.2473960949074074 0.5143226550925926 0.171875
1 0.64453125 0.14453125 0.6158851550925926 0.10807265509259259 0.5260414050925926 0.1471351574074074 0.5208335949074074 0.14453125 0.5520835949074074 0.21484375 0.6158851550925926 0.17578125 0.6171875 0.1614585949074074 0.64453125 0.14453125
1 0.3684898449074074 0.2369789074074074 0.35546875 0.2252601574074074 0.3346351574074074 0.2369789074074074 0.3893226574074074 0.3828125 0.4361976550925926 0.3723960949074074 0.4583335949074074 0.3854164074074074 0.484375 0.4609375 0.5533851550925926 0.43359375 0.546875 0.39453125 0.515625 0.3815101574074074 0.5221351550925926 0.37109375 0.51171875 0.3372398449074074 0.4856773449074074 0.28515625 0.43359375 0.3111976574074074 0.4283851550925926 0.2981773449074074 0.4713539050925926 0.2734375 0.4440101550925926 0.22265625 0.4440101550925926 0.1979164050925926 0.4010414050925926 0.11067734490740741 0.3424476574074074 0.1341148449074074 0.3828125 0.2044273449074074 0.359375 0.2083335949074074 0.3671875 0.2356773449074074 0.3684898449074074 0.2369789074074074
1 0.2799476574074074 0.8763023449074074 0.2604164074074074 0.890625 0.234375 0.9765625 0.2552085949074074 0.98828125 0.3098960949074074 0.9895835949074074 0.3333335949074074 0.9713539074074075 0.3450523449074074 0.9453125 0.3333335949074074 0.93359375 0.3346351574074074 0.9192710949074074 0.3671875 0.9205726574074075 0.37109375 0.83203125 0.3138023449074074 0.8541664074074075 0.2955726574074074 0.8815101574074075 0.2799476574074074 0.8763023449074074
1 0.3190101574074074 0.8059898449074074 0.2838539074074074 0.8333335949074074 0.2916664074074074 0.8528648449074074 0.3346351574074074 0.8255210949074074 0.3190101574074074 0.8059898449074074
1 0.3294273449074074 0.2864585949074074 0.265625 0.3203125 0.2916664074074074 0.3619789074074074 0.3515625 0.328125 0.3294273449074074 0.2864585949074074
1 0.3346351574074074 0.3541664074074074 0.3346351574074074 0.4348960949074074 0.390625 0.40234375 0.359375 0.3424476574074074 0.3346351574074074 0.3541664074074074
1 0.34375 0.46484375 0.3776039074074074 0.5299476550925926 0.43359375 0.4908851550925926 0.41015625 0.43359375 0.34375 0.46484375
1 0.15625 0.5481773449074074 0.1471351574074074 0.5651039050925926 0.1328125 0.5638023449074074 0.07682265509259259 0.5794273449074074 0.078125 0.609375 0.0520835949074074 0.6184898449074074 0.05859375 0.6536460949074074 0.11588515509259259 0.6302085949074074 0.11328125 0.6458335949074074 0.3619789074074074 0.5299476550925926 0.33984375 0.48046875 0.22265625 0.53515625 0.19921875 0.5104164050925926 0.1510414050925926 0.5299476550925926 0.15625 0.5481773449074074
1 0.06640625 0.5416664050925926 0.0859375 0.5520835949074074 0.09244765509259259 0.5455726550925926 0.07682265509259259 0.53125 0.1171875 0.5065101550925926 0.10416640509259259 0.4830726550925926 0.06640625 0.4921875 0.0703125 0.515625 0.0625 0.5221351550925926 0.06640625 0.5416664050925926
1 0.11067734490740741 0.46875 0.12239609490740741 0.4895835949074074 0.1471351574074074 0.4765625 0.1341148449074074 0.4596351550925926 0.11067734490740741 0.46875
1 0.1875 0.34375 0.1653648449074074 0.3567710949074074 0.1731773449074074 0.3828125 0.18359375 0.3736976574074074 0.2174476574074074 0.3502601574074074 0.2018226574074074 0.3190101574074074 0.1809898449074074 0.328125 0.1875 0.34375
1 0.5013023449074074 0.11848984490740741 0.484375 0.07942734490740741 0.4231773449074074 0.109375 0.41796875 0.11979140509259259 0.44140625 0.1536460949074074 0.5013023449074074 0.11848984490740741
1 0.5989585949074074 0.08463515509259259 0.62109375 0.07552109490740741 0.6158851550925926 0.03515625 0.5169273449074074 0.06640625 0.5208335949074074 0.11067734490740741 0.56640625 0.10546875 0.5989585949074074 0.08463515509259259
1 0.9127601574074075 0.6705726550925926 0.94921875 0.6432289050925926 0.9270835949074074 0.6328125 0.8958335949074074 0.65234375 0.88671875 0.6197914050925926 0.8450523449074074 0.6484375 0.8372398449074074 0.6575523449074074 0.8528648449074074 0.6796875 0.8645835949074074 0.7057289050925926 0.8776039074074075 0.73046875 0.9075523449074074 0.7643226550925926 0.984375 0.71875 0.9635414074074075 0.6888023449074074 0.9322914074074075 0.7057289050925926 0.9127601574074075 0.6705726550925926
1 0.8841148449074074 0.5859375 0.87890625 0.6080726550925926 0.8697914074074075 0.5963539050925926 0.8671875 0.5768226550925926 0.81640625 0.4869789050925926 0.7643226550925926 0.5260414050925926 0.8059898449074074 0.6015625 0.8333335949074074 0.6627601550925926 0.84765625 0.64453125 0.83984375 0.6341148449074074 0.8697914074074075 0.6223960949074074 0.9114585949074074 0.5950523449074074 0.90234375 0.5703125 0.8841148449074074 0.58203125 0.8841148449074074 0.5859375
1 0.7981773449074074 0.6393226550925926 0.8020835949074074 0.6692710949074074 0.8151039074074075 0.6875 0.83984375 0.6666664050925926 0.8098960949074074 0.6106773449074074 0.76171875 0.6484375 0.7747398449074074 0.6640625 0.7981773449074074 0.6393226550925926
1 0.8971351574074075 0.76953125 0.8424476574074075 0.6822914050925926 0.8424476574074075 0.7630210949074074 0.8645835949074074 0.7942710949074074 0.8971351574074075 0.76953125
1 0.84375 0.6783851550925926 0.8033851574074075 0.7057289050925926 0.84375 0.7760414050925926 0.84375 0.6783851550925926
1 0.7799476550925926 0.70703125 0.7161460949074074 0.7434898449074074 0.7513023449074074 0.7942710949074074 0.7838539050925926 0.7721351550925926 0.79296875 0.7903648449074074 0.75390625 0.8033851574074075 0.76953125 0.8307289074074075 0.8346351574074075 0.7981773449074074 0.8138023449074074 0.75390625 0.8098960949074074 0.7565101550925926 0.7799476550925926 0.70703125
1 0.74609375 0.6158851550925926 0.75390625 0.5989585949074074 0.7578125 0.578125 0.7786460949074074 0.5625 0.76953125 0.54296875 0.7591148449074074 0.5533851550925926 0.7421875 0.5416664050925926 0.7096351550925926 0.5729164050925926 0.7265625 0.5846351550925926 0.71484375 0.59765625 0.6953125 0.60546875 0.6666664050925926 0.6197914050925926 0.7135414050925926 0.7239585949074074 0.75390625 0.6861976550925926 0.734375 0.6432289050925926 0.74609375 0.6158851550925926
1 0.7864585949074074 0.5716148449074074 0.7604164050925926 0.5924476550925926 0.765625 0.609375 0.7786460949074074 0.609375 0.8020835949074074 0.6028648449074074 0.7864585949074074 0.5716148449074074
1 0.79296875 0.7057289050925926 0.7708335949074074 0.66015625 0.7578125 0.6653648449074074 0.75390625 0.67578125 0.7526039050925926 0.6901039050925926 0.7630210949074074 0.6901039050925926 0.78125 0.7096351550925926 0.7864585949074074 0.71875 0.79296875 0.7057289050925926
1 0.6080726550925926 0.4583335949074074 0.6354164050925926 0.52734375 0.6705726550925926 0.5078125 0.6419273449074074 0.4453125 0.6080726550925926 0.4583335949074074
1 0.66796875 0.5338539050925926 0.6276039050925926 0.55859375 0.6471351550925926 0.5963539050925926 0.69140625 0.56640625 0.66796875 0.5338539050925926
1 0.7434898449074074 0.4622398449074074 0.70703125 0.48828125 0.7317710949074074 0.5377601550925926 0.7760414050925926 0.5013023449074074 0.7434898449074074 0.4622398449074074
1 0.703125 0.4348960949074074 0.7161460949074074 0.44921875 0.7369789050925926 0.44140625 0.7213539050925926 0.4049476550925926 0.6966148449074074 0.4114585949074074 0.65234375 0.44140625 0.6627601550925926 0.4661460949074074 0.67578125 0.4557289050925926 0.703125 0.4348960949074074
1 0.9231773449074074 0.3880210949074074 0.8854164074074075 0.4244789050925926 0.9088539074074075 0.45703125 0.9557289074074075 0.4192710949074074 0.9231773449074074 0.3880210949074074
1 0.99921875 0.28125 0.9765625 0.2955726574074074 0.99921875 0.3411460949074074 0.99921875 0.28125
1 0.9752601574074075 0.4270835949074074 0.99921875 0.3984375 0.99921875 0.3411460949074074 0.9557289074074075 0.37890625 0.9752601574074075 0.4270835949074074
1 0.8684898449074074 0.8424476574074075 0.7916664050925926 0.86328125 0.8033851574074075 0.92578125 0.8841148449074074 0.9010414074074075 0.8684898449074074 0.8424476574074075
1 0.890625 0.98828125 0.8828125 0.91796875 0.8059898449074074 0.9388023449074074 0.8138023449074074 0.9466148449074074 0.8294273449074074 0.99921875 0.890625 0.98828125
1 0.99609375 0.99921875 0.9908851574074075 0.9700523449074074 0.9348960949074074 0.9869789074074075 0.92578125 0.96875 0.9869789074074075 0.9479164074074075 0.9739585949074074 0.90625 0.9127601574074075 0.9244789074074075 0.9231773449074074 0.9700523449074074 0.8997398449074074 0.9700523449074074 0.9205726574074075 0.99921875 0.99609375 0.99921875
1 0.2356773449074074 0.7330726550925926 0.2486976574074074 0.75 0.2838539074074074 0.73828125 0.2760414074074074 0.7083335949074074 0.2434898449074074 0.71875 0.2174476574074074 0.6393226550925926 0.1640625 0.6692710949074074 0.16015625 0.71484375 0.1809898449074074 0.7565101550925926 0.2356773449074074 0.7330726550925926
1 0.3033851574074074 0.6354164050925926 0.2877601574074074 0.6171875 0.2213539074074074 0.6484375 0.2395835949074074 0.69140625 0.2916664074074074 0.6731773449074074 0.2786460949074074 0.6458335949074074 0.3033851574074074 0.6354164050925926
1 0.36328125 0.7486976550925926 0.3776039074074074 0.7317710949074074 0.3841148449074074 0.72265625 0.4010414050925926 0.6927085949074074 0.3919273449074074 0.6432289050925926 0.3697914074074074 0.64453125 0.3645835949074074 0.59765625 0.3763023449074074 0.5885414050925926 0.3854164074074074 0.6302085949074074 0.4466148449074074 0.6080726550925926 0.421875 0.5520835949074074 0.3658851574074074 0.5755210949074074 0.30859375 0.6067710949074074 0.3177085949074074 0.6263023449074074 0.3072914074074074 0.6627601550925926 0.2864585949074074 0.703125 0.3111976574074074 0.7109375 0.32421875 0.6927085949074074 0.33984375 0.7109375 0.3463539074074074 0.7356773449074074 0.2890625 0.7552085949074074 0.2981773449074074 0.78125 0.3528648449074074 0.7669273449074074 0.36328125 0.7486976550925926
1 0.4153648449074074 0.7135414050925926 0.4296875 0.77734375 0.50390625 0.71875 0.4791664050925926 0.6861976550925926 0.4153648449074074 0.7135414050925926
1 0.4205726550925926 0.6888023449074074 0.43359375 0.69140625 0.4661460949074074 0.6796875 0.4557289050925926 0.6692710949074074 0.4375 0.6705726550925926 0.4361976550925926 0.66796875 0.4348960949074074 0.6380210949074074 0.453125 0.62890625 0.453125 0.6223960949074074 0.44921875 0.61328125 0.4036460949074074 0.6315101550925926 0.41015625 0.6888023449074074 0.4205726550925926 0.6888023449074074
1 0.3424476574074074 0.82421875 0.4153648449074074 0.78125 0.3997398449074074 0.75 0.31640625 0.7981773449074074 0.3424476574074074 0.82421875
1 0.5325523449074074 0.7825523449074074 0.5416664050925926 0.7486976550925926 0.484375 0.75 0.4817710949074074 0.7864585949074074 0.4973960949074074 0.7942710949074074 0.5078125 0.7760414050925926 0.5325523449074074 0.7825523449074074
1 0.5794273449074074 0.9817710949074074 0.60546875 0.9674476574074075 0.6536460949074074 0.94921875 0.6432289050925926 0.8919273449074074 0.5338539050925926 0.9270835949074074 0.5455726550925926 0.96875 0.5677085949074074 0.9635414074074075 0.5794273449074074 0.9817710949074074
1 0.7213539050925926 0.9661460949074074 0.7239585949074074 0.96875 0.7291664050925926 0.9830726574074075 0.7526039050925926 0.9908851574074075 0.7721351550925926 0.9986976574074075 0.8098960949074074 0.99921875 0.8059898449074074 0.9830726574074075 0.79296875 0.9375 0.76953125 0.93359375 0.7317710949074074 0.9440101574074075 0.7239585949074074 0.9453125 0.7447914050925926 0.9322914074074075 0.7747398449074074 0.9205726574074075 0.7916664050925926 0.890625 0.7591148449074074 0.8645835949074074 0.7408851550925926 0.8984375 0.7317710949074074 0.9166664074074075 0.7278648449074074 0.8919273449074074 0.6510414050925926 0.91015625 0.66796875 0.9856773449074074 0.6861976550925926 0.9830726574074075 0.7109375 0.9752601574074075 0.7213539050925926 0.9661460949074074
1 0.3958335949074074 0.96484375 0.40234375 0.99921875 0.4765625 0.99921875 0.4674476550925926 0.953125 0.3958335949074074 0.96484375
1 0.34765625 0.98828125 0.3059898449074074 0.9986976574074075 0.3815101574074074 0.99921875 0.3697914074074074 0.9830726574074075 0.34765625 0.98828125
1 0.37109375 0.9401039074074075 0.3723960949074074 0.94140625 0.3815101574074074 0.94140625 0.4010414050925926 0.9401039074074075 0.421875 0.94140625 0.4466148449074074 0.9375 0.4466148449074074 0.9270835949074074 0.4388023449074074 0.8606773449074074 0.3984375 0.8580726574074075 0.3723960949074074 0.8984375 0.3580726574074074 0.91015625 0.37109375 0.9401039074074075
4 0.05859375 0.006510157407407407 0.09375 0.11067734490740741 0.1549476550925926 0.08333359490740741 0.125 0 0.05859375 0.006510157407407407
4 0.1692710949074074 0 0.18359375 0.06380234490740741 0.23046875 0.0481773449074074 0.2174476574074074 0 0.1692710949074074 0
0 0.2526039074074074 0.05859375 0.4479164050925926 0.005208594907407407 0.2317710949074074 0 0.2526039074074074 0.05859375
2 0.09244765509259259 0.11328125 0.0559898449074074 0.0026039074074074076 0.02734375 0.006510157407407407 0.07291640509259259 0.1744789050925926 0.2786460949074074 0.10807265509259259 0.2526039074074074 0.0611976550925926 0.09244765509259259 0.11328125
2 0.7265625 0.13671875 0.7395835949074074 0.1341148449074074 0.7669273449074074 0.11979140509259259 0.8072914074074075 0.09375 0.8619789074074075 0.0416664050925926 0.7981773449074074 0.00390625 0.796875 0.0703125 0.7096351550925926 0.11588515509259259 0.7265625 0.13671875
2 0.2252601574074074 0.7981773449074074 0.24609375 0.8346351574074075 0.27734375 0.8294273449074074 0.2786460949074074 0.8072914074074075 0.2981773449074074 0.8151039074074075 0.3020835949074074 0.7890625 0.2864585949074074 0.76171875 0.2734375 0.7552085949074074 0.2291664074074074 0.75390625 0.2369789074074074 0.77734375 0.234375 0.7825523449074074 0.2252601574074074 0.7981773449074074
2 0.03125 0.984375 0.010416407407407409 0.94921875 0 0.95703125 0.0013023449074074074 0.98046875 0.010416407407407409 0.9895835949074074 0.03125 0.984375
2 0.984375 0.3307289074074074 0.953125 0.3528648449074074 0.95703125 0.3776039074074074 0.9921875 0.3463539074074074 0.984375 0.3307289074074074
2 0.9700523449074074 0.7903648449074074 0.99921875 0.8997398449074074 0.9973960949074074 0.8385414074074075 0.9921875 0.7916664050925926 0.9700523449074074 0.7903648449074074
2 0.51171875 0.9895835949074074 0.49609375 0.9869789074074075 0.4765625 0.984375 0.4752601550925926 0.99921875 0.51171875 0.99921875 0.51171875 0.9895835949074074
2 0.4401039050925926 0.02604140509259259 0.3216148449074074 0.0559898449074074 0.328125 0.09114609490740741 0.4401039050925926 0.0559898449074074 0.4401039050925926 0.02604140509259259
2 0.4700523449074074 0 0.4596351550925926 0.0377601550925926 0.4895835949074074 0.05078125 0.5065101550925926 0.00390625 0.4700523449074074 0
2 0 0.3932289074074074 0.0703125 0.3567710949074074 0.06640625 0.34375 0 0.375 0 0.3932289074074074
2 0.09765625 0.33984375 0.109375 0.3606773449074074 0.11848984490740741 0.3515625 0.11588515509259259 0.3333335949074074 0.09765625 0.33984375
1 0.03515625 0.40625 0.07161484490740741 0.3932289074074074 0.06640625 0.3736976574074074 0.10026015509259259 0.3619789074074074 0.08463515509259259 0.34765625 0.0598960949074074 0.3580726574074074 0.05078125 0.3658851574074074 0.01953125 0.3854164074074074 0.03515625 0.40625
2 0.5390625 0.5611976550925926 0.51953125 0.5794273449074074 0.5026039050925926 0.5924476550925926 0.5286460949074074 0.6015625 0.5494789050925926 0.5989585949074074 0.5546875 0.6171875 0.5598960949074074 0.6276039050925926 0.61328125 0.5872398449074074 0.5924476550925926 0.5924476550925926 0.5625 0.6002601550925926 0.5390625 0.5611976550925926
3 0.6966148449074074 0.2239585949074074 0.7044273449074074 0.2265625 0.72265625 0.2682289074074074 0.7369789050925926 0.2630210949074074 0.6861976550925926 0.15234375 0.5546875 0.2200523449074074 0.5911460949074074 0.28125 0.6966148449074074 0.2239585949074074
3 0.79296875 0 0.86328125 0.046875 0.8489585949074074 0.0625 0.9140625 0.03255234490740741 0.91015625 0.013021094907407407 0.9348960949074074 0 0.79296875 0
0 0.9791664074074075 0.1263023449074074 0.9453125 0 0.91015625 0.014322655092592593 0.96484375 0.13671875 0.9791664074074075 0.1263023449074074
0 0.6393226550925926 0.1497398449074074 0.67578125 0.1315101550925926 0.6536460949074074 0.06640625 0.5377601550925926 0.12369765509259259 0.54296875 0.140625 0.625 0.109375 0.6393226550925926 0.1497398449074074
0 0.8736976574074075 0.8072914074074075 0.8684898449074074 0.81640625 0.8932289074074075 0.8958335949074074 0.9778648449074074 0.87109375 0.9322914074074075 0.765625 0.8736976574074075 0.8072914074074075
0 0.01171875 0.7486976550925926 0.0559898449074074 0.8346351574074075 0.09765625 0.7981773449074074 0.07161484490740741 0.7135414050925926 0.01171875 0.7486976550925926
0 0.2942710949074074 0.2890625 0.3229164074074074 0.2838539074074074 0.2877601574074074 0.2161460949074074 0.2317710949074074 0.25390625 0.2552085949074074 0.296875 0.2565101574074074 0.2903648449074074 0.2942710949074074 0.2890625
0 0.796875 0.3671875 0.7395835949074074 0.3880210949074074 0.7799476550925926 0.5 0.8359375 0.4401039050925926 0.796875 0.3671875
0 0.7369789050925926 0.4505210949074074 0.7174476550925926 0.4518226550925926 0.7044273449074074 0.44140625 0.6783851550925926 0.4544273449074074 0.7018226550925926 0.48828125 0.7239585949074074 0.4752601550925926 0.7369789050925926 0.4505210949074074
0 0.625 0.99609375 0.6197914050925926 0.9713539074074075 0.5794273449074074 0.9856773449074074 0.56640625 0.9674476574074075 0.56640625 0.9817710949074074 0.58203125 0.9986976574074075 0.625 0.99609375
0 0.2565101574074074 0.6848960949074074 0.2434898449074074 0.6953125 0.2526039074074074 0.7135414050925926 0.26171875 0.7018226550925926 0.2565101574074074 0.6848960949074074
0 0.3841148449074074 0.9596351574074075 0.3697914074074074 0.9440101574074075 0.3580726574074074 0.9348960949074074 0.34375 0.96875 0.3606773449074074 0.9661460949074074 0.3841148449074074 0.9596351574074075
0 0.4401039050925926 0.8450523449074074 0.4309898449074074 0.7864585949074074 0.3893226574074074 0.8059898449074074 0.3736976574074074 0.8723960949074074 0.40625 0.8541664074074075 0.421875 0.8502601574074075 0.4401039050925926 0.8450523449074074
0 0.21484375 0.3854164074074074 0.2317710949074074 0.4361976550925926 0.3229164074074074 0.4244789050925926 0.328125 0.3515625 0.3190101574074074 0.36328125 0.3177085949074074 0.3671875 0.21484375 0.3854164074074074
3 0.3359375 0.12369765509259259 0.3125 0.1302085949074074 0.34375 0.2018226574074074 0.3684898449074074 0.1861976550925926 0.3359375 0.12369765509259259
2 0.35546875 0.2291664074074074 0.3658851574074074 0.1953125 0.3424476574074074 0.2200523449074074 0.3072914074074074 0.13671875 0.2994789074074074 0.1419273449074074 0.2890625 0.1653648449074074 0.3268226574074074 0.2291664074074074 0.35546875 0.2291664074074074
3 0.2721351574074074 0.3541664074074074 0.2578125 0.3151039074074074 0.2395835949074074 0.28515625 0.2174476574074074 0.2994789074074074 0.2317710949074074 0.34765625 0.2291664074074074 0.3736976574074074 0.2721351574074074 0.3541664074074074
3 0.99921875 0.6328125 0.9856773449074074 0.5833335949074074 0.9583335949074074 0.5963539050925926 0.99921875 0.6731773449074074 0.99921875 0.6328125
3 0.9817710949074074 0.7604164050925926 0.9973960949074074 0.8203125 0.9947914074074075 0.7552085949074074 0.9817710949074074 0.7604164050925926
0 0.9049476574074075 0.5638023449074074 0.8515625 0.4609375 0.8203125 0.4869789050925926 0.8776039074074075 0.5911460949074074 0.9049476574074075 0.5638023449074074
3 0.9049476574074075 0.9296875 0.90625 0.9140625 0.8919273449074074 0.91796875 0.9049476574074075 0.9427085949074074 0.90625 0.95703125 0.9153648449074074 0.9596351574074075 0.9049476574074075 0.9296875
3 0.7578125 0.9908851574074075 0.7330726550925926 0.9947914074074075 0.7161460949074074 0.9713539074074075 0.6888023449074074 0.9817710949074074 0.6979164050925926 0.99921875 0.75390625 0.99921875 0.7578125 0.9908851574074075
2 0.3203125 0.734375 0.33203125 0.73046875 0.33203125 0.71484375 0.3268226574074074 0.7057289050925926 0.3190101574074074 0.703125 0.3151039074074074 0.71484375 0.3020835949074074 0.7278648449074074 0.3111976574074074 0.73046875 0.3203125 0.734375
2 0.44921875 0.6653648449074074 0.45703125 0.6640625 0.4583335949074074 0.6471351550925926 0.45703125 0.6354164050925926 0.4440101550925926 0.6380210949074074 0.4388023449074074 0.6432289050925926 0.4401039050925926 0.6510414050925926 0.44921875 0.6653648449074074
2 0.6653648449074074 0.5091148449074074 0.6536460949074074 0.5169273449074074 0.640625 0.5247398449074074 0.6328125 0.5299476550925926 0.6458335949074074 0.5299476550925926 0.65625 0.5221351550925926 0.6744789050925926 0.51171875 0.69921875 0.5 0.6953125 0.4921875 0.6901039050925926 0.484375 0.6848960949074074 0.47265625 0.6822914050925926 0.4765625 0.6770835949074074 0.4934898449074074 0.671875 0.50390625 0.6653648449074074 0.5091148449074074
3 0.6875 0.4192710949074074 0.7057289050925926 0.4114585949074074 0.7044273449074074 0.4192710949074074 0.7109375 0.4244789050925926 0.7213539050925926 0.4244789050925926 0.7200523449074074 0.4049476550925926 0.66015625 0.41015625 0.6393226550925926 0.4231773449074074 0.6432289050925926 0.43359375 0.66015625 0.43359375 0.6875 0.4192710949074074
0 0.12890625 0.6705726550925926 0.07682265509259259 0.7057289050925926 0.09505234490740741 0.7421875 0.1393226574074074 0.7252601550925926 0.1510414050925926 0.7174476550925926 0.12890625 0.6705726550925926
0 0.0390625 0.6966148449074074 0.06510390509259259 0.68359375 0.006510157407407407 0.7109375 0.0390625 0.6966148449074074
2 0.0026039074074074076 0.7252601550925926 0.005208594907407407 0.7447914050925926 0.014322655092592593 0.7408851550925926 0.02604140509259259 0.7330726550925926 0.0546875 0.7213539050925926 0.06640625 0.70703125 0.06380234490740741 0.6809898449074074 0.010416407407407409 0.7109375 0.0026039074074074076 0.7252601550925926
2 0.10416640509259259 0.5260414050925926 0.09635390509259259 0.5572914050925926 0.0859375 0.56640625 0.0572914050925926 0.5794273449074074 0.0455726550925926 0.5859375 0.0390625 0.5963539050925926 0.04296875 0.6067710949074074 0.1015625 0.5755210949074074 0.125 0.55859375 0.11197890509259259 0.52734375 0.10416640509259259 0.5260414050925926
3 0.01953125 0.5169273449074074 0.0234375 0.54296875 0.0377601550925926 0.5794273449074074 0.0442710949074074 0.5768226550925926 0.078125 0.5638023449074074 0.07682265509259259 0.5533851550925926 0.0625 0.546875 0.0611976550925926 0.5377601550925926 0.0598960949074074 0.51171875 0.0572914050925926 0.4921875 0.0572914050925926 0.4856773449074074 0.02473984490740741 0.5052085949074074 0.01953125 0.5169273449074074
3 0.0611976550925926 0.1966148449074074 0.06640625 0.2278648449074074 0.08463515509259259 0.2473960949074074 0.09765625 0.2760414074074074 0.10807265509259259 0.3203125 0.12369765509259259 0.3020835949074074 0.1276039050925926 0.2981773449074074 0.12239609490740741 0.2838539074074074 0.11328125 0.2591148449074074 0.10677109490740741 0.2239585949074074 0.11328125 0.20703125 0.13671875 0.1940101550925926 0.1549476550925926 0.18359375 0.1484375 0.1705726550925926 0.1471351574074074 0.1692710949074074 0.1015625 0.1848960949074074 0.0611976550925926 0.1966148449074074