1 0.29296875 0 0.2473960949074074 0.2760414074074074 0.2604164074074074 0.296875 0.38671875 0.3346351574074074 0.4140625 0.3307289074074074 0.4270835949074074 0.30859375 0.46875 0.3203125 0.4869789050925926 0.2356773449074074 0.51953125 0.2408851574074074 0.5494789050925926 0.07421875 0.5234375 0.07291640509259259 0.53515625 0 0.29296875 0
1 0.8229164074074075 0.0013023449074074074 0.6666664050925926 0.0013023449074074074 0.65625 0.03385390509259259 0.7994789050925926 0.06770859490740741 0.8229164074074075 0.0013023449074074074
1 0.8541664074074075 0.12109375 0.6458335949074074 0.078125 0.62890625 0.1432289074074074 0.83984375 0.1927085949074074 0.8541664074074075 0.12109375
1 0.91796875 0.09765625 0.9075523449074074 0.1979164050925926 0.99921875 0.2109375 0.99921875 0.11067734490740741 0.91796875 0.09765625
1 0.8684898449074074 0 0.8645835949074074 0.03125 0.99921875 0.0572914050925926 0.99921875 0 0.8684898449074074 0
1 0.5104164050925926 0.35546875 0.6940101550925926 0.4192710949074074 0.7109375 0.37890625 0.7018226550925926 0.3697914074074074 0.7096351550925926 0.3450523449074074 0.6614585949074074 0.3255210949074074 0.6536460949074074 0.3307289074074074 0.5859375 0.3125 0.5807289050925926 0.3020835949074074 0.5442710949074074 0.29296875 0.5299476550925926 0.2864585949074074 0.5143226550925926 0.3098960949074074 0.5169273449074074 0.3190101574074074 0.5104164050925926 0.35546875
1 0.0416664050925926 0.4622398449074074 0.0494789050925926 0.4505210949074074 0.07421875 0.4583335949074074 0.08984375 0.4088539050925926 0.046875 0.390625 0.046875 0.3776039074074074 0.0234375 0.3736976574074074 0.0078125 0.4049476550925926 0.014322655092592593 0.4166664050925926 0.00390625 0.44921875 0.0416664050925926 0.4622398449074074
1 0.203125 0.4622398449074074 0.1940101550925926 0.4596351550925926 0.1966148449074074 0.4361976550925926 0.140625 0.4192710949074074 0.13671875 0.4453125 0.12109375 0.4375 0.10677109490740741 0.4908851550925926 0.1822914050925926 0.5104164050925926 0.203125 0.4622398449074074
1 0.3177085949074074 0.4791664050925926 0.2526039074074074 0.4596351550925926 0.2239585949074074 0.5390625 0.2864585949074074 0.5611976550925926 0.3177085949074074 0.4791664050925926
1 0.2096351574074074 0.6263023449074074 0.15625 0.609375 0.13671875 0.671875 0.1927085949074074 0.6927085949074074 0.2096351574074074 0.6263023449074074
1 0.1966148449074074 0.7630210949074074 0.1744789050925926 0.7565101550925926 0.18359375 0.7473960949074074 0.12369765509259259 0.7291664050925926 0.10286484490740741 0.7942710949074074 0.1744789050925926 0.8203125 0.1966148449074074 0.7630210949074074
1 0.3697914074074074 0.7200523449074074 0.3502601574074074 0.7721351550925926 0.40625 0.7864585949074074 0.4205726550925926 0.7135414050925926 0.3111976574074074 0.6783851550925926 0.28515625 0.75 0.3294273449074074 0.7591148449074074 0.34765625 0.7109375 0.3697914074074074 0.7200523449074074
1 0.4283851550925926 0.6354164050925926 0.4309898449074074 0.6145835949074074 0.3854164074074074 0.6015625 0.37109375 0.65234375 0.40625 0.6536460949074074 0.421875 0.65625 0.4283851550925926 0.6354164050925926
1 0.30078125 0.59375 0.2447914074074074 0.5755210949074074 0.23046875 0.6067710949074074 0.29296875 0.6263023449074074 0.30078125 0.59375
1 0.380859375 0.5846351550925926 0.3880210949074074 0.568359375 0.4479164050925926 0.5846351550925926 0.4609375 0.55859375 0.4557289050925926 0.5286460949074074 0.4440101550925926 0.51953125 0.4192710949074074 0.5091148449074074 0.4192710949074074 0.5065101550925926 0.40234375 0.4986976550925926 0.39453125 0.5065101550925926 0.359375 0.4908851550925926 0.3294273449074074 0.5859375 0.3567710949074074 0.5950523449074074 0.3606773449074074 0.5787757800925926 0.380859375 0.5846351550925926
1 0.5729164050925926 0.546875 0.5572914050925926 0.6145835949074074 0.6106773449074074 0.62890625 0.6302085949074074 0.5611976550925926 0.5729164050925926 0.546875
1 0.9752601574074075 0.73828125 0.9908851574074075 0.6770835949074074 0.890625 0.6458335949074074 0.87109375 0.7109375 0.93359375 0.7330726550925926 0.953125 0.7317710949074074 0.9752601574074075 0.73828125
1 0.5260414050925926 0.69921875 0.5104164050925926 0.7604164050925926 0.6145835949074074 0.7955726550925926 0.6276039050925926 0.7395835949074074 0.5260414050925926 0.69921875
1 0.7408851550925926 0.7799476550925926 0.7161460949074074 0.85546875 0.7643226550925926 0.87109375 0.78515625 0.79296875 0.7408851550925926 0.7799476550925926
1 0.8424476574074075 0.7734375 0.8268226574074075 0.8372398449074074 0.8697914074074075 0.84765625 0.8841148449074074 0.7890625 0.8424476574074075 0.7734375
1 0.8385414074074075 0.9375 0.85546875 0.88671875 0.8932289074074075 0.8984375 0.8984375 0.87109375 0.8385414074074075 0.8502601574074075 0.8346351574074075 0.8645835949074074 0.8138023449074074 0.8606773449074074 0.8046875 0.8997398449074074 0.81640625 0.9075523449074074 0.8098960949074074 0.9270835949074074 0.8385414074074075 0.9375
1 0.95703125 0.8658851574074075 0.94921875 0.9192710949074074 0.99921875 0.9231773449074074 0.99921875 0.8723960949074074 0.95703125 0.8658851574074075
1 0.2708335949074074 0.8541664074074075 0.3489585949074074 0.8776039074074075 0.3776039074074074 0.80859375 0.3333335949074074 0.7942710949074074 0.3294273449074074 0.80859375 0.3151039074074074 0.8033851574074075 0.3190101574074074 0.7890625 0.2721351574074074 0.7760414050925926 0.2552085949074074 0.8255210949074074 0.2734375 0.8333335949074074 0.2708335949074074 0.8541664074074075
1 0.12109375 0.9036460949074074 0.06770859490740741 0.8880210949074074 0.0455726550925926 0.94140625 0.10286484490740741 0.9609375 0.12109375 0.9036460949074074
1 0.1888023449074074 0.921875 0.1471351574074074 0.91015625 0.12109375 0.9739585949074074 0.171875 0.9895835949074074 0.1888023449074074 0.921875
1 0.3255210949074074 0.96484375 0.2747398449074074 0.9479164074074075 0.25390625 0.99921875 0.3098960949074074 0.99921875 0.3255210949074074 0.96484375
1 0.4778648449074074 0.8619789074074075 0.5338539050925926 0.8763023449074074 0.5455726550925926 0.8359375 0.5716148449074074 0.84375 0.5807289050925926 0.8177085949074074 0.5338539050925926 0.8033851574074075 0.5286460949074074 0.8177085949074074 0.4895835949074074 0.8072914074074075 0.4752601550925926 0.8333335949074074 0.4856773449074074 0.8385414074074075 0.4778648449074074 0.8619789074074075
1 0.51953125 0.9153648449074074 0.4635414050925926 0.8958335949074074 0.44140625 0.9609375 0.50390625 0.9752601574074075 0.51953125 0.9153648449074074
1 0.6627601550925926 0.890625 0.6236976550925926 0.8763023449074074 0.6080726550925926 0.921875 0.6484375 0.9322914074074075 0.6627601550925926 0.890625
1 0.7395835949074074 0.90234375 0.6822914050925926 0.8828125 0.6653648449074074 0.9388023449074074 0.7200523449074074 0.9583335949074074 0.7395835949074074 0.90234375
1 0 0.1171875 0.0403648449074074 0.12890625 0.0572914050925926 0.07942734490740741 0.0377601550925926 0.06510390509259259 0.0572914050925926 0.0013023449074074074 0.02604140509259259 0.0026039074074074076 0 0.07942734490740741 0 0.1171875
1 0.62109375 0.9778648449074074 0.5716148449074074 0.9583335949074074 0.5677085949074074 0.98828125 0.6145835949074074 0.99921875 0.62109375 0.9778648449074074
1 0.7955726550925926 0.7213539050925926 0.7278648449074074 0.6979164050925926 0.7200523449074074 0.7174476550925926 0.6940101550925926 0.7109375 0.69140625 0.7239585949074074 0.7825523449074074 0.7513023449074074 0.7955726550925926 0.7213539050925926
1 0.87109375 0.76953125 0.96875 0.8020835949074074 0.9817710949074074 0.7690968749999999 0.9305554699074073 0.7526039050925926 0.921875 0.7612843749999999 0.8888890625 0.7526039050925926 0.8932289074074075 0.7421875 0.8489585949074074 0.73046875 0.8450523449074074 0.7552085949074074 0.87109375 0.7643226550925926 0.87109375 0.76953125
3 0 0.2390625 0.05625 0.2734375 0.1875 0.3203125 0.3890625 0.3890625 0.459375 0.403125 0.4796875 0.3734375 0.4875 0.359375 0.490625 0.340625 0.4625 0.3390625 0.446875 0.3734375 0.23125 0.29062499999999997 0.2484375 0.2296875 0.2234375 0.2265625 0.2625 0 0.059375 0.003125 0.04375 0.0578125 0.0625 0.078125 0.05 0.1484375 0 0.12968749999999998 0 0.2390625
3 0.7701820300925926 0.4967445300925926 0.7916664050925926 0.4889320300925926 0.81640625 0.4680992199074074 0.8609375 0.434375 0.8717445324074075 0.4231773449074074 0.880859375 0.404296875 0.8756507824074075 0.3795570324074074 0.8548179699074074 0.3697914074074074 0.8430992199074074 0.3600257824074074 0.7545570300925926 0.3307289074074074 0.703125 0.4875 0.7337242199074074 0.494140625 0.7701820300925926 0.4967445300925926
3 0.953125 0.484375 0.959375 0.5140625 0.9625 0.5656249999999999 0.99921875 0.584375 0.9984375 0.409375 0.978125 0.4 0.9421875 0.4125 0.9296875 0.4359375 0.9375 0.459375 0.953125 0.484375
0 0.87890625 0.4251304699074074 0.859375 0.44140625 0.8268226574074075 0.46484375 0.8002601574074073 0.4928382800925926 0.7729164074074073 0.5 0.7328125 0.4970054699074074 0.6947914074074073 0.48828125 0.6817710949074074 0.5358078125 0.7169273449074074 0.5462242199074074 0.7651039074074073 0.5618492199074074 0.82109375 0.5774742199074074 0.8432289074074073 0.5852867199074074 0.8549476574074073 0.6087242199074074 0.88359375 0.619140625 0.8744789074074073 0.6490890625 0.99921875 0.6881515625 0.99921875 0.6345054699074074 0.99921875 0.5907554699074075 0.9654945324074075 0.560546875 0.9596351574074075 0.5319007800925926 0.9583335949074074 0.5 0.9479164074074075 0.4765625 0.9359375 0.45950546990740737 0.928125 0.43606796990740737 0.9407554699074074 0.4114585949074074 0.9641929699074074 0.40234375 0.9890625 0.3907554699074074 0.9953125 0.3329429699074074 0.9069007824074075 0.3157554699074074 0.896484375 0.3209632824074074 0.8821617199074074 0.3268226574074074 0.859375 0.3704429699074074 0.8723960949074074 0.3743492199074074 0.8815101574074075 0.3880210949074074 0.8873695324074075 0.4095054699074074 0.87890625 0.4251304699074074
3 0.5953125 0.2234375 0.65 0.234375 0.796875 0.278125 0.859375 0.30625 0.996875 0.3328125 0.99921875 0.26875 0.603125 0.1859375 0.5953125 0.1859375 0.5796875 0.209375 0.5953125 0.2234375
2 0.3140625 0.4734375 0.325 0.4171875 0.2484375 0.3859375 0.19375 0.553125 0.2234375 0.5578124999999999 0.25 0.4578125 0.3140625 0.4734375
2 0.4765625 0.546875 0.4890625 0.5546875 0.50625 0.509375 0.4984375 0.496875 0.484375 0.465625 0.4640625 0.446875 0.446875 0.44375 0.3703125 0.428125 0.3484375 0.4875 0.409375 0.4984375 0.453125 0.5125000000000001 0.4765625 0.546875
2 0.1203125 0.9640625 0.0828125 0.9484375 0.04375 0.9328125 0.05625 0.88125 0.0609375 0.859375 0.040625 0.8546875 0.00625 0.9453125 0.0046875 0.9609375 0.1125 0.9953125 0.1203125 0.9640625
3 0.009375 0.4 0.015625 0.3765625 0.0515625 0.38125 0.0515625 0.39375 0.0875 0.4046875 0.078125 0.4625 0.04375 0.4578125 0.03125 0.4671875 0.0046875 0.453125 0 0.515625 0.06874999999999999 0.5546875 0.1390625 0.3375 0.009375 0.28750000000000003 0 0.4421875 0.0140625 0.4125 0.009375 0.4
3 0.11875 0.4359375 0.140625 0.440625 0.140625 0.41875 0.196875 0.4359375 0.19375 0.4484375 0.2046875 0.459375 0.1875 0.509375 0.09375 0.4828125 0.0671875 0.5515625000000001 0.1828125 0.5953125 0.25 0.384375 0.140625 0.340625 0.0953125 0.478125 0.1125 0.4828125 0.11875 0.4359375
3 0 0.8296875 0.0546875 0.6546875 0 0.6234375 0 0.8296875
3 0.125 0.578125 0.1 0.6625 0.13749999999999998 0.6734375 0.1625 0.5890624999999999 0.125 0.578125
2 0.0953125 0.8328125 0.109375 0.8 0.1015625 0.79375 0.125 0.725 0.0828125 0.7078125 0.046875 0.7734375 0.0578125 0.8203125 0.0953125 0.8328125
3 0.2 0.7234375 0.1 0.6953125 0.0953125 0.703125 0.18125 0.7484375 0.18125 0.75625 0.1953125 0.759375 0.1796875 0.8125 0.16875 0.8125 0.153125 0.846875 0.190625 0.8640625 0.228125 0.8625 0.2859375 0.65 0.2546875 0.6359375 0.246875 0.6703125 0.225 0.66875 0.2 0.7234375
3 0.371875 0.8109375 0.3546875 0.865625 0.346875 0.878125 0.32789634027777775 0.8740581435185185 0.3171875 0.903125 0.3734375 0.9234375 0.4109375 0.803125 0.3625 0.7859375 0.3609375 0.7984375 0.371875 0.8109375
0 0.3359375 0.8765625 0.2625 0.8578125 0.265625 0.8359375 0.2421875 0.8234375 0.221875 0.871875 0.3171875 0.90625 0.3359375 0.8765625
0 0.109375 0.8015625 0.0921875 0.834375 0.1546875 0.85 0.1609375 0.8140625 0.109375 0.8015625
3 0.578125 0.7046875 0.6015625 0.6234375 0.5453125 0.603125 0.5703125 0.5453125 0.625 0.5578124999999999 0.6375 0.5203125000000001 0.5609375 0.5 0.5343749999999999 0.521875 0.4953125 0.6765625 0.578125 0.7046875
3 0.440625 0.9609375 0.525 0.690625 0.4890625 0.6828125 0.3921875 0.9609375 0.4953125 0.9984375 0.5046875000000001 0.971875 0.440625 0.9609375
0 0.5328125 0.8765625 0.4765625 0.859375 0.4625 0.884375 0.584375 0.9234375 0.6203125 0.83125 0.5906250000000001 0.8171875 0.5750000000000001 0.8484375 0.5453125 0.8375 0.5328125 0.8765625
3 0.6453125 0.734375 0.61875 0.8296875 0.7125 0.853125 0.7390625 0.759375 0.6453125 0.734375
1 0.7234375 0.6921875 0.7421875 0.6546875 0.7625 0.6640625 0.7671875 0.65 0.775 0.65 0.7796875 0.64375 0.815625 0.6578125 0.8265625 0.609375 0.6640625 0.5640625 0.6140625 0.7109375 0.778125 0.7609375 0.7953125 0.715625 0.7234375 0.6921875
3 0.4348960949074074 0.6158851550925926 0.423828125 0.65625 0.3684898449074074 0.6536460949074074 0.3821617199074074 0.6022132800925926 0.3118492199074074 0.5875 0.28997421759259256 0.6515625 0.44309921990740736 0.7078125 0.4654945300925926 0.6276039050925926 0.4348960949074074 0.6158851550925926
3 0.9453125 0.915625 0.9625 0.80625 0.93125 0.7953125 0.909375 0.83125 0.878125 0.8171875 0.871875 0.8484375 0.8734375 0.8640625 0.903125 0.8734375 0.896875 0.9015625 0.8546875 0.8890625 0.8328125 0.9375 0.8125 0.9234375 0.7953125 0.9078125 0.790625 0.8921875 0.76875 0.95625 0.99921875 0.9921875 0.99921875 0.9265625 0.9453125 0.915625
0 0.2078125 0.903125 0.1984375 0.903125 0.1828125 0.95625 0.2578125 0.9734375 0.27187500000000003 0.9296875 0.2078125 0.903125
0 0.5437500000000001 0.434375 0.703125 0.48125 0.721875 0.425 0.515625 0.365625 0.53125 0.3875 0.540625 0.40625 0.5437500000000001 0.434375
3 0.8111976574074075 0.6653648449074074 0.8385414074074075 0.6770835949074074 0.85546875 0.625 0.859375 0.6080726550925926 0.84375 0.58984375 0.79296875 0.5729164050925926 0.7786460949074074 0.59765625 0.82421875 0.61328125 0.8111976574074075 0.6653648449074074
0 0.7265625 0.6940101550925926 0.8059898449074074 0.7213539050925926 0.8177085949074074 0.7265625 0.8333335949074074 0.6770835949074074 0.7708335949074074 0.6575523449074074 0.7643226550925926 0.67578125 0.73828125 0.6653648449074074 0.7265625 0.6940101550925926
0 0.48828125 0.564453125 0.4778648449074074 0.5481773449074074 0.4661460949074074 0.5390625 0.4576820300925926 0.541015625 0.4596351550925926 0.5592445300925926 0.4479164050925926 0.5852867199074074 0.3893226574074074 0.5696617199074074 0.3776039074074074 0.59765625 0.43359375 0.61328125 0.4661460949074074 0.6276039050925926 0.48828125 0.564453125