1 0.2890625 0.9231773449074074 0.2630210949074074 0.7981773449074074 0.2395835949074074 0.703125 0.10546875 0.73046875 0.08723984490740741 0.75 0.1315101550925926 0.94921875 0.2890625 0.9231773449074074
1 0.4231773449074074 0.8671875 0.3932289074074074 0.67578125 0.2747398449074074 0.7018226550925926 0.2864585949074074 0.8020835949074074 0.30859375 0.890625 0.4231773449074074 0.8671875
1 0.6328125 0.640625 0.5403648449074074 0.6627601550925926 0.5403648449074074 0.6484375 0.45703125 0.6653648449074074 0.4765625 0.8645835949074074 0.6901039050925926 0.83203125 0.6328125 0.640625
1 0.7057289050925926 0.859375 0.4830726550925926 0.90234375 0.4895835949074074 0.99921875 0.7513023449074074 0.99921875 0.7057289050925926 0.859375
1 0.4283851550925926 0.9166664074074075 0.13671875 0.9791664074074075 0.1393226574074074 0.99921875 0.4375 0.9986976574074075 0.4283851550925926 0.9166664074074075
1 0.0546875 0.7578125 0.0026039074074074076 0.7721351550925926 0 0.9713539074074075 0.09635390509259259 0.95703125 0.0546875 0.7578125
1 0.08072890509259259 0.6106773449074074 0.0546875 0.5 0.0013023449074074074 0.5104164050925926 0 0.6276039050925926 0.08072890509259259 0.6106773449074074
1 0.3541664074074074 0.5598960949074074 0.3697914074074074 0.54296875 0.3528648449074074 0.4231773449074074 0.3190101574074074 0.4270835949074074 0.3177085949074074 0.4192710949074074 0.265625 0.4322914050925926 0.2799476574074074 0.51953125 0.2135414074074074 0.5325523449074074 0.21484375 0.50390625 0.2604164074074074 0.49609375 0.2630210949074074 0.4583335949074074 0.24609375 0.4127601550925926 0.1875 0.4401039050925926 0.15625 0.4466148449074074 0.08463515509259259 0.4466148449074074 0.08984375 0.52734375 0.1549476550925926 0.5234375 0.1510414050925926 0.546875 0.11197890509259259 0.5546875 0.11067734490740741 0.5416664050925926 0.08854140509259259 0.5377601550925926 0.08723984490740741 0.5651039050925926 0.09635390509259259 0.60546875 0.3111976574074074 0.5729164050925926 0.3541664074074074 0.5598960949074074
1 0.1770835949074074 0.2109375 0.1666664050925926 0.1875 0.11328125 0.1809898449074074 0.11328125 0.2044273449074074 0.07942734490740741 0.1979164050925926 0.06510390509259259 0.1822914050925926 0.00390625 0.1640625 0 0.2265625 0.1796875 0.2630210949074074 0.1770835949074074 0.2109375
1 0.1171875 0.1809898449074074 0.17578125 0.1783851550925926 0.1666664050925926 0.125 0.2604164074074074 0.10546875 0.27734375 0.1888023449074074 0.2565101574074074 0.1901039050925926 0.25390625 0.2096351574074074 0.2760414074074074 0.21875 0.28515625 0.2369789074074074 0.2434898449074074 0.2265625 0.2278648449074074 0.25390625 0.2252601574074074 0.2734375 0.3177085949074074 0.3046875 0.3372398449074074 0.296875 0.30859375 0.0455726550925926 0.01171875 0.11197890509259259 0 0.15234375 0.0572914050925926 0.171875 0.1171875 0.1809898449074074
1 0.5 0 0.5182289050925926 0.09505234490740741 0.4505210949074074 0.10286484490740741 0.4479164050925926 0.06380234490740741 0.4713539050925926 0.0611976550925926 0.4661460949074074 0.02083359490740741 0.3880210949074074 0.02864609490740741 0.4309898449074074 0.3515625 0.48828125 0.3736976574074074 0.5078125 0.37109375 0.5208335949074074 0.37890625 0.5325523449074074 0.38671875 0.5416664050925926 0.4075523449074074 0.734375 0.4856773449074074 0.8502601574074075 0.4583335949074074 0.7903648449074074 0.15625 0.6979164050925926 0.1705726550925926 0.6080726550925926 0.1901039050925926 0.609375 0.1640625 0.53125 0.1731773449074074 0.5286460949074074 0.1015625 0.6627601550925926 0.07421875 0.64453125 0 0.5 0
1 0.7044273449074074 0.005208594907407407 0.7122398449074074 0.0403648449074074 0.76171875 0.03125 0.75390625 0 0.7044273449074074 0.005208594907407407
1 0.8841148449074074 0.06380234490740741 0.87109375 0 0.7916664050925926 0.005208594907407407 0.8307289074074075 0.1783851550925926 0.9270835949074074 0.16015625 0.9088539074074075 0.0625 0.8841148449074074 0.06380234490740741
1 0.9752601574074075 0.0377601550925926 0.9205726574074075 0.0546875 0.9453125 0.16015625 0.99921875 0.1432289074074074 0.9986976574074075 0.08723984490740741 0.9752601574074075 0.0377601550925926
1 0.8541664074074075 0.6015625 0.83984375 0.578125 0.6614585949074074 0.62109375 0.7109375 0.7708335949074074 0.9036460949074074 0.7278648449074074 0.87109375 0.5989585949074074 0.8541664074074075 0.6015625
1 0.9088539074074075 0.7604164050925926 0.84375 0.765625 0.78125 0.77734375 0.7200523449074074 0.80078125 0.7760414050925926 0.9986976574074075 0.9453125 0.99921875 0.9088539074074075 0.7604164050925926
1 0.921875 0.6536460949074074 0.9765625 0.9557289074074075 0.99921875 0.99921875 0.9986976574074075 0.6848960949074074 0.921875 0.6536460949074074
1 0.1731773449074074 0.4361976550925926 0.2161460949074074 0.41796875 0.2252601574074074 0.39453125 0.2578125 0.3893226574074074 0.26171875 0.41015625 0.2786460949074074 0.40625 0.29296875 0.3880210949074074 0.2903648449074074 0.3723960949074074 0.25390625 0.3645835949074074 0.25 0.3541664074074074 0.08984375 0.3138023449074074 0.05078125 0.3059898449074074 0.03255234490740741 0.3138023449074074 0.0533851550925926 0.4127601550925926 0.10416640509259259 0.4088539050925926 0.11067734490740741 0.4388023449074074 0.1731773449074074 0.4361976550925926
0 0.2994789074074074 0.3046875 0.28515625 0.3658851574074074 0.29296875 0.3919273449074074 0.2825523449074074 0.40625 0.28125 0.4231773449074074 0.3151039074074074 0.41796875 0.3216148449074074 0.4283851550925926 0.3489585949074074 0.4231773449074074 0.3528648449074074 0.4479164050925926 0.359375 0.4765625 0.4309898449074074 0.48046875 0.4296875 0.4453125 0.4466148449074074 0.4401039050925926 0.4661460949074074 0.3515625 0.4244789050925926 0.3346351574074074 0.4153648449074074 0.2526039074074074 0.3515625 0.2643226574074074 0.33984375 0.2669273449074074 0.3463539074074074 0.3059898449074074 0.2994789074074074 0.3046875
0 0.07682265509259259 0.4934898449074074 0.07552109490740741 0.4466148449074074 0.08854140509259259 0.4375 0.10807265509259259 0.4296875 0.09635390509259259 0.4166664050925926 0.0520835949074074 0.4296875 0.02734375 0.3098960949074074 0.013021094907407407 0.3033851574074074 0.0026039074074074076 0.3268226574074074 0.0013023449074074074 0.5013023449074074 0.07682265509259259 0.4934898449074074
0 0.9973960949074074 0.3645835949074074 0.9609375 0.19140625 0.8268226574074075 0.2161460949074074 0.8684898449074074 0.4440101550925926 0.8997398449074074 0.4557289050925926 0.9986976574074075 0.4322914050925926 0.9973960949074074 0.3645835949074074
1 0.5208335949074074 0.4622398449074074 0.5104164050925926 0.4856773449074074 0.5 0.5 0.4895835949074074 0.4778648449074074 0.4713539050925926 0.4583335949074074 0.4583335949074074 0.4466148449074074 0.4427085949074074 0.4505210949074074 0.453125 0.5416664050925926 0.57421875 0.5143226550925926 0.56640625 0.4856773449074074 0.5208335949074074 0.4622398449074074
0 0.3606773449074074 0.5677085949074074 0.3190101574074074 0.5807289050925926 0.3385414074074074 0.6809898449074074 0.3932289074074074 0.671875 0.40234375 0.7083335949074074 0.453125 0.7018226550925926 0.4479164050925926 0.6640625 0.5325523449074074 0.6419273449074074 0.5182289050925926 0.5325523449074074 0.4466148449074074 0.5442710949074074 0.4453125 0.5052085949074074 0.3828125 0.5143226550925926 0.37890625 0.5247398449074074 0.375 0.5481773449074074 0.3606773449074074 0.5677085949074074
0 0.88359375 0.6028648449074074 0.9018226574074073 0.6471351550925926 0.9278648425925925 0.6536460949074074 0.9630210925925925 0.65234375 0.9864585925925925 0.6627601550925926 0.99921875 0.6640625 0.9942710925925925 0.4427085949074074 0.903125 0.46484375 0.8692710925925925 0.4557289050925926 0.85625 0.4609375 0.8041664074074073 0.48046875 0.72734375 0.4856773449074074 0.6361976574074073 0.453125 0.66796875 0.609375 0.8315101574074073 0.578125 0.85625 0.5794273449074074 0.88359375 0.6028648449074074
2 0.6875 0.34375 0.7005210949074074 0.33203125 0.703125 0.30859375 0.69140625 0.2864585949074074 0.6770835949074074 0.28125 0.640625 0.2838539074074074 0.6341148449074074 0.31640625 0.66015625 0.3229164074074074 0.6705726550925926 0.34375 0.6875 0.34375
0 0.2565101574074074 0.22265625 0.2513023449074074 0.19140625 0.26953125 0.1809898449074074 0.2604164074074074 0.1471351574074074 0.2552085949074074 0.11328125 0.1692710949074074 0.1302085949074074 0.1888023449074074 0.2682289074074074 0.22265625 0.2747398449074074 0.2434898449074074 0.22265625 0.2565101574074074 0.22265625
0 0.6184898449074074 0.1809898449074074 0.78515625 0.1575523449074074 0.7604164050925926 0.0625 0.5364585949074074 0.10546875 0.54296875 0.16796875 0.61328125 0.1549476550925926 0.6184898449074074 0.1809898449074074
0 0.5481773449074074 0.6588539050925926 0.6328125 0.6393226550925926 0.6640625 0.6302085949074074 0.66796875 0.6158851550925926 0.6432289050925926 0.4921875 0.63671875 0.44921875 0.5950523449074074 0.4270835949074074 0.5703125 0.4765625 0.5755210949074074 0.4869789050925926 0.5755210949074074 0.5182289050925926 0.5208335949074074 0.53125 0.5325523449074074 0.6419273449074074 0.5442710949074074 0.6419273449074074 0.5481773449074074 0.6588539050925926