0 0.3919273449074074 0.6419273449074074 0.4427085949074074 0.55078125 0.5377601550925926 0.5755210949074074 0.5598960949074074 0.5559898449074074 0.6106773449074074 0.5677085949074074 0.6028648449074074 0.5130210949074074 0.58984375 0.47265625 0.79296875 0.4283851550925926 0.7643226550925926 0.3984375 0.6731773449074074 0.4166664050925926 0.66015625 0.38671875 0.5911460949074074 0.4036460949074074 0.5640625 0.3640625 0.553125 0.359375 0.5286460949074074 0.3635414074074074 0.5255210949074074 0.3817710949074074 0.5338539050925926 0.3890625 0.5432289074074075 0.4109375 0.5447914050925926 0.4260414074074074 0.5192710949074074 0.4661460949074074 0.5072914074074074 0.484375 0.5005210949074074 0.5005210949074074 0.4932289074074074 0.4984375 0.48489609490740737 0.48125 0.4791664050925926 0.4666664050925926 0.4700523449074074 0.4596359375 0.4557289050925926 0.4752609375 0.4075523449074074 0.5377601550925926 0.37890625 0.5729164050925926 0.3411460949074074 0.60546875 0.3919273449074074 0.6419273449074074
1 0.5377601550925926 0.1627601550925926 0.5572914050925926 0.22265625 0.6354164050925926 0.1927085949074074 0.6145835949074074 0.1315101550925926 0.5377601550925926 0.1627601550925926
1 0.11505703240740742 0.24573828240740742 0.122159375 0.2436078125 0.1335226550925926 0.203125 0.1315101550925926 0.1940101550925926 0.0454546875 0.18252812499999999 0.03255234490740741 0.23046875 0.041903125000000006 0.234375 0.11505703240740742 0.24573828240740742
1 0.1171875 0.33522734490740735 0.1420453125 0.3046875 0.140625 0.296875 0.11067734490740741 0.2708335949074074 0.06901015509259259 0.3098960949074074 0.10677109490740741 0.3372398449074074 0.1171875 0.33522734490740735
1 0.3567710949074074 0.3684898449074074 0.26953125 0.3294273449074074 0.2526039074074074 0.3776039074074074 0.3411460949074074 0.4127601550925926 0.3567710949074074 0.3684898449074074
1 0.5976523425925926 0.03515234490740741 0.5442695300925926 0.03515234490740741 0.5442695300925926 0.0911445324074074 0.5976523425925926 0.0911445324074074 0.5976523425925926 0.03515234490740741
1 0.7408867199074074 0.10416796990740741 0.6848945300925926 0.10416796990740741 0.6848945300925926 0.1848945300925926 0.7408867199074074 0.1848945300925926 0.7408867199074074 0.10416796990740741
1 0.89453125 0.0611976550925926 0.8515625 0.05859375 0.8450523449074074 0.1731773449074074 0.8880210949074074 0.1770835949074074 0.89453125 0.0611976550925926
1 0.9856773449074074 0.06640625 0.9427085949074074 0.0625 0.9322914074074075 0.11328125 0.9817710949074074 0.11848984490740741 0.9856773449074074 0.06640625
1 0.9375 0.3268226574074074 0.9375 0.3372398449074074 0.9674476574074075 0.3359375 0.9713539074074075 0.2942710949074074 0.95703125 0.2942710949074074 0.9609375 0.25390625 0.94921875 0.2552085949074074 0.94921875 0.2747398449074074 0.9361976574074075 0.2747398449074074 0.93359375 0.2669273449074074 0.90625 0.265625 0.9010414074074075 0.2955726574074074 0.9166664074074075 0.3268226574074074 0.9375 0.3268226574074074
1 0.31640625 0.2834820324074074 0.32310234490740736 0.26171875 0.32421875 0.25055781250000003 0.3247765625 0.2410710949074074 0.3180804699074074 0.2388390625 0.27399531250000003 0.2243304675925926 0.26506718749999997 0.2265625 0.26227656250000003 0.2399554699074074 0.25725468749999997 0.2589289050925926 0.2565101574074074 0.27734375 0.30859375 0.29296875 0.31640625 0.2834820324074074
1 0.3616070324074074 0.2360492199074074 0.3560265625 0.2399554699074074 0.3424476574074074 0.29222421990740743 0.4185265625 0.3063617199074074 0.43638359490740736 0.2550226550925926 0.3616070324074074 0.2360492199074074
1 0.1354164050925926 0.0611976550925926 0.16015625 0.0703125 0.1731773449074074 0.08072890509259259 0.1627601550925926 0.09375 0.1927085949074074 0.1015625 0.2369789074074074 0.00390625 0.0611976550925926 0 0.02473984490740741 0.0859375 0.005208594907407407 0.11328125 0.015625 0.1263023449074074 0.018228905092592593 0.12109375 0.0559898449074074 0.140625 0.08463515509259259 0.08984375 0.11067734490740741 0.10286484490740741 0.1354164050925926 0.0611976550925926
1 0.25390625 0 0.2552085949074074 0.0078125 0.4947914050925926 0.09244765509259259 0.51953125 0 0.25390625 0
1 0.4114585949074074 0.3404015625 0.4140625 0.3664429699074074 0.4505210949074074 0.3625367199074074 0.4557289050925926 0.3820679699074074 0.4986976550925926 0.3729539050925926 0.490625 0.2917039050925926 0.4854914074074074 0.2678570324074074 0.4358257800925926 0.2550226550925926 0.4185265625 0.3063617199074074 0.4503351574074074 0.3119421875 0.4541664074074074 0.33441249999999995 0.4114585949074074 0.3404015625
1 0.2395835949074074 0.5546875 0.1875 0.6145835949074074 0.2395835949074074 0.6484375 0.27734375 0.5846351550925926 0.2395835949074074 0.5546875
1 0.3723960949074074 0.4817710949074074 0.3658851574074074 0.4934898449074074 0.3411460949074074 0.4739585949074074 0.30078125 0.5234375 0.35546875 0.5651039050925926 0.39453125 0.5 0.3723960949074074 0.4817710949074074
1 0.4525671875 0.4241070300925926 0.4525671875 0.4040179699074074 0.4592632800925926 0.3922992199074074 0.4609375 0.38560234490740736 0.4497765625 0.38560234490740736 0.3854164074074074 0.4713539050925926 0.4153648449074074 0.4908851550925926 0.4592632800925926 0.4408484375 0.4525671875 0.4241070300925926
1 0.8333335949074074 0.47265625 0.8372398449074074 0.421875 0.6015625 0.4765625 0.6002601550925926 0.4947914050925926 0.6106773449074074 0.5247398449074074 0.8333335949074074 0.47265625
1 0.5520835949074074 0.3333335949074074 0.58984375 0.3216148449074074 0.59765625 0.33203125 0.6067710949074074 0.328125 0.5989585949074074 0.2981773449074074 0.515625 0.31640625 0.5169273449074074 0.3619789074074074 0.5520835949074074 0.359375 0.5520835949074074 0.3333335949074074
1 0.5169273449074074 0.30078125 0.5559898449074074 0.2955726574074074 0.5572914050925926 0.2356773449074074 0.5325523449074074 0.2356773449074074 0.5325523449074074 0.2526039074074074 0.5052085949074074 0.25390625 0.5052085949074074 0.2799476574074074 0.515625 0.2799476574074074 0.5169273449074074 0.30078125
1 0.06901015509259259 0.6927085949074074 0.12239609490740741 0.73046875 0.1471351574074074 0.7096351550925926 0.16015625 0.71484375 0.1848960949074074 0.6692710949074074 0.125 0.6236976550925926 0.0859375 0.67578125 0.07552109490740741 0.6666664050925926 0.06901015509259259 0.6927085949074074
1 0.2513023449074074 0.7005210949074074 0.2122398449074074 0.75 0.2330726574074074 0.7669273449074074 0.2799476574074074 0.7135414050925926 0.2513023449074074 0.7005210949074074
1 0.3776039074074074 0.75 0.3919273449074074 0.6888023449074074 0.3190101574074074 0.6640625 0.28515625 0.7486976550925926 0.3528648449074074 0.7708335949074074 0.3645835949074074 0.7473960949074074 0.3776039074074074 0.75
1 0.4153648449074074 0.6015625 0.3880210949074074 0.6510414050925926 0.4114585949074074 0.6666664050925926 0.4375 0.6106773449074074 0.4153648449074074 0.6015625
1 0.546875 0.6653648449074074 0.5625 0.6536460949074074 0.5794273449074074 0.5690101550925926 0.5598960949074074 0.5625 0.5455726550925926 0.5768226550925926 0.5390625 0.60546875 0.4674476550925926 0.5859375 0.4609375 0.625 0.4622398449074074 0.640625 0.546875 0.6653648449074074
1 0.46484375 0.72265625 0.5013023449074074 0.7291664050925926 0.5143226550925926 0.6875 0.4921875 0.6809898449074074 0.4869789050925926 0.6901039050925926 0.4466148449074074 0.6783851550925926 0.4322914050925926 0.6979164050925926 0.45703125 0.7109375 0.46484375 0.72265625
1 0.4544273449074074 0.71484375 0.4205726550925926 0.7005210949074074 0.3997398449074074 0.75 0.44921875 0.76171875 0.4544273449074074 0.71484375
1 0.4388023449074074 0.8502601574074075 0.43359375 0.8645835949074074 0.4388023449074074 0.8815101574074075 0.4609375 0.8893226574074075 0.5065101550925926 0.7526039050925926 0.4583335949074074 0.73046875 0.4205726550925926 0.8450523449074074 0.4388023449074074 0.8502601574074075
1 0.5260414050925926 0.7643226550925926 0.5078125 0.7734375 0.4895835949074074 0.828125 0.5169273449074074 0.8346351574074075 0.5169273449074074 0.8528648449074074 0.55078125 0.84375 0.5442710949074074 0.8177085949074074 0.5716148449074074 0.80859375 0.5729164050925926 0.8333335949074074 0.5872398449074074 0.84765625 0.6302085949074074 0.8450523449074074 0.6354164050925926 0.828125 0.6197914050925926 0.80078125 0.58984375 0.8059898449074074 0.5859375 0.78515625 0.578125 0.7682289050925926 0.5598960949074074 0.7135414050925926 0.53125 0.7096351550925926 0.5234375 0.7200523449074074 0.5260414050925926 0.7643226550925926
1 0.6171875 0.6953125 0.66796875 0.59765625 0.6575523449074074 0.57421875 0.6328125 0.5638023449074074 0.62109375 0.5677085949074074 0.5924476550925926 0.6184898449074074 0.57421875 0.6731773449074074 0.6171875 0.6953125
1 0.7018226550925926 0.6614585949074074 0.6614585949074074 0.62890625 0.6471351550925926 0.6419273449074074 0.6927085949074074 0.6770835949074074 0.7018226550925926 0.6614585949074074
1 0.8216148449074074 0.5572914050925926 0.8411460949074074 0.5572914050925926 0.8450523449074074 0.5677085949074074 0.9270835949074074 0.5481773449074074 0.93359375 0.53125 0.9192710949074074 0.48046875 0.73046875 0.5182289050925926 0.7200523449074074 0.5325523449074074 0.72265625 0.5598960949074074 0.734375 0.5885414050925926 0.8059898449074074 0.5690101550925926 0.8216148449074074 0.5572914050925926
1 0.7682289050925926 0.6627601550925926 0.7760414050925926 0.68359375 0.7955726550925926 0.6822914050925926 0.796875 0.6861976550925926 0.84375 0.67578125 0.8776039074074075 0.6640625 0.8645835949074074 0.6080726550925926 0.8255210949074074 0.62109375 0.8203125 0.61328125 0.80078125 0.6145835949074074 0.80078125 0.6223960949074074 0.7721351550925926 0.6302085949074074 0.7682289050925926 0.6158851550925926 0.7278648449074074 0.6328125 0.7408851550925926 0.6497398449074074 0.7526039050925926 0.6484375 0.7682289050925926 0.6627601550925926
1 0.7526039050925926 0.875 0.7526039050925926 0.8815101574074075 0.78515625 0.8919273449074074 0.8385414074074075 0.8307289074074075 0.7994789050925926 0.80078125 0.7721351550925926 0.828125 0.7630210949074074 0.828125 0.734375 0.8567710949074074 0.7526039050925926 0.875
1 0.7369789050925926 0.99921875 0.75390625 0.9752601574074075 0.7434898449074074 0.9674476574074075 0.7760414050925926 0.9231773449074074 0.7291664050925926 0.8932289074074075 0.71484375 0.8997398449074074 0.671875 0.95703125 0.7369789050925926 0.99921875
1 0.8528648449074074 0.9739585949074074 0.8125 0.9505210949074074 0.7799476550925926 0.99921875 0.8359375 0.99921875 0.8528648449074074 0.9739585949074074
1 0.96875 0.8997398449074074 0.9361976574074075 0.8984375 0.9466148449074074 0.9596351574074075 0.99921875 0.953125 0.9973960949074074 0.8893226574074075 0.96875 0.8997398449074074
1 0.71875 0.3385414074074074 0.6588539050925926 0.359375 0.6731773449074074 0.4166664050925926 0.7317710949074074 0.39453125 0.7434898449074074 0.3854164074074074 0.71875 0.3385414074074074
1 0.0494789050925926 0.8828125 0.02083359490740741 0.9127601574074075 0.05078125 0.9440101574074075 0.0859375 0.9088539074074075 0.0494789050925926 0.8828125
1 0.1276039050925926 0.921875 0.12369765509259259 0.9153648449074074 0.11458359490740741 0.8997398449074074 0.06770859490740741 0.9544273449074074 0.09375 0.9856773449074074 0.13671875 0.9283851574074075 0.1276039050925926 0.921875
1 0.2408851574074074 0.9505210949074074 0.2239585949074074 0.9557289074074075 0.1979164050925926 0.94921875 0.1640625 0.9947914074074075 0.2578125 0.99921875 0.2682289074074074 0.9739585949074074 0.2408851574074074 0.9505210949074074
1 0.34765625 0.8072914074074075 0.3346351574074074 0.7942710949074074 0.3098960949074074 0.7864585949074074 0.296875 0.8020835949074074 0.2760414074074074 0.8671875 0.3307289074074074 0.8815101574074075 0.34765625 0.8072914074074075
1 0.31640625 0.9114585949074074 0.2786460949074074 0.8958335949074074 0.25390625 0.94921875 0.28515625 0.9778648449074074 0.2942710949074074 0.9752601574074075 0.31640625 0.9114585949074074
1 0.4375 0.8893226574074075 0.3776039074074074 0.86328125 0.3619789074074074 0.9075523449074074 0.41796875 0.9375 0.4375 0.8893226574074075
1 0.3841148449074074 0.9505210949074074 0.3619789074074074 0.94140625 0.3489585949074074 0.9778648449074074 0.36328125 0.99921875 0.3841148449074074 0.9505210949074074
1 0.1901039050925926 0.11979140509259259 0.2005210949074074 0.1263023449074074 0.1953125 0.1536460949074074 0.2330726574074074 0.1692710949074074 0.25334843749999997 0.1389507824074074 0.2916664074074074 0.1419273449074074 0.3059898449074074 0.1171875 0.2682289074074074 0.11458359490740741 0.28125 0.08091484490740741 0.23828125 0.078125 0.234375 0.08984375 0.21484375 0.08072890509259259 0.2109375 0.10416640509259259 0.2018226574074074 0.1015625 0.1901039050925926 0.11979140509259259
1 0.28125 0.09635390509259259 0.3030132824074074 0.10770078240740741 0.3125 0.07421875 0.3967632824074074 0.10379453240740741 0.3883929699074074 0.1489953125 0.4153648449074074 0.15625 0.4427085949074074 0.08333359490740741 0.40625 0.0641742199074074 0.3761164074074074 0.0546875 0.3353796875 0.040736719907407404 0.3292414074074074 0.04296875 0.3013390625 0.03348203240740741 0.2879460949074074 0.06473203240740741 0.2918523449074074 0.06975468750000001 0.28125 0.09635390509259259
0 0.3997398449074074 0.7552085949074074 0.375 0.8528648449074074 0.4127601550925926 0.8684898449074074 0.4388023449074074 0.7669273449074074 0.3997398449074074 0.7552085949074074
0 0.7317710949074074 0.86328125 0.8020835949074074 0.7916664050925926 0.84375 0.8255210949074074 0.8567710949074074 0.80859375 0.8333335949074074 0.7799476550925926 0.8385414074074075 0.7604164050925926 0.90625 0.7473960949074074 0.91015625 0.7135414050925926 0.8893226574074075 0.7161460949074074 0.875 0.6692710949074074 0.8385414074074075 0.6770835949074074 0.8489585949074074 0.7161460949074074 0.80859375 0.71484375 0.796875 0.7682289050925926 0.703125 0.85546875 0.7317710949074074 0.86328125
0 0.9231773449074074 0.8072914074074075 0.9361976574074075 0.8919273449074074 0.99921875 0.8763023449074074 0.9947914074074075 0.7955726550925926 0.9231773449074074 0.8072914074074075
0 0.026988282407407405 0.17471562499999999 0.0490054675925926 0.17684687500000001 0.1419273449074074 0.1809898449074074 0.1692710949074074 0.1640625 0.18359375 0.1458335949074074 0.1796875 0.11197890509259259 0.1536460949074074 0.10416640509259259 0.16015625 0.07942734490740741 0.1315101550925926 0.0703125 0.11197890509259259 0.10546875 0.08380703240740742 0.1015625 0.0610796875 0.1399148449074074 0.036221875 0.13849453240740742 0.026988282407407405 0.1633523449074074 0.026988282407407405 0.17471562499999999
0 0.5143226550925926 0.70703125 0.56640625 0.7044273449074074 0.5768226550925926 0.7447914050925926 0.6002601550925926 0.75390625 0.5963539050925926 0.6888023449074074 0.55078125 0.6692710949074074 0.44140625 0.640625 0.4322914050925926 0.6614585949074074 0.5143226550925926 0.6783851550925926 0.5143226550925926 0.70703125
3 0.0598960949074074 0.72265625 0.05859375 0.6979164050925926 0.07682265509259259 0.65625 0.0859375 0.6640625 0.125 0.6184898449074074 0.1666664050925926 0.6341148449074074 0.1861976550925926 0.62109375 0.2369789074074074 0.5442710949074074 0.2513023449074074 0.5455726550925926 0.2916664074074074 0.5234375 0.3372398449074074 0.46875 0.3216148449074074 0.453125 0.3372398449074074 0.4348960949074074 0.3333335949074074 0.41796875 0.24609375 0.3802085949074074 0.2513023449074074 0.3567710949074074 0.2369789074074074 0.3359375 0.2526039074074074 0.2890625 0.19921875 0.2682289074074074 0.12109375 0.3411460949074074 0.10026015509259259 0.3385414074074074 0.0625 0.3082382824074074 0.10369296990740741 0.2663351550925926 0.112215625 0.2521304675925926 0.049715625000000006 0.2428976550925926 0.0326703125 0.2414773449074074 0 0.23011328240740742 0.006510157407407407 0.8203125 0.09895859490740741 0.765625 0.0598960949074074 0.72265625
2 0.375 0.1740054699074074 0.385653125 0.15269921990740742 0.3889507824074074 0.1450890625 0.390625 0.10677109490740741 0.3577007824074074 0.09263359490740741 0.3141742199074074 0.07868281249999999 0.3080359375 0.10881718750000001 0.3097101574074074 0.1171875 0.2957585949074074 0.1484375 0.2552085949074074 0.1432289074074074 0.23828125 0.1653648449074074 0.2606023449074074 0.1713171875 0.2723210949074074 0.1768976574074074 0.28515625 0.1819195324074074 0.2985492199074074 0.1880578125 0.3046875 0.1908484375 0.3147320324074074 0.1902898449074074 0.3292414074074074 0.1947546875 0.3353796875 0.1997765625 0.3599328125 0.2025671875 0.3666296875 0.2081476550925926 0.38950859490740736 0.2109375 0.4029015625 0.2170757824074074 0.41493046990740745 0.2161460949074074 0.418403125 0.1935765625 0.417534375 0.18402812500000001 0.3948867175925926 0.17684687500000001 0.375 0.1740054699074074
3 0.5251734375 0.1536460949074074 0.6223960949074074 0.1263023449074074 0.65234375 0.2096351574074074 0.67578125 0.2109375 0.6796875 0.09895859490740741 0.7513023449074074 0.09895859490740741 0.76171875 0.0078125 0.6158851550925926 0.00390625 0.6158851550925926 0.09505234490740741 0.52734375 0.09114609490740741 0.5251734375 0.1536460949074074
0 0.8098960949074074 0.0481773449074074 0.7604164050925926 0.0442710949074074 0.7526039050925926 0.18359375 0.8072914074074075 0.18359375 0.8098960949074074 0.0481773449074074
0 0.8967015625 0.16493046759259258 0.9131945324074074 0.1545140625 0.92578125 0.01953125 0.9071179699074073 0.0060765624999999995 0.8862843749999999 0 0.8498265625 0.0008679699074074074 0.8515625 0.0481773449074074 0.8997398449074074 0.0481773449074074 0.8967015625 0.16493046759259258
3 0.7591148449074074 0.75 0.796875 0.7239585949074074 0.7955726550925926 0.7109375 0.7565101550925926 0.6705726550925926 0.7161460949074074 0.6471351550925926 0.6979164050925926 0.6770835949074074 0.6497398449074074 0.6471351550925926 0.6197914050925926 0.7018226550925926 0.6015625 0.6927085949074074 0.6080726550925926 0.7669273449074074 0.6549476550925926 0.7890625 0.6536460949074074 0.8151039074074075 0.6328125 0.8268226574074075 0.6328125 0.8450523449074074 0.6145835949074074 0.8502601574074075 0.59765625 0.859375 0.6158851550925926 0.89453125 0.6380210949074074 0.89453125 0.69921875 0.7981773449074074 0.7591148449074074 0.75
2 0.4947914050925926 0.9713539074074075 0.515625 0.9934898449074074 0.5611976550925926 0.9856773449074074 0.5963539050925926 0.94921875 0.6080726550925926 0.9127601574074075 0.6002601550925926 0.8854164074074075 0.5598960949074074 0.8776039074074075 0.5364585949074074 0.8741320300925927 0.5052085949074074 0.89453125 0.5026039050925926 0.8984375 0.4869789050925926 0.9283851574074075 0.4947914050925926 0.9713539074074075
3 0.1640625 0.83203125 0.2434898449074074 0.8697914074074075 0.28125 0.8541664074074075 0.2838539074074074 0.8111976574074075 0.2526039074074074 0.77734375 0.2122398449074074 0.7721351550925926 0.1497398449074074 0.8020835949074074 0.04296875 0.84765625 0.08854140509259259 0.9010414074074075 0.11588515509259259 0.890625 0.1640625 0.83203125
3 0.8450523449074074 0.7734375 0.8645835949074074 0.80078125 0.86328125 0.8307289074074075 0.8177085949074074 0.8841148449074074 0.828125 0.91796875 0.8606773449074074 0.9635414074074075 0.8541664074074075 0.9986976574074075 0.9153648449074074 0.99921875 0.8776039074074075 0.7604164050925926 0.8684898449074074 0.7591148449074074 0.8567710949074074 0.76171875 0.8450523449074074 0.7734375
3 0.99609375 0.74609375 0.90625 0.7526039050925926 0.91796875 0.7955726550925926 0.98828125 0.7903648449074074 0.99921875 0.78515625 0.99609375 0.74609375
3 0.9114585949074074 0.5572914050925926 0.87109375 0.5755210949074074 0.8971351574074075 0.7083335949074074 0.9609375 0.7109375 0.9331593749999999 0.5772570324074073 0.9114585949074074 0.5572914050925926
2 0.99921875 0.62109375 0.9674476574074075 0.5690101550925926 0.9361976574074075 0.55859375 0.9375 0.5703125 0.96484375 0.7109375 0.9986976574074075 0.7109375 0.99921875 0.62109375
0 0.3359375 0.4153648449074074 0.3619789074074074 0.41796875 0.40234375 0.3645835949074074 0.4010414050925926 0.3177085949074074 0.2669273449074074 0.2890625 0.2513023449074074 0.3216148449074074 0.359375 0.3606773449074074 0.3658851574074074 0.3723960949074074 0.3359375 0.4153648449074074
2 0.11848984490740741 0.2625867199074074 0.1510414050925926 0.300346875 0.1979164050925926 0.2599828125 0.234375 0.269096875 0.24609375 0.2717015625 0.2552085949074074 0.2196179699074074 0.2395835949074074 0.1818578125 0.203125 0.17274296759259258 0.1861976550925926 0.18836796759259258 0.1666664050925926 0.23003437499999999 0.1471351574074074 0.2508679699074074 0.11848984490740741 0.2625867199074074
1 0.6588539050925926 0.24609375 0.6770835949074074 0.2473960949074074 0.7018226550925926 0.2356773449074074 0.71484375 0.2174476574074074 0.7083335949074074 0.1927085949074074 0.6875 0.1927085949074074 0.68359375 0.2200523449074074 0.6588539050925926 0.22265625 0.6588539050925926 0.24609375
3 0.6106773449074074 0.3046875 0.6888023449074074 0.2864585949074074 0.7239585949074074 0.25 0.6953125 0.2552085949074074 0.6549476550925926 0.2513023449074074 0.6549476550925926 0.2291664074074074 0.640625 0.19921875 0.5651039050925926 0.23046875 0.5625 0.296875 0.6002601550925926 0.296875 0.6106773449074074 0.3046875
3 0.9265625 0.12369765509259259 0.9157984375 0.1692710949074074 0.8932289074074075 0.1744789050925926 0.8862843749999999 0.18055546759259258 0.8471351574074073 0.1796875 0.8098960949074074 0.1796875 0.8072914074074075 0.19097187499999999 0.7100695324074074 0.1892359375 0.7309031250000001 0.2361109375 0.75859375 0.296875 0.81328125 0.3932289074074074 0.93359375 0.3697914074074074 0.9322914074074075 0.3346351574074074 0.9010414074074075 0.3255210949074074 0.8940101574074073 0.25390625 0.96171875 0.2473960949074074 0.9734375 0.28125 0.9799476574074073 0.35546875 0.9981773425925925 0.3463539074074074 0.99921875 0 0.9330726574074073 0.0078125 0.93046875 0.0572914050925926 0.9890625 0.06380234490740741 0.9864585925925925 0.1276039050925926 0.9265625 0.12369765509259259
0 0.9401039074074075 0.3424476574074074 0.94140625 0.3697914074074074 0.9765625 0.3619789074074074 0.9739585949074074 0.3359375 0.9401039074074075 0.3424476574074074
3 0.8684898449074074 0.4153648449074074 0.8776039074074075 0.44140625 0.99921875 0.41796875 0.99609375 0.3802085949074074 0.8684898449074074 0.4153648449074074
2 0.8098960949074074 0.17578125 0.8372398449074074 0.17578125 0.84375 0.01171875 0.7721351550925926 0.0078125 0.7669273449074074 0.03645859490740741 0.8151039074074075 0.0403648449074074 0.8098960949074074 0.17578125
1 0.4973960949074074 0.984375 0.4921875 0.9557289074074075 0.4817710949074074 0.9205726574074075 0.4973960949074074 0.8919273449074074 0.4713539050925926 0.88671875 0.45703125 0.9440101574074075 0.4544273449074074 0.9609375 0.4856773449074074 0.9817710949074074 0.4973960949074074 0.984375
3 0.7174476550925926 0.99921875 0.6640625 0.9596351574074075 0.70703125 0.8880210949074074 0.6861976550925926 0.8723960949074074 0.6354164050925926 0.9479164074074075 0.6223960949074074 0.9895835949074074 0.625 0.9973960949074074 0.7174476550925926 0.99921875
0 0.7291664050925926 0.2838539074074074 0.6315101550925926 0.3151039074074074 0.6419273449074074 0.3580726574074074 0.7552085949074074 0.3190101574074074 0.7291664050925926 0.2838539074074074
1 0.99921875 0.5169273449074074 0.99921875 0.4622398449074074 0.9348960949074074 0.4791664050925926 0.9453125 0.5169273449074074 0.9674476574074075 0.515625 0.99921875 0.5169273449074074
2 0.734375 0.37109375 0.75390625 0.39453125 0.7786460949074074 0.4114585949074074 0.796875 0.4205726550925926 0.8125 0.41015625 0.8046875 0.3919273449074074 0.7825523449074074 0.3541664074074074 0.7682289050925926 0.3333335949074074 0.7447914050925926 0.3333335949074074 0.734375 0.34375 0.734375 0.37109375
2 0.5060765625 0.23350703240740742 0.5095484375 0.2404515625 0.5260414050925926 0.2352429699074074 0.535590625 0.2317710949074074 0.5486109375 0.23003437499999999 0.5555554699074075 0.22569453240740742 0.5486109375 0.2005210949074074 0.5390625 0.16493046759259258 0.527778125 0.1545140625 0.5138890625 0.1588539050925926 0.5060765625 0.1814234375 0.5095484375 0.2118054699074074 0.503471875 0.22222187499999999 0.5060765625 0.23350703240740742
3 0.4157367199074074 0.2142859375 0.44921875 0.2243304675925926 0.4776789074074074 0.2338171875 0.4921875 0.2326390625 0.4972101574074074 0.1573664050925926 0.49888359490740736 0.1222101574074074 0.4913195324074074 0.10243046990740741 0.4522570324074074 0.08506953009259259 0.4427085949074074 0.08506953009259259 0.42361093749999995 0.13368046990740742 0.417534375 0.15277812500000001 0.41493046990740745 0.1579859375 0.39149296990740745 0.15190937499999999 0.3772320324074074 0.1713171875 0.41294609490740736 0.1774554699074074 0.42075859490740736 0.1852679699074074 0.4157367199074074 0.2142859375
2 0.2248882824074074 0.060267969907407404 0.2349328125 0.06752265740740741 0.25334843749999997 0.07254453240740741 0.26227656250000003 0.07142890740740741 0.27790156250000003 0.07142890740740741 0.2862726550925926 0.0619421875 0.2879460949074074 0.0474328125 0.27734375 0.032366407407407406 0.2667414050925926 0.0239953125 0.25837031250000003 0.025111719907407407 0.2444195324074074 0.03515625 0.2299109375 0.037388280092592596 0.2215398449074074 0.052455469907407404 0.2248882824074074 0.060267969907407404
1 0.23090312500000001 0.8732640625 0.16319453240740742 0.8385414074074075 0.14149296990740742 0.8802085949074074 0.15625 0.8975695300925927 0.1640625 0.9079859375 0.2005210949074074 0.9270835949074074 0.23090312500000001 0.8732640625
1 0.5744789074074075 0.3536460949074074 0.5875 0.3942710925925926 0.6390625 0.3755210925925926 0.6244789074074073 0.3333335949074074 0.5744789074074075 0.3536460949074074