1 0.3229164074074074 0.3880210949074074 0.3229164074074074 0.3671875 0.2057289074074074 0.1861976550925926 0.02213515509259259 0.3072914074074074 0.1393226574074074 0.4973960949074074 0.3229164074074074 0.3880210949074074
1 0.3971351574074074 0.05078125 0.2916664074074074 0.12369765509259259 0.2864585949074074 0.1328125 0.2356773449074074 0.16796875 0.3684898449074074 0.3671875 0.5286460949074074 0.2630210949074074 0.5247398449074074 0.2473960949074074 0.3971351574074074 0.05078125
1 0.7044273449074074 0.11588515509259259 0.7239585949074074 0.1940101550925926 0.81640625 0.16796875 0.7747398449074074 0 0.71875 0.00390625 0.5572914050925926 0.03125 0.4361976550925926 0.046875 0.4375 0.05859375 0.5559898449074074 0.2369789074074074 0.6484375 0.2122398449074074 0.6302085949074074 0.1328125 0.7044273449074074 0.11588515509259259
1 0.8046875 0 0.9192710949074074 0.41015625 0.99921875 0.3828125 0.99921875 0 0.8046875 0
1 0 0 0.00390625 0.2135414074074074 0.3216148449074074 0.0026039074074074076 0.3138023449074074 0 0 0
1 0 0.65625 0.15625 0.6158851550925926 0.1640625 0.6080726550925926 0.1640625 0.5859375 0.11848984490740741 0.5026039050925926 0.10807265509259259 0.5104164050925926 0 0.32421875 0 0.65625
1 0.4192710949074074 0.54296875 0.42578125 0.5208335949074074 0.34765625 0.40234375 0.1627601550925926 0.5182289050925926 0.2005210949074074 0.5859375 0.21484375 0.5963539050925926 0.4192710949074074 0.54296875
1 0.4973960949074074 0.5234375 0.546875 0.5130210949074074 0.53515625 0.4791664050925926 0.515625 0.4817710949074074 0.5065101550925926 0.5013023449074074 0.5026039050925926 0.4973960949074074 0.4856773449074074 0.4752601550925926 0.46875 0.453125 0.4583335949074074 0.4296875 0.4609375 0.41015625 0.4739585949074074 0.38671875 0.44921875 0.3424476574074074 0.375 0.38671875 0.4622398449074074 0.5247398449074074 0.4973960949074074 0.5234375
1 0.5442710949074074 0.4127601550925926 0.5442710949074074 0.4309898449074074 0.53125 0.4466148449074074 0.5247398449074074 0.4596351550925926 0.5481773449074074 0.5065101550925926 0.6666664050925926 0.4817710949074074 0.6627601550925926 0.4518226550925926 0.5390625 0.2708335949074074 0.4895835949074074 0.3020835949074074 0.4921875 0.3203125 0.4505210949074074 0.33984375 0.4752601550925926 0.3802085949074074 0.5182289050925926 0.3763023449074074 0.5403648449074074 0.3919273449074074 0.5442710949074074 0.4127601550925926
1 0.8828125 0.4244789050925926 0.828125 0.19921875 0.8098960949074074 0.1861976550925926 0.6393226550925926 0.2330726574074074 0.6341148449074074 0.2421875 0.5859375 0.25 0.578125 0.2669273449074074 0.70703125 0.4609375 0.7265625 0.4713539050925926 0.8828125 0.4244789050925926
1 0.23046875 0.9309898449074074 0.3072914074074074 0.91015625 0.3098960949074074 0.9010414074074075 0.24609375 0.6575523449074074 0.05078125 0.7096351550925926 0.0520835949074074 0.7109375 0.11848984490740741 0.95703125 0.23046875 0.9309898449074074
1 0.01953125 0.72265625 0.0026039074074074076 0.7291664050925926 0 0.9830726574074075 0.0859375 0.9674476574074075 0.01953125 0.72265625
1 0.48046875 0.6276039050925926 0.47265625 0.5924476550925926 0.27734375 0.64453125 0.33984375 0.8971351574074075 0.5403648449074074 0.8450523449074074 0.5 0.6901039050925926 0.48046875 0.6276039050925926
1 0.8424476574074075 0.7291664050925926 0.7109375 0.53125 0.5065101550925926 0.58984375 0.5729164050925926 0.83984375 0.8307289074074075 0.7721351550925926 0.8411460949074074 0.7513023449074074 0.8424476574074075 0.7291664050925926
1 0.99921875 0.7135414050925926 0.9986976574074075 0.6263023449074074 0.8958335949074074 0.4817710949074074 0.7630210949074074 0.515625 0.75390625 0.5364585949074074 0.8932289074074075 0.7486976550925926 0.99921875 0.7135414050925926
1 0.99609375 0.7421875 0.9192710949074074 0.7643226550925926 0.91015625 0.77734375 0.99921875 0.9440101574074075 0.99609375 0.7421875
1 0.99609375 0.99921875 0.8619789074074075 0.7747398449074074 0.5773504722222222 0.8553193240740741 0.6432289050925926 0.99921875 0.99609375 0.99921875
1 0.5442710949074074 0.86328125 0.3528648449074074 0.9140625 0.3697914074074074 0.9973960949074074 0.60546875 0.99921875 0.5442710949074074 0.86328125
1 0.1276039050925926 0.9739585949074074 0.125 0.9830726574074075 0.12890625 0.99921875 0.3385414074074074 0.99921875 0.3151039074074074 0.9283851574074075 0.1276039050925926 0.9739585949074074
2 0 0.7096351550925926 0.010416407407407409 0.7174476550925926 0.03515625 0.7213539050925926 0.07552109490740741 0.6979164050925926 0.1263023449074074 0.6861976550925926 0.1848960949074074 0.66796875 0.2291664074074074 0.6549476550925926 0.2747398449074074 0.62890625 0.30859375 0.6197914050925926 0.359375 0.6106773449074074 0.41796875 0.5924476550925926 0.4427085949074074 0.5846351550925926 0.4791664050925926 0.5768226550925926 0.515625 0.5651039050925926 0.5572914050925926 0.5690101550925926 0.5872398449074074 0.5625 0.6158851550925926 0.5572914050925926 0.6627601550925926 0.5416664050925926 0.6953125 0.5234375 0.70703125 0.5026039050925926 0.6888023449074074 0.4778648449074074 0.6666664050925926 0.4856773449074074 0.6223960949074074 0.4973960949074074 0.5963539050925926 0.50390625 0.5598960949074074 0.51171875 0.53515625 0.5182289050925926 0.4973960949074074 0.5286460949074074 0.47265625 0.5286460949074074 0.4401039050925926 0.5416664050925926 0.40625 0.5520835949074074 0.3671875 0.5598960949074074 0.30078125 0.5755210949074074 0.25390625 0.59375 0.2135414074074074 0.5963539050925926 0.18359375 0.60546875 0.1432289074074074 0.62109375 0.10286484490740741 0.6302085949074074 0.0625 0.6484375 0.0234375 0.6484375 0.00390625 0.6627601550925926 0 0.6653648449074074 0 0.7096351550925926
0 0.9973960949074074 0.4036460949074074 0.9296875 0.4309898449074074 0.9557289074074075 0.51171875 0.9921875 0.5690101550925926 0.99921875 0.58203125 0.9973960949074074 0.4036460949074074
0 0.6341148449074074 0.1341148449074074 0.6510414050925926 0.2057289074074074 0.7174476550925926 0.1861976550925926 0.69921875 0.1171875 0.6341148449074074 0.1341148449074074
2 0.2369789074074074 0.0572914050925926 0.1953125 0.0859375 0.1627601550925926 0.10807265509259259 0.1263023449074074 0.12890625 0.1171875 0.15234375 0.1276039050925926 0.1627601550925926 0.1640625 0.1471351574074074 0.265625 0.0703125 0.30859375 0.05078125 0.3333335949074074 0.02994765509259259 0.3229164074074074 0.0078125 0.30078125 0.014322655092592593 0.2734375 0.03125 0.2708335949074074 0.0416664050925926 0.2369789074074074 0.0572914050925926
2 0.0403648449074074 0.203125 0.018228905092592593 0.20703125 0.005208594907407407 0.21484375 0 0.2369789074074074 0.015625 0.2369789074074074 0.04296875 0.2213539074074074 0.0403648449074074 0.203125