1 0.3776039074074074 0.1341148449074074 0.07291640509259259 0.009114844907407407 0.01953125 0.1627601550925926 0.3177085949074074 0.2838539074074074 0.3776039074074074 0.1341148449074074
1 0.71484375 0.2604164074074074 0.4153648449074074 0.1484375 0.3567710949074074 0.3020835949074074 0.6549476550925926 0.4231773449074074 0.71484375 0.2604164074074074
1 0.640625 0.4544273449074074 0.5481773449074074 0.4153648449074074 0.5338539050925926 0.4518226550925926 0.5130210949074074 0.4856773449074074 0.4986976550925926 0.5026039050925926 0.49609375 0.4934898449074074 0.4765625 0.4674476550925926 0.4544273449074074 0.4375 0.4544273449074074 0.4140625 0.4583335949074074 0.390625 0.4739585949074074 0.3815101574074074 0.3411460949074074 0.3372398449074074 0.2799476574074074 0.5013023449074074 0.5794273449074074 0.6171875 0.640625 0.4544273449074074
1 0 0.39453125 0.2434898449074074 0.4869789050925926 0.2799476574074074 0.3880210949074074 0.26171875 0.3815101574074074 0.2903648449074074 0.3125 0.0078125 0.19140625 0 0.19921875 0 0.39453125
1 0.9244789074074075 0.7473960949074074 0.9817710949074074 0.5885414050925926 0.67578125 0.4674476550925926 0.62109375 0.6197914050925926 0.6197914050925926 0.6315101550925926 0.9244789074074075 0.7473960949074074
1 0 0.71484375 0.02083359490740741 0.7083335949074074 0.0390625 0.75 0.06901015509259259 0.7513023449074074 0.07942734490740741 0.7630210949074074 0.10546875 0.7708335949074074 0.125 0.75390625 0.140625 0.7213539050925926 0.171875 0.6393226550925926 0.23046875 0.66015625 0.2421875 0.6393226550925926 0.1614585949074074 0.6041664050925926 0.1575523449074074 0.61328125 0.015625 0.58203125 0.013021094907407407 0.5677085949074074 0 0.57421875 0 0.71484375
1 0.1575523449074074 0.8020835949074074 0.1471351574074074 0.8059898449074074 0.12239609490740741 0.8229164074074075 0.11848984490740741 0.85546875 0.2044273449074074 0.9895835949074074 0.34375 0.9075523449074074 0.4479164050925926 0.8190101574074075 0.4700523449074074 0.7955726550925926 0.51953125 0.7083335949074074 0.5286460949074074 0.6692710949074074 0.2630210949074074 0.5716148449074074 0.2109375 0.6927085949074074 0.1953125 0.7252601550925926 0.19921875 0.7317710949074074 0.1575523449074074 0.8020835949074074
1 0.515625 0.859375 0.5078125 0.8723960949074074 0.5078125 0.8854164074074075 0.5755210949074074 0.99921875 0.6627601550925926 0.9817710949074074 0.6549476550925926 0.9140625 0.6419273449074074 0.8333335949074074 0.6236976550925926 0.8111976574074075 0.6041664050925926 0.8033851574074075 0.6028648449074074 0.79296875 0.5598960949074074 0.77734375 0.5221351550925926 0.8177085949074074 0.5286460949074074 0.8229164074074075 0.5130210949074074 0.83984375 0.515625 0.859375
1 0.73828125 0.9947914074074075 0.81640625 0.99921875 0.796875 0.94140625 0.8294273449074074 0.9401039074074075 0.8841148449074074 0.7994789050925926 0.81640625 0.7760414050925926 0.8138023449074074 0.78125 0.7044273449074074 0.7356773449074074 0.6783851550925926 0.81640625 0.6861976550925926 0.9088539074074075 0.6979164050925926 0.9635414074074075 0.73828125 0.9947914074074075
1 0.99921875 0.99921875 0.99921875 0.8294273449074074 0.890625 0.7903648449074074 0.8268226574074075 0.9466148449074074 0.8020835949074074 0.9440101574074075 0.8177085949074074 0.9973960949074074 0.99921875 0.99921875
1 0.99921875 0.6432289050925926 0.96484375 0.7330726550925926 0.9791664074074075 0.7708335949074074 0.99921875 0.76953125 0.99921875 0.6432289050925926
1 0.99609375 0.5520835949074074 0.99921875 0.3776039074074074 0.7513023449074074 0.2747398449074074 0.6940101550925926 0.4244789050925926 0.6940101550925926 0.4388023449074074 0.99609375 0.5520835949074074
1 0.3919273449074074 0.09765625 0.4283851550925926 0 0.1536460949074074 0.00390625 0.3919273449074074 0.09765625
1 0.484375 0 0.4388023449074074 0.11328125 0.4479164050925926 0.12369765509259259 0.7278648449074074 0.234375 0.7838539050925926 0.06640625 0.5846351550925926 0 0.4856773449074074 0 0.484375 0
1 0.99921875 0.1549476550925926 0.8216148449074074 0.08072890509259259 0.7643226550925926 0.2330726574074074 0.76953125 0.2552085949074074 0.99921875 0.34375 0.99921875 0.1549476550925926
1 0.8020835949074074 0.0494789050925926 0.8190101574074075 0 0.6640625 0.0013023449074074074 0.8020835949074074 0.0494789050925926
1 0.07421875 0.7591148449074074 0.0390625 0.7591148449074074 0.02083359490740741 0.7083335949074074 0.0026039074074074076 0.7161460949074074 0 0.9205726574074075 0.11328125 0.8932289074074075 0.07421875 0.7591148449074074
1 0 0.99921875 0.1458335949074074 0.99921875 0.1171875 0.9192710949074074 0 0.9557289074074075 0 0.99921875
1 0.8606773449074074 0.0013023449074074074 0.8411460949074074 0.0546875 0.99921875 0.11979140509259259 0.99921875 0 0.8606773449074074 0.0013023449074074074
0 0.53125 0.69921875 0.5078125 0.74609375 0.48046875 0.7838539050925926 0.5260414050925926 0.8177085949074074 0.5533851550925926 0.7747398449074074 0.5807289050925926 0.78125 0.6002601550925926 0.79296875 0.6067710949074074 0.7994789050925926 0.6354164050925926 0.8229164074074075 0.6458335949074074 0.8697914074074075 0.6783851550925926 0.8606773449074074 0.671875 0.8059898449074074 0.7018226550925926 0.734375 0.73046875 0.74609375 0.7565101550925926 0.6875 0.6276039050925926 0.6393226550925926 0.6158851550925926 0.625 0.6236976550925926 0.6015625 0.5963539050925926 0.5950523449074074 0.58203125 0.62109375 0.5390625 0.60546875 0.5130210949074074 0.65234375 0.52734375 0.6588539050925926 0.5377601550925926 0.6731773449074074 0.53125 0.69921875
0 0.1901039050925926 0.53125 0.0013023449074074074 0.4583335949074074 0.0013023449074074074 0.55859375 0.014322655092592593 0.57421875 0.04296875 0.5768226550925926 0.1484375 0.6080726550925926 0.15234375 0.5963539050925926 0.2356773449074074 0.6341148449074074 0.2916664074074074 0.4674476550925926 0.26171875 0.45703125 0.24609375 0.4921875 0.2122398449074074 0.4752601550925926 0.1901039050925926 0.53125
0 0.11848984490740741 0.7825523449074074 0.07552109490740741 0.7643226550925926 0.09505234490740741 0.828125 0.11458359490740741 0.8450523449074074 0.11848984490740741 0.8229164074074075 0.1263023449074074 0.8098960949074074 0.1549476550925926 0.7903648449074074 0.1901039050925926 0.7408851550925926 0.19140625 0.7278648449074074 0.2057289074074074 0.69921875 0.2174476574074074 0.6640625 0.1770835949074074 0.6497398449074074 0.16015625 0.6822914050925926 0.1536460949074074 0.71484375 0.11848984490740741 0.7825523449074074
0 0.5169273449074074 0.9661460949074074 0.5234375 0.9479164074074075 0.4986976550925926 0.9205726574074075 0.35546875 0.9973960949074074 0.50390625 0.99921875 0.5130210949074074 0.98828125 0.5169273449074074 0.9661460949074074
2 0.5768226550925926 0.9986976574074075 0.5390625 0.9557289074074075 0.5260414050925926 0.9466148449074074 0.52734375 0.9505210949074074 0.5182289050925926 0.9830726574074075 0.5182289050925926 0.9986976574074075 0.5638023449074074 0.99921875 0.5768226550925926 0.9986976574074075
0 0.2513023449074074 0.29296875 0.2942710949074074 0.3072914074074074 0.265625 0.37890625 0.31640625 0.40625 0.328125 0.37109375 0.3372398449074074 0.3359375 0.3567710949074074 0.34375 0.3723960949074074 0.3138023449074074 0.3489585949074074 0.3072914074074074 0.3567710949074074 0.2903648449074074 0.3255210949074074 0.2799476574074074 0.32421875 0.2877601574074074 0.2630210949074074 0.2630210949074074 0.2513023449074074 0.29296875