1 0.11328125 0.19921875 0.1966148449074074 0.2161460949074074 0.2747398449074074 0.2291664074074074 0.2473960949074074 0.359375 0.4140625 0.3854164074074074 0.4049476550925926 0.4088539050925926 0.4479164050925926 0.4205726550925926 0.4544273449074074 0.4192710949074074 0.4622398449074074 0.3997398449074074 0.4752601550925926 0.3815101574074074 0.5013023449074074 0.3684898449074074 0.5338539050925926 0.3815101574074074 0.5442710949074074 0.40625 0.5872398449074074 0.2265625 0.5299476550925926 0.2122398449074074 0.5247398449074074 0.2330726574074074 0.4791664050925926 0.2213539074074074 0.4739585949074074 0.2135414074074074 0.41015625 0.19921875 0.4088539050925926 0.203125 0.3151039074074074 0.17578125 0.3111976574074074 0.1888023449074074 0.2135414074074074 0.1640625 0.2096351574074074 0.1692710949074074 0.1770835949074074 0.1666664050925926 0.1796875 0.1536460949074074 0.1263023449074074 0.1419273449074074 0.12239609490740741 0.1510414050925926 0.09635390509259259 0.1432289074074074 0.08203125 0.1861976550925926 0.10546875 0.1888023449074074 0.11328125 0.19921875
1 0.14453125 0.2200523449074074 0.125 0.24609375 0.1614585949074074 0.2747398449074074 0.1822914050925926 0.234375 0.14453125 0.2200523449074074
1 0.3059898449074074 0.5260414050925926 0.3580726574074074 0.5885414050925926 0.4322914050925926 0.6471351550925926 0.4830726550925926 0.7005210949074074 0.5377601550925926 0.4440101550925926 0.5182289050925926 0.4622398449074074 0.5 0.5 0.4986976550925926 0.4895835949074074 0.4765625 0.4583335949074074 0.25 0.4361976550925926 0.2278648449074074 0.4479164050925926 0.2486976574074074 0.46875 0.3059898449074074 0.5260414050925926
1 0.625 0.7864585949074074 0.65234375 0.7864585949074074 0.6705726550925926 0.7734375 0.734375 0.7838539050925926 0.7682289050925926 0.6119789050925926 0.7057289050925926 0.6015625 0.70703125 0.5794273449074074 0.6966148449074074 0.5690101550925926 0.6822914050925926 0.5494789050925926 0.6627601550925926 0.5481773449074074 0.6341148449074074 0.5559898449074074 0.58984375 0.7552085949074074 0.5924476550925926 0.7721351550925926 0.625 0.7864585949074074
1 0.3346351574074074 0.00390625 0.35546875 0.15234375 0.5872398449074074 0.19921875 0.6276039050925926 0.0013023449074074074 0.3346351574074074 0.00390625
1 0.7526039050925926 0 0.6471351550925926 0.4908851550925926 0.6497398449074074 0.5104164050925926 0.6640625 0.515625 0.96875 0.4440101550925926 0.9583335949074074 0.3841148449074074 0.99921875 0.3776039074074074 0.99921875 0.3059898449074074 0.98046875 0.3098960949074074 0.96875 0.2421875 0.9986976574074075 0.2421875 0.99921875 0.0494789050925926 0.9544273449074074 0.0416664050925926 0.9544273449074074 0.03255234490740741 0.8098960949074074 0 0.7526039050925926 0
1 0.2864585949074074 0.7513023449074074 0.33203125 0.6966148449074074 0.1966148449074074 0.61328125 0.19140625 0.671875 0.2421875 0.7005210949074074 0.2473960949074074 0.72265625 0.2864585949074074 0.7513023449074074
1 0.2356773449074074 0.8671875 0.2252601574074074 0.86328125 0.2200523449074074 0.8919273449074074 0.26171875 0.8984375 0.24609375 0.953125 0.4244789050925926 0.99921875 0.4674476550925926 0.7994789050925926 0.4518226550925926 0.78515625 0.4010414050925926 0.765625 0.39453125 0.7682289050925926 0.3619789074074074 0.76171875 0.3541664074074074 0.7994789050925926 0.25390625 0.7786460949074074 0.2356773449074074 0.8671875
1 0.0013023449074074074 0.76953125 0 0.890625 0.0546875 0.8111976574074075 0.0013023449074074074 0.76953125
1 0 0.9908851574074075 0.06901015509259259 0.9088539074074075 0.03645859490740741 0.8893226574074075 0 0.9322914074074075 0 0.9908851574074075
1 0.8580726574074075 0.83203125 0.9140625 0.7513023449074074 0.91796875 0.7200523449074074 0.8372398449074074 0.671875 0.8307289074074075 0.6809898449074074 0.8138023449074074 0.6588539050925926 0.7565101550925926 0.7447914050925926 0.7721351550925926 0.7760414050925926 0.7877601550925926 0.7903648449074074 0.8580726574074075 0.83203125
1 0.99921875 0.6354164050925926 0.99921875 0.5169273449074074 0.9947914074074075 0.5221351550925926 0.9934898449074074 0.5338539050925926 0.9674476574074075 0.5364585949074074 0.9674476574074075 0.5247398449074074 0.93359375 0.5377601550925926 0.9635414074074075 0.671875 0.9895835949074074 0.6640625 0.9895835949074074 0.64453125 0.99921875 0.6354164050925926
0 0.9453125 0.6979164050925926 0.9270835949074074 0.6861976550925926 0.9088539074074075 0.7161460949074074 0.9244789074074075 0.7278648449074074 0.8580726574074075 0.83203125 0.7825523449074074 0.7916664050925926 0.78125 0.7747398449074074 0.7513023449074074 0.7486976550925926 0.7916664050925926 0.69140625 0.7591148449074074 0.6627601550925926 0.7278648449074074 0.7864585949074074 0.6822914050925926 0.7799476550925926 0.66015625 0.7838539050925926 0.6510414050925926 0.796875 0.6848960949074074 0.8125 0.71484375 0.8489585949074074 0.8372398449074074 0.91796875 0.9557289074074075 0.71875 0.9856773449074074 0.6770835949074074 0.9635414074074075 0.6692710949074074 0.9453125 0.6979164050925926
0 0.9661460949074074 0.8346351574074075 0.9127601574074075 0.7994789050925926 0.8346351574074075 0.9205726574074075 0.89453125 0.9557289074074075 0.9661460949074074 0.8346351574074075
3 0.9791664074074075 0.9986976574074075 0.99609375 0.9661460949074074 0.99921875 0.6888023449074074 0.9895835949074074 0.6809898449074074 0.9153648449074074 0.796875 0.9674476574074075 0.83984375 0.8997398449074074 0.9544273449074074 0.9791664074074075 0.9986976574074075
0 0.71484375 0.58203125 0.7109375 0.59765625 0.765625 0.6106773449074074 0.7669273449074074 0.62109375 0.8216148449074074 0.62109375 0.8411460949074074 0.5690101550925926 0.8463539074074075 0.5403648449074074 0.8541664074074075 0.515625 0.890625 0.4934898449074074 0.9075523449074074 0.4934898449074074 0.9010414074074075 0.4596351550925926 0.6627601550925926 0.5169273449074074 0.6471351550925926 0.5078125 0.6302085949074074 0.5533851550925926 0.6783851550925926 0.5455726550925926 0.7044273449074074 0.56640625 0.71484375 0.58203125
2 0.8515625 0.5377601550925926 0.8372398449074074 0.6028648449074074 0.8255210949074074 0.6302085949074074 0.7682289050925926 0.6302085949074074 0.76171875 0.6575523449074074 0.76953125 0.6744789050925926 0.7903648449074074 0.6770835949074074 0.7981773449074074 0.6627601550925926 0.8177085949074074 0.6627601550925926 0.8424476574074075 0.6627601550925926 0.8515625 0.6393226550925926 0.8854164074074075 0.6236976550925926 0.9049476574074075 0.5924476550925926 0.9244789074074075 0.5690101550925926 0.93359375 0.5416664050925926 0.9453125 0.5299476550925926 0.9544273449074074 0.5104164050925926 0.9544273449074074 0.4973960949074074 0.9127601574074075 0.484375 0.88671875 0.4947914050925926 0.8567710949074074 0.5143226550925926 0.8515625 0.5377601550925926
3 0.85546875 0.63671875 0.84765625 0.6536460949074074 0.8359375 0.6705726550925926 0.9088539074074075 0.71484375 0.92578125 0.6901039050925926 0.94921875 0.69921875 0.9674476574074075 0.6744789050925926 0.9388023449074074 0.5520835949074074 0.9140625 0.5859375 0.8841148449074074 0.6171875 0.85546875 0.63671875
3 0 0.2356773449074074 0.010416407407407409 0.2604164074074074 0.03125 0.2903648449074074 0.0703125 0.3307289074074074 0.11848984490740741 0.3763023449074074 0.1770835949074074 0.4153648449074074 0.2174476574074074 0.43359375 0.2174476574074074 0.3450523449074074 0.2447914074074074 0.34765625 0.2721351574074074 0.2421875 0.1875 0.21875 0.1640625 0.2734375 0.1263023449074074 0.2552085949074074 0.125 0.2421875 0.1380210949074074 0.2161460949074074 0.10677109490740741 0.1927085949074074 0.078125 0.1809898449074074 0.09114609490740741 0.14453125 0.078125 0.1393226574074074 0.02864609490740741 0.1458335949074074 0 0.1393226574074074 0 0.2356773449074074
3 0.1979164050925926 0.7955726550925926 0.1966148449074074 0.8528648449074074 0.2200523449074074 0.86328125 0.2486976574074074 0.7799476550925926 0.2877601574074074 0.7903648449074074 0.2890625 0.7578125 0.2734375 0.73828125 0.2395835949074074 0.7109375 0.2239585949074074 0.7200523449074074 0.19921875 0.7330726550925926 0.1940101550925926 0.7434898449074074 0.1940101550925926 0.7591148449074074 0.1979164050925926 0.7955726550925926
0 0.45703125 0.421875 0.4049476550925926 0.4114585949074074 0.4114585949074074 0.3841148449074074 0.2877601574074074 0.3671875 0.2473960949074074 0.3763023449074074 0.2200523449074074 0.3828125 0.2213539074074074 0.4401039050925926 0.2578125 0.4296875 0.4088539050925926 0.4505210949074074 0.4713539050925926 0.4505210949074074 0.45703125 0.421875
1 0.09375 0.02864609490740741 0.08463515509259259 0.08984375 0.25390625 0.1276039050925926 0.2721351574074074 0.06901015509259259 0.2161460949074074 0.0546875 0.2161460949074074 0.0611976550925926 0.1497398449074074 0.0442710949074074 0.16015625 0 0.10677109490740741 0.00390625 0.09895859490740741 0.009114844907407407 0.09375 0.02864609490740741
3 0 0.0013023449074074074 0.0013023449074074074 0.02864609490740741 0.00390625 0.03255234490740741 0.03645859490740741 0.07682265509259259 0.08072890509259259 0.0859375 0.1015625 0 0 0.0013023449074074074
3 0.2708335949074074 0.0703125 0.2643226574074074 0.1315101550925926 0.2890625 0.1315101550925926 0.2994789074074074 0.09114609490740741 0.2838539074074074 0.02864609490740741 0.26171875 0.02473984490740741 0.2018226574074074 0.03255234490740741 0.19921875 0 0.1640625 0.0026039074074074076 0.1536460949074074 0.0442710949074074 0.2122398449074074 0.0572914050925926 0.2213539074074074 0.0572914050925926 0.2708335949074074 0.0703125
1 0.203125 0.0013023449074074074 0.2057289074074074 0.03125 0.2838539074074074 0.02083359490740741 0.2760414074074074 0 0.203125 0.0013023449074074074