2 0.3424476574074074 0.4752601550925926 0.4244789050925926 0.3736976574074074 0.4921875 0.2747398449074074 0.5572914050925926 0.1979164050925926 0.62109375 0.1627601550925926 0.625 0.10416640509259259 0.6158851550925926 0.0416664050925926 0.63671875 0.015625 0.6302085949074074 0 0 0.0078125 0.0013023449074074074 0.33984375 0.08203125 0.4075523449074074 0.1302085949074074 0.4244789050925926 0.21484375 0.4635414050925926 0.3424476574074074 0.4752601550925926
2 0.7096351550925926 0.54296875 0.7044273449074074 0.57421875 0.671875 0.6158851550925926 0.6861976550925926 0.6796875 0.7018226550925926 0.7213539050925926 0.7083335949074074 0.73828125 0.7265625 0.7591148449074074 0.71875 0.6536460949074074 0.7317710949074074 0.6015625 0.7630210949074074 0.5716148449074074 0.7799476550925926 0.5403648449074074 0.7825523449074074 0.5247398449074074 0.7734375 0.484375 0.7252601550925926 0.46875 0.65625 0.47265625 0.6484375 0.50390625 0.7096351550925926 0.54296875
2 0.78125 0.65234375 0.76953125 0.6953125 0.7565101550925926 0.7330726550925926 0.7591148449074074 0.7630210949074074 0.7760414050925926 0.8020835949074074 0.7604164050925926 0.83984375 0.7591148449074074 0.8697914074074075 0.7682289050925926 0.8958335949074074 0.7565101550925926 0.9453125 0.7578125 0.9778648449074074 0.7643226550925926 0.99609375 0.99921875 0.9973960949074074 0.9921875 0.6315101550925926 0.92578125 0.625 0.8723960949074074 0.6119789050925926 0.8372398449074074 0.5716148449074074 0.8346351574074075 0.5260414050925926 0.8671875 0.4973960949074074 0.8294273449074074 0.4934898449074074 0.79296875 0.5299476550925926 0.7799476550925926 0.5690101550925926 0.78125 0.65234375
3 0.8645835949074074 0.5963539050925926 0.9440101574074075 0.62109375 0.9947914074074075 0.6184898449074074 0.9986976574074075 0.5091148449074074 0.8828125 0.49609375 0.8606773449074074 0.515625 0.84375 0.5299476550925926 0.84375 0.55859375 0.8645835949074074 0.5963539050925926
3 0.8932289074074075 0.3880210949074074 0.8541664074074075 0.3880210949074074 0.8020835949074074 0.3958335949074074 0.80078125 0.4296875 0.9986976574074075 0.4596351550925926 0.9986976574074075 0.37109375 0.9752601574074075 0.3828125 0.9661460949074074 0.3645835949074074 0.8932289074074075 0.3880210949074074
3 0.8723960949074074 0.09244765509259259 0.8841148449074074 0.11848984490740741 0.8098960949074074 0.1705726550925926 0.7994789050925926 0.1848960949074074 0.8072914074074075 0.20703125 0.890625 0.1770835949074074 0.9244789074074075 0.12890625 0.9140625 0.0013023449074074074 0.7942710949074074 0.0013023449074074074 0.7877601550925926 0.06901015509259259 0.7981773449074074 0.08072890509259259 0.8502601574074075 0.06380234490740741 0.8723960949074074 0.09244765509259259
3 0.0611976550925926 0.8828125 0.09505234490740741 0.8880210949074074 0.1315101550925926 0.9231773449074074 0.171875 0.99921875 0.2682289074074074 0.99921875 0.3372398449074074 0.9283851574074075 0.3893226574074074 0.78125 0.3645835949074074 0.76171875 0.3190101574074074 0.7591148449074074 0.2799476574074074 0.7799476550925926 0.2552085949074074 0.7578125 0.2486976574074074 0.7239585949074074 0.3072914074074074 0.6848960949074074 0.3255210949074074 0.6315101550925926 0.1744789050925926 0.5755210949074074 0.1549476550925926 0.6158851550925926 0.12109375 0.640625 0.08072890509259259 0.6315101550925926 0.07161484490740741 0.6484375 0.03645859490740741 0.63671875 0.0611976550925926 0.5520835949074074 0.00390625 0.5416664050925926 0 0.8971351574074075 0.03125 0.8854164074074075 0.0611976550925926 0.8828125
3 0 0.99921875 0.1302085949074074 0.99921875 0.1302085949074074 0.9765625 0.12109375 0.9544273449074074 0.08203125 0.9296875 0.02994765509259259 0.9140625 0 0.9153648449074074 0 0.9205726574074075 0 0.99921875
3 0.1497398449074074 0.55078125 0.1901039050925926 0.4778648449074074 0.140625 0.4557289050925926 0.1171875 0.4921875 0.078125 0.4817710949074074 0.07291640509259259 0.5286460949074074 0.1497398449074074 0.55078125
0 0.2174476574074074 0.546875 0.2174476574074074 0.51171875 0.22265625 0.4947914050925926 0.1927085949074074 0.4830726550925926 0.1575523449074074 0.5494789050925926 0.1979164050925926 0.5690101550925926 0.20703125 0.5520835949074074 0.2174476574074074 0.546875
3 0.3580726574074074 0.5924476550925926 0.3658851574074074 0.5755210949074074 0.3515625 0.5546875 0.3333335949074074 0.5481773449074074 0.2942710949074074 0.5677085949074074 0.2877601574074074 0.5833335949074074 0.3255210949074074 0.59375 0.3580726574074074 0.5924476550925926
0 0.3229164074074074 0.5169273449074074 0.30078125 0.5221351550925926 0.2734375 0.5169273449074074 0.25390625 0.5442710949074074 0.2942710949074074 0.55078125 0.3294273449074074 0.5442710949074074 0.3229164074074074 0.5169273449074074
0 0.4973960949074074 0.375 0.51953125 0.3645835949074074 0.5377601550925926 0.3307289074074074 0.51953125 0.3151039074074074 0.5065101550925926 0.29296875 0.4388023449074074 0.3815101574074074 0.4583335949074074 0.4075523449074074 0.4713539050925926 0.3815101574074074 0.4973960949074074 0.375
0 0.5442710949074074 0.4309898449074074 0.5234375 0.4661460949074074 0.5013023449074074 0.4973960949074074 0.4921875 0.4908851550925926 0.4817710949074074 0.4674476550925926 0.4622398449074074 0.4440101550925926 0.44921875 0.4700523449074074 0.4609375 0.4908851550925926 0.4518226550925926 0.5520835949074074 0.421875 0.5729164050925926 0.43359375 0.58984375 0.453125 0.5846351550925926 0.4609375 0.5924476550925926 0.4765625 0.5755210949074074 0.4830726550925926 0.5546875 0.4973960949074074 0.5325523449074074 0.5169273449074074 0.5286460949074074 0.53125 0.5065101550925926 0.5546875 0.4921875 0.59765625 0.4635414050925926 0.6458335949074074 0.4505210949074074 0.6549476550925926 0.41796875 0.6263023449074074 0.4192710949074074 0.6354164050925926 0.40234375 0.6458335949074074 0.3802085949074074 0.6484375 0.3619789074074074 0.62109375 0.3177085949074074 0.5533851550925926 0.38671875 0.5455726550925926 0.40234375 0.5442710949074074 0.4309898449074074
0 0.703125 0.2708335949074074 0.6966148449074074 0.2447914074074074 0.6901039050925926 0.2291664074074074 0.6822914050925926 0.21484375 0.6614585949074074 0.2239585949074074 0.6471351550925926 0.2005210949074074 0.6471351550925926 0.1770835949074074 0.6276039050925926 0.1822914050925926 0.6223960949074074 0.2239585949074074 0.61328125 0.2630210949074074 0.6276039050925926 0.3072914074074074 0.703125 0.2708335949074074
3 0.5768226550925926 0.3346351574074074 0.5572914050925926 0.3216148449074074 0.5221351550925926 0.3606773449074074 0.5182289050925926 0.375 0.5403648449074074 0.3919273449074074 0.5625 0.3619789074074074 0.6223960949074074 0.3098960949074074 0.61328125 0.2721351574074074 0.6028648449074074 0.2578125 0.578125 0.2916664074074074 0.5885414050925926 0.3072914074074074 0.5885414050925926 0.3203125 0.5768226550925926 0.3346351574074074
3 0.6940101550925926 0.140625 0.75 0.12109375 0.78125 0.09114609490740741 0.7942710949074074 0.08072890509259259 0.78515625 0.06640625 0.7890625 0 0.6393226550925926 0.0013023449074074074 0.6471351550925926 0.01171875 0.625 0.0520835949074074 0.62890625 0.1640625 0.6940101550925926 0.140625
4 0.75 0.9283851574074075 0.7265625 0.9127601574074075 0.7122398449074074 0.9075523449074074 0.66015625 0.9934898449074074 0.7565101550925926 0.99609375 0.7526039050925926 0.9596351574074075 0.75 0.9283851574074075
0 0.3411460949074074 0.73046875 0.3307289074074074 0.7591148449074074 0.3658851574074074 0.7643226550925926 0.3854164074074074 0.7747398449074074 0.40625 0.7434898449074074 0.3854164074074074 0.7005210949074074 0.4388023449074074 0.6614585949074074 0.4244789050925926 0.6158851550925926 0.40234375 0.6263023449074074 0.3372398449074074 0.6315101550925926 0.3333335949074074 0.6328125 0.3151039074074074 0.67578125 0.3411460949074074 0.73046875
0 0.4270835949074074 0.8841148449074074 0.4361976550925926 0.8684898449074074 0.4375 0.8515625 0.4361976550925926 0.828125 0.4088539050925926 0.8138023449074074 0.3763023449074074 0.90625 0.4127601550925926 0.9049476574074075 0.4270835949074074 0.8841148449074074
0 0.52734375 0.7486976550925926 0.55078125 0.7486976550925926 0.5807289050925926 0.7291664050925926 0.5807289050925926 0.7200523449074074 0.5559898449074074 0.6979164050925926 0.5247398449074074 0.6158851550925926 0.4895835949074074 0.6315101550925926 0.5234375 0.7005210949074074 0.4817710949074074 0.7239585949074074 0.4908851550925926 0.75 0.5234375 0.7356773449074074 0.52734375 0.7486976550925926
2 0.11848984490740741 0.4869789050925926 0.1315101550925926 0.44921875 0.08333359490740741 0.42578125 0.0611976550925926 0.4609375 0.08463515509259259 0.4778648449074074 0.11848984490740741 0.4869789050925926
0 0.07552109490740741 0.4817710949074074 0.005208594907407407 0.4544273449074074 0 0.5169273449074074 0.0611976550925926 0.5286460949074074 0.07552109490740741 0.4817710949074074
2 0.78125 0.4244789050925926 0.7955726550925926 0.4088539050925926 0.79296875 0.3763023449074074 0.7799476550925926 0.35546875 0.7408851550925926 0.3359375 0.6875 0.3385414074074074 0.65234375 0.3606773449074074 0.6341148449074074 0.41015625 0.72265625 0.4244789050925926 0.78125 0.4244789050925926
0 0.78125 0.33984375 0.7864585949074074 0.3268226574074074 0.7760414050925926 0.2994789074074074 0.78125 0.2864585949074074 0.76953125 0.25 0.734375 0.2565101574074074 0.7122398449074074 0.2643226574074074 0.7018226550925926 0.2864585949074074 0.7044273449074074 0.3268226574074074 0.7591148449074074 0.3307289074074074 0.7643226550925926 0.3424476574074074 0.78125 0.33984375
0 0.9830726574074075 0.1575523449074074 0.99921875 0.08203125 0.9817710949074074 0.05078125 0.9479164074074075 0.10546875 0.9140625 0.1653648449074074 0.9049476574074075 0.2122398449074074 0.9622398449074074 0.18359375 0.9830726574074075 0.1575523449074074
3 0.5104164050925926 0.5390625 0.5325523449074074 0.6028648449074074 0.52734375 0.6145835949074074 0.5572914050925926 0.6953125 0.5846351550925926 0.7200523449074074 0.60546875 0.7161460949074074 0.60546875 0.7630210949074074 0.6354164050925926 0.7916664050925926 0.65234375 0.8294273449074074 0.64453125 0.8567710949074074 0.6783851550925926 0.8684898449074074 0.6744789050925926 0.8854164074074075 0.6731773449074074 0.8984375 0.6627601550925926 0.9231773449074074 0.6354164050925926 0.9466148449074074 0.6028648449074074 0.95703125 0.6197914050925926 0.99921875 0.6536460949074074 0.9921875 0.7330726550925926 0.8723960949074074 0.7395835949074074 0.76953125 0.7200523449074074 0.7552085949074074 0.69921875 0.72265625 0.6770835949074074 0.6419273449074074 0.6705726550925926 0.6106773449074074 0.7018226550925926 0.57421875 0.70703125 0.5455726550925926 0.6497398449074074 0.5013023449074074 0.6536460949074074 0.4622398449074074 0.6263023449074074 0.46484375 0.5768226550925926 0.484375 0.5247398449074074 0.5260414050925926 0.5104164050925926 0.5390625
0 0.4635414050925926 0.78125 0.4661460949074074 0.76953125 0.46875 0.765625 0.4635414050925926 0.7565101550925926 0.43359375 0.75390625 0.4192710949074074 0.7838539050925926 0.453125 0.7877601550925926 0.4635414050925926 0.78125
1 0.06901015509259259 0.41796875 0.00390625 0.3854164074074074 0 0.4401039050925926 0.0520835949074074 0.4609375 0.06901015509259259 0.41796875
1 0.3958335949074074 0.5182289050925926 0.4205726550925926 0.4973960949074074 0.44921875 0.453125 0.4609375 0.4296875 0.4361976550925926 0.3958335949074074 0.4114585949074074 0.4453125 0.3828125 0.47265625 0.32421875 0.4986976550925926 0.33203125 0.54296875 0.3645835949074074 0.5364585949074074 0.3958335949074074 0.5182289050925926
1 0.1953125 0.5690101550925926 0.26953125 0.59375 0.2877601574074074 0.5533851550925926 0.25390625 0.546875 0.2669273449074074 0.5182289050925926 0.2239585949074074 0.5130210949074074 0.21875 0.5416664050925926 0.2044273449074074 0.5533851550925926 0.1953125 0.5690101550925926
1 0.0703125 0.6458335949074074 0.078125 0.6276039050925926 0.1276039050925926 0.6419273449074074 0.16015625 0.5872398449074074 0.1380210949074074 0.5807289050925926 0.1419273449074074 0.5625 0.07552109490740741 0.5481773449074074 0.06380234490740741 0.5572914050925926 0.0416664050925926 0.63671875 0.0703125 0.6458335949074074
1 0.6197914050925926 0.2018226574074074 0.6145835949074074 0.1888023449074074 0.59375 0.19921875 0.5520835949074074 0.2447914074074074 0.5143226550925926 0.2825523449074074 0.5338539050925926 0.3229164074074074 0.578125 0.2825523449074074 0.6184898449074074 0.2174476574074074 0.6197914050925926 0.2018226574074074
1 0.7057289050925926 0.2630210949074074 0.7486976550925926 0.25 0.7747398449074074 0.2526039074074074 0.7864585949074074 0.2356773449074074 0.7799476550925926 0.2122398449074074 0.7903648449074074 0.2083335949074074 0.7942710949074074 0.2161460949074074 0.8072914074074075 0.2044273449074074 0.8046875 0.171875 0.88671875 0.11588515509259259 0.8528648449074074 0.06510390509259259 0.7994789050925926 0.0859375 0.7591148449074074 0.1302085949074074 0.7473960949074074 0.1302085949074074 0.7278648449074074 0.140625 0.6953125 0.1497398449074074 0.6510414050925926 0.17578125 0.6510414050925926 0.19921875 0.6666664050925926 0.2200523449074074 0.6875 0.2122398449074074 0.7057289050925926 0.2630210949074074
1 0.9049476574074075 0.2682289074074074 0.9231773449074074 0.3151039074074074 0.8776039074074075 0.3359375 0.89453125 0.38671875 0.9609375 0.3515625 0.9791664074074075 0.3763023449074074 0.99921875 0.3658851574074074 0.99921875 0.1927085949074074 0.9934898449074074 0.1315101550925926 0.97265625 0.1848960949074074 0.92578125 0.2044273449074074 0.78125 0.2591148449074074 0.7903648449074074 0.30078125 0.8411460949074074 0.2890625 0.9049476574074075 0.2682289074074074
1 0.8033851574074075 0.37109375 0.8268226574074075 0.3880210949074074 0.8828125 0.3815101574074074 0.8697914074074075 0.3463539074074074 0.8567710949074074 0.34765625 0.8528648449074074 0.328125 0.859375 0.3138023449074074 0.8515625 0.296875 0.8307289074074075 0.2864585949074074 0.7890625 0.3033851574074074 0.7942710949074074 0.328125 0.78515625 0.3450523449074074 0.77734375 0.359375 0.8033851574074075 0.37109375
3 0.9114585949074074 0.31640625 0.90625 0.2955726574074074 0.8984375 0.2734375 0.8606773449074074 0.29296875 0.8645835949074074 0.3111976574074074 0.8658851574074075 0.3346351574074074 0.8802085949074074 0.3294273449074074 0.9114585949074074 0.31640625
1 0.5104164050925926 0.6171875 0.5234375 0.6080726550925926 0.5130210949074074 0.5625 0.4934898449074074 0.5338539050925926 0.4817710949074074 0.5572914050925926 0.484375 0.58203125 0.4622398449074074 0.5963539050925926 0.4466148449074074 0.5885414050925926 0.4322914050925926 0.5950523449074074 0.4244789050925926 0.6028648449074074 0.4440101550925926 0.640625 0.4778648449074074 0.6276039050925926 0.4830726550925926 0.6380210949074074 0.5104164050925926 0.6171875
1 0.4453125 0.8528648449074074 0.4296875 0.9075523449074074 0.3723960949074074 0.9049476574074075 0.35546875 0.9700523449074074 0.375 0.9830726574074075 0.36328125 0.99921875 0.5755210949074074 0.99921875 0.55859375 0.9752601574074075 0.5794273449074074 0.9583335949074074 0.6197914050925926 0.9453125 0.6549476550925926 0.9322914074074075 0.6614585949074074 0.90625 0.6731773449074074 0.8684898449074074 0.640625 0.8580726574074075 0.6080726550925926 0.8971351574074075 0.5989585949074074 0.890625 0.5963539050925926 0.8723960949074074 0.6263023449074074 0.8489585949074074 0.6276039050925926 0.8346351574074075 0.6080726550925926 0.7994789050925926 0.6028648449074074 0.78515625 0.6028648449074074 0.7630210949074074 0.5807289050925926 0.7317710949074074 0.5755210949074074 0.7395835949074074 0.55078125 0.74609375 0.5247398449074074 0.7513023449074074 0.5234375 0.73828125 0.5026039050925926 0.7473960949074074 0.5026039050925926 0.7565101550925926 0.4947914050925926 0.7591148449074074 0.4869789050925926 0.765625 0.46484375 0.7708335949074074 0.4661460949074074 0.7864585949074074 0.4466148449074074 0.7890625 0.41796875 0.78515625 0.4088539050925926 0.8151039074074075 0.43359375 0.82421875 0.4453125 0.8528648449074074
1 0.4192710949074074 0.7395835949074074 0.4231773449074074 0.75 0.4557289050925926 0.75 0.4830726550925926 0.7408851550925926 0.4765625 0.7265625 0.5169273449074074 0.6979164050925926 0.5208335949074074 0.6796875 0.5 0.6796875 0.4856773449074074 0.6484375 0.4661460949074074 0.6653648449074074 0.4596351550925926 0.65625 0.3958335949074074 0.6966148449074074 0.390625 0.71484375 0.40625 0.7421875 0.4192710949074074 0.7395835949074074
1 0.3489585949074074 0.73828125 0.3151039074074074 0.6901039050925926 0.25 0.7291664050925926 0.2591148449074074 0.7526039050925926 0.2786460949074074 0.7734375 0.3489585949074074 0.73828125
1 0.4518226550925926 0.515625 0.4361976550925926 0.5065101550925926 0.4166664050925926 0.5091148449074074 0.3997398449074074 0.5364585949074074 0.3763023449074074 0.5403648449074074 0.3541664074074074 0.5559898449074074 0.3841148449074074 0.58984375 0.4453125 0.5572914050925926 0.4518226550925926 0.515625