4 0.20703125 0.2278648449074074 0.19921875 0.2708335949074074 0.203125 0.3125 0.1822914050925926 0.3541664074074074 0.1614585949074074 0.4088539050925926 0.1383929699074074 0.4709820300925926 0.140625 0.5078125 0.1575523449074074 0.546875 0.1705726550925926 0.60546875 0.1575523449074074 0.6666664050925926 0.1471351574074074 0.7395835949074074 0.11979140509259259 0.7890625 0.09765625 0.82421875 0.08072890509259259 0.85546875 0.07161484490740741 0.8971351574074075 0.0494789050925926 0.9661460949074074 0.04296875 0.99921875 0.12239609490740741 0.99921875 0.140625 0.9596351574074075 0.15625 0.9466148449074074 0.1705726550925926 0.9166664074074075 0.1888023449074074 0.8932289074074075 0.19921875 0.85546875 0.2018226574074074 0.8203125 0.1953125 0.77734375 0.19140625 0.7395835949074074 0.2005210949074074 0.6927085949074074 0.203125 0.6536460949074074 0.2057289074074074 0.6067710949074074 0.2057289074074074 0.5494789050925926 0.203125 0.51171875 0.21484375 0.45703125 0.23046875 0.39453125 0.2447914074074074 0.3307289074074074 0.2552085949074074 0.2864585949074074 0.2669273449074074 0.24609375 0.2708335949074074 0.1848960949074074 0.2786460949074074 0.08723984490740741 0.2799476574074074 0.0442710949074074 0.27734375 0.01953125 0.2708335949074074 0.0013023449074074074 0.2213539074074074 0.0078125 0.234375 0.0520835949074074 0.2278648449074074 0.16015625 0.2278648449074074 0.1979164050925926 0.20703125 0.2278648449074074
2 0.0520835949074074 0.9518226574074075 0.08203125 0.8515625 0.14453125 0.74609375 0.1549476550925926 0.6822914050925926 0.171875 0.6028648449074074 0.15625 0.5494789050925926 0.1393226574074074 0.51171875 0.1341148449074074 0.4713539050925926 0.16015625 0.41015625 0.2057289074074074 0.3125 0.2083335949074074 0.2330726574074074 0.2291664074074074 0.1979164050925926 0.2356773449074074 0.11588515509259259 0.2356773449074074 0.05078125 0.22265625 0.0078125 0.0013023449074074074 0.0013023449074074074 0 0.99921875 0.04296875 0.99921875 0.0520835949074074 0.9518226574074075
2 0.27734375 0 0.2760414074074074 0.11848984490740741 0.26953125 0.2356773449074074 0.25390625 0.3020835949074074 0.21875 0.4427085949074074 0.2083335949074074 0.5208335949074074 0.203125 0.6549476550925926 0.1901039050925926 0.7486976550925926 0.203125 0.8125 0.1979164050925926 0.8671875 0.1888023449074074 0.89453125 0.1666664050925926 0.9322914074074075 0.1484375 0.9544273449074074 0.1328125 0.96875 0.1171875 0.99921875 0.2395835949074074 0.99921875 0.2708335949074074 0.7552085949074074 0.2942710949074074 0.5611976550925926 0.3033851574074074 0.421875 0.3216148449074074 0.2708335949074074 0.3255210949074074 0.1263023449074074 0.3359375 0.03385390509259259 0.3294273449074074 0 0.27734375 0
2 0.3958335949074074 0.2109375 0.37109375 0.2734375 0.3515625 0.3372398449074074 0.3567710949074074 0.375 0.3684898449074074 0.4166664050925926 0.3893226574074074 0.4596351550925926 0.4401039050925926 0.48046875 0.4596351550925926 0.4583335949074074 0.4557289050925926 0.42578125 0.4596351550925926 0.3880210949074074 0.4700523449074074 0.3684898449074074 0.4752601550925926 0.3111976574074074 0.4869789050925926 0.29296875 0.4778648449074074 0.265625 0.4830726550925926 0.2200523449074074 0.4934898449074074 0.19921875 0.4934898449074074 0.1588539050925926 0.5078125 0.1328125 0.5 0.08723984490740741 0.49609375 0.0598960949074074 0.5 0.02994765509259259 0.51171875 0.005208594907407407 0.5078125 0 0.41796875 0.005208594907407407 0.3984375 0.0013023449074074074 0.3984375 0.0859375 0.39453125 0.15625 0.3958335949074074 0.2109375
2 0.3346351574074074 0.8424476574074075 0.32421875 0.9166664074074075 0.30078125 0.9973960949074074 0.3671875 0.99921875 0.3932289074074074 0.8333335949074074 0.41015625 0.7161460949074074 0.4361976550925926 0.7057289050925926 0.4309898449074074 0.6692710949074074 0.42578125 0.6393226550925926 0.40234375 0.6471351550925926 0.3776039074074074 0.6588539050925926 0.3502601574074074 0.6901039050925926 0.34765625 0.7161460949074074 0.3385414074074074 0.7747398449074074 0.3346351574074074 0.8424476574074075
1 0.5911460949074074 0 0.5924476550925926 0.03385390509259259 0.5729164050925926 0.03385390509259259 0.5729164050925926 0.1315101550925926 0.6028648449074074 0.1354164050925926 0.6276039050925926 0.1302085949074074 0.6328125 0.12109375 0.6731773449074074 0.12890625 0.6822914050925926 0.12109375 0.7096351550925926 0.1302085949074074 0.7096351550925926 0.140625 0.7825523449074074 0.1497398449074074 0.7760414050925926 0.171875 0.79296875 0.1731773449074074 0.796875 0.1263023449074074 0.9557289074074075 0.1471351574074074 0.9713539074074075 0 0.5911460949074074 0
1 0.5598960949074074 0.2747398449074074 0.5703125 0.2786460949074074 0.5690101550925926 0.3072914074074074 0.7825523449074074 0.3255210949074074 0.8020835949074074 0.30859375 0.8203125 0.265625 0.82421875 0.2083335949074074 0.5833335949074074 0.1783851550925926 0.5859375 0.2057289074074074 0.56640625 0.2057289074074074 0.5598960949074074 0.2747398449074074
1 0.5390625 0.40625 0.5403648449074074 0.4283851550925926 0.53125 0.4466148449074074 0.51171875 0.4739585949074074 0.5481773449074074 0.47265625 0.5703125 0.4674476550925926 0.5729164050925926 0.453125 0.5716148449074074 0.4375 0.5598960949074074 0.4283851550925926 0.55078125 0.4153648449074074 0.5520835949074074 0.375 0.5377601550925926 0.375 0.5182289050925926 0.3763023449074074 0.5286460949074074 0.3893226574074074 0.5390625 0.40625
1 0.4908851550925926 0.55078125 0.4856773449074074 0.5963539050925926 0.515625 0.58984375 0.515625 0.5403648449074074 0.4908851550925926 0.55078125
1 0.39453125 0.4921875 0.3932289074074074 0.4635414050925926 0.3502601574074074 0.4661460949074074 0.3424476574074074 0.5208335949074074 0.41015625 0.5299476550925926 0.4088539050925926 0.4973960949074074 0.39453125 0.4921875
1 0.47265625 0.8138023449074074 0.52734375 0.8033851574074075 0.5299476550925926 0.6940101550925926 0.51953125 0.6106773449074074 0.4856773449074074 0.61328125 0.484375 0.69140625 0.4791664050925926 0.6940101550925926 0.47265625 0.8138023449074074
1 0.5817304699074074 0.7842546874999999 0.6201921874999999 0.775240625 0.6454328125000001 0.7620195324074074 0.6380210949074074 0.74609375 0.626803125 0.7217546874999999 0.6598554699074074 0.7061296874999999 0.6549476550925926 0.6822914050925926 0.5979570324074074 0.6965140624999999 0.6009617199074073 0.71875 0.5618992199074074 0.7229570324074074 0.5559898449074074 0.68359375 0.53125 0.6888023449074074 0.5390625 0.73046875 0.5498796874999999 0.7301679699074074 0.5679085949074074 0.7566109375000001 0.5817304699074074 0.7842546874999999
1 0.6653648449074074 0.7643226550925926 0.6875 0.8125 0.7317710949074074 0.7864585949074074 0.70703125 0.7395835949074074 0.6653648449074074 0.7643226550925926
1 0.6041664050925926 0.9895835949074074 0.5859375 0.9557289074074075 0.52734375 0.9778648449074074 0.5390625 0.99921875 0.5703125 0.99921875 0.6041664050925926 0.9895835949074074
1 0.6953125 0.90625 0.71875 0.9609375 0.7643226550925926 0.9427085949074074 0.73828125 0.8919273449074074 0.6953125 0.90625
1 0.9153648449074074 0.9036460949074074 0.9544273449074074 0.9622398449074074 0.99921875 0.9375 0.99921875 0.8541664074074075 0.9153648449074074 0.9036460949074074
1 0.7513023449074074 0.84765625 0.75390625 0.8528648449074074 0.78515625 0.9127601574074075 0.8257210949074074 0.8918265624999999 0.78125 0.829928125 0.7513023449074074 0.84765625
1 0.7356773449074074 0.73828125 0.7721351550925926 0.7994789050925926 0.8111976574074075 0.7786460949074074 0.76953125 0.7122398449074074 0.7356773449074074 0.73828125
1 0.8854164074074075 0.8216148449074074 0.8619789074074075 0.7890625 0.84765625 0.8059898449074074 0.86328125 0.8229164074074075 0.8346351574074075 0.83984375 0.828125 0.8463539074074075 0.8580726574074075 0.88671875 0.8958335949074074 0.8567710949074074 0.875 0.8333335949074074 0.8854164074074075 0.8216148449074074
1 0.9947914074074075 0.5208335949074074 0.9518226574074075 0.5546875 0.97265625 0.5911460949074074 0.99921875 0.5690101550925926 0.99921875 0.5234375 0.9947914074074075 0.5208335949074074
1 0.640625 0.3854164074074074 0.6640625 0.390625 0.6666664050925926 0.3828125 0.69140625 0.3854164074074074 0.6953125 0.34375 0.65234375 0.3385414074074074 0.6471351550925926 0.37109375 0.6419273449074074 0.37109375 0.640625 0.3854164074074074
1 0.9765625 0.34765625 0.9895835949074074 0.3893226574074074 0.99921875 0.3802085949074074 0.99921875 0.3333335949074074 0.9765625 0.34765625
0 0.4388023449074074 0.7057289050925926 0.4114585949074074 0.7174476550925926 0.3671875 0.99921875 0.3997398449074074 0.99921875 0.4388023449074074 0.7057289050925926
0 0.55078125 0.328125 0.5729164050925926 0.3294273449074074 0.5703125 0.3046875 0.5690101550925926 0.27734375 0.55859375 0.2747398449074074 0.5638023449074074 0.20703125 0.5416664050925926 0.2278648449074074 0.5104164050925926 0.3776039074074074 0.5416664050925926 0.3763023449074074 0.55078125 0.328125
0 0.984375 0.5221351550925926 0.9895835949074074 0.5130210949074074 0.9661460949074074 0.45703125 0.90625 0.4856773449074074 0.9114585949074074 0.5078125 0.8736976574074075 0.5260414050925926 0.8984375 0.5716148449074074 0.984375 0.5221351550925926
0 0.743990625 0.6808890624999999 0.7578125 0.6666664050925926 0.7473960949074074 0.6380210949074074 0.7307695324074074 0.6045671874999999 0.6844953125000001 0.625 0.6697445324074074 0.635653125 0.6782671874999999 0.6526992199074074 0.6977164074074074 0.697115625 0.7067304699074074 0.693509375 0.743990625 0.6808890624999999
3 0.97265625 0 0.9557289074074075 0.14453125 0.7955726550925926 0.1263023449074074 0.7942710949074074 0.1497398449074074 0.8216148449074074 0.1666664050925926 0.8411460949074074 0.1940101550925926 0.83984375 0.23046875 0.8216148449074074 0.3203125 0.7825523449074074 0.3489585949074074 0.6953125 0.34375 0.6953125 0.38671875 0.64453125 0.3815101574074074 0.6484375 0.3450523449074074 0.5481773449074074 0.33203125 0.546875 0.37890625 0.5533851550925926 0.390625 0.5546875 0.4231773449074074 0.5638023449074074 0.4309898449074074 0.57421875 0.4361976550925926 0.578125 0.4388023449074074 0.5768226550925926 0.4765625 0.5099429699074074 0.473721875 0.5042617199074074 0.4921875 0.5007101574074074 0.4978695324074074 0.48828125 0.5052085949074074 0.4869789050925926 0.55078125 0.5130210949074074 0.546875 0.5182289050925926 0.5859375 0.4856773449074074 0.5950523449074074 0.48828125 0.609375 0.51953125 0.609375 0.5325523449074074 0.69140625 0.5588945324074074 0.6838945324074074 0.5631007824074074 0.7223554699074074 0.6003609375000001 0.71875 0.5985578125000001 0.6953125 0.6574515624999999 0.6820914074074074 0.6634617199074073 0.7067304699074074 0.626803125 0.7241585949074074 0.6354164050925926 0.7421875 0.703125 0.7109375 0.6676132800925926 0.6363632800925926 0.6775570324074074 0.6264203125000001 0.6441757800925926 0.5568179699074074 0.692471875 0.5319601574074074 0.7045453125000001 0.5461648449074074 0.7144882800925926 0.5696023449074074 0.721590625 0.578125 0.7591148449074074 0.6653648449074074 0.8984375 0.5703125 0.8736976574074075 0.5208335949074074 0.90625 0.5078125 0.9010414074074075 0.4830726550925926 0.9661460949074074 0.4557289050925926 0.9908851574074075 0.5169273449074074 0.99921875 0.4947914050925926 0.99921875 0.3841148449074074 0.98046875 0.40234375 0.9505210949074074 0.4192710949074074 0.9283851574074075 0.3502601574074074 0.99921875 0.328125 0.99921875 0 0.97265625 0
2 0.9713539074074075 0.3411460949074074 0.93359375 0.3502601574074074 0.9518226574074075 0.4140625 0.9856773449074074 0.3932289074074074 0.9713539074074075 0.3411460949074074
3 0.8190101574074075 0.7838539050925926 0.7764421874999999 0.802884375 0.7818507824074075 0.8257210949074074 0.8335335949074074 0.9020429699074074 0.8581734375000001 0.8858171874999999 0.826321875 0.8425484375000001 0.8515625 0.8227164074074074 0.8401445324074074 0.802884375 0.8659859375000001 0.7824515624999999 0.9010414074074075 0.8463539074074075 0.890625 0.8763023449074074 0.98828125 0.83984375 0.99921875 0.83984375 0.96484375 0.7604164050925926 0.99921875 0.7473960949074074 0.99921875 0.5846351550925926 0.9765625 0.59765625 0.9505210949074074 0.5651039050925926 0.7578125 0.6940101550925926 0.8190101574074075 0.7838539050925926
1 0.99921875 0.7526039050925926 0.97265625 0.7630210949074074 0.9973960949074074 0.8307289074074075 0.99921875 0.8385414074074075 0.99921875 0.7526039050925926
3 0.9986976574074075 0.9466148449074074 0.953125 0.96484375 0.8984375 0.8971351574074075 0.82421875 0.93359375 0.8515625 0.99921875 0.99921875 0.99921875 0.9986976574074075 0.9466148449074074
3 0.7890625 0.9440101574074075 0.66015625 0.9986976574074075 0.8111976574074075 0.99609375 0.8059898449074074 0.9713539074074075 0.7890625 0.9440101574074075
3 0.548678125 0.9050484375000001 0.5540867199074074 0.954928125 0.587740625 0.9495195324074074 0.6129804699074074 0.998196875 0.7005210949074074 0.9661460949074074 0.6742789074074074 0.9194710949074074 0.7451921874999999 0.884615625 0.771634375 0.9296875 0.787259375 0.9212742199074073 0.7447914050925926 0.8528648449074074 0.7818507824074075 0.8269234375000001 0.7252601550925926 0.71875 0.7018226550925926 0.7317710949074074 0.7356773449074074 0.7838539050925926 0.66015625 0.82421875 0.6292070324074074 0.7734375 0.5691109375000001 0.7992789074074074 0.5360578125000001 0.814303125 0.501803125 0.8329328125000001 0.5126203125000001 0.8443507824074075 0.5366585949074074 0.873196875 0.548678125 0.9050484375000001
2 0.453125 0.8854164074074075 0.4596351550925926 0.9361976574074075 0.4765625 0.96484375 0.5143226550925926 0.9700523449074074 0.5494789050925926 0.9583335949074074 0.5481773449074074 0.9361976574074075 0.5455726550925926 0.9075523449074074 0.5364585949074074 0.8763023449074074 0.5104164050925926 0.8515625 0.49609375 0.8411460949074074 0.4700523449074074 0.8450523449074074 0.45703125 0.859375 0.453125 0.8854164074074075
3 0.4427085949074074 0.6236976550925926 0.4505210949074074 0.5169273449074074 0.45738671990740737 0.4595171875 0.442471875 0.48082421990740737 0.42400546990740745 0.4765625 0.39275546990740745 0.463778125 0.3948867175925926 0.4900570324074074 0.41335234490740735 0.49644921990740737 0.4153648449074074 0.5130210949074074 0.4088539050925926 0.5299476550925926 0.3268226574074074 0.5221351550925926 0.3528648449074074 0.5963539050925926 0.37109375 0.65625 0.4192710949074074 0.63671875 0.4427085949074074 0.6236976550925926
1 0.6676132800925926 0.5994320324074074 0.6654828125000001 0.612215625 0.6789773449074075 0.6271304699074074 0.7301132800925926 0.604403125 0.7223007800925926 0.5816757824074075 0.713778125 0.5745742199074074 0.7102273449074075 0.5639203125 0.698153125 0.5348007824074075 0.6448867199074074 0.557528125 0.65625 0.5717328125 0.6633523449074075 0.5873578125 0.6676132800925926 0.5994320324074074