1 0.12332578240740741 0.09988828240740741 0.056361719907407404 0.2265625 0.044642969907407404 0.2433039050925926 0.0513390625 0.2639507824074074 0.06696406249999999 0.2790179699074074 0.11272343750000001 0.3018976574074074 0.1439734375 0.31640625 0.2282367199074074 0.35825859490740736 0.2555804699074074 0.3058039074074074 0.27008906250000003 0.296875 0.27734375 0.2751117199074074 0.2834820324074074 0.27287968749999997 0.3638390625 0.11067734490740741 0.359375 0.09765625 0.34263359490740736 0.08761171990740742 0.18154765740740741 0.018228905092592593 0.1741070324074074 0.013950782407407407 0.1579242199074074 0.041852344907407406 0.1350445324074074 0.08482109490740741 0.12332578240740741 0.09988828240740741
1 0.3537945324074074 0.2483257824074074 0.3604914074074074 0.2377234375 0.3649554699074074 0.2466515625 0.4135046875 0.27399531250000003 0.4213171875 0.25390625 0.4430804699074074 0.2126117175925926 0.4118304699074074 0.19921875 0.4211304699074074 0.1692710949074074 0.4308039074074074 0.1746648449074074 0.4313617199074074 0.1897320324074074 0.4771203125 0.2126117175925926 0.4827007800925926 0.2014507824074074 0.5005578125 0.2081476550925926 0.5055804699074075 0.1997765625 0.5161828125 0.1705726550925926 0.3805804699074074 0.10435234490740741 0.31919609490740736 0.2444195324074074 0.3197546875 0.25 0.3404015625 0.26171875 0.3537945324074074 0.2483257824074074
1 0.5848210949074074 0.30859375 0.5803570300925925 0.3136164074074074 0.5481773449074074 0.36328125 0.53125 0.38560234490740736 0.5390625 0.3932289074074074 0.5455726550925926 0.4270835949074074 0.5338539050925926 0.4518226550925926 0.5078125 0.4895835949074074 0.50390625 0.5011164074074075 0.5440851574074075 0.5206476574074075 0.5652898449074074 0.515625 0.5770085949074074 0.5022320300925925 0.6088171875 0.44810234490740736 0.6205359375 0.421875 0.6997765625 0.2628351550925926 0.6216515625 0.2204242175925926 0.6043523449074074 0.2483257824074074 0.5078125 0.2003351550925926 0.4860492199074074 0.2472101550925926 0.4899554699074074 0.25 0.4860492199074074 0.26171875 0.5848210949074074 0.30859375
1 0.2877601574074074 0.375 0.4322914050925926 0.44921875 0.4388023449074074 0.4348960949074074 0.4322914050925926 0.4205726550925926 0.41796875 0.4036460949074074 0.4401039050925926 0.3697914074074074 0.453125 0.3815101574074074 0.4609375 0.390625 0.4765625 0.3776039074074074 0.49609375 0.3736976574074074 0.49888359490740736 0.3431921875 0.4547992199074074 0.3275671875 0.4592632800925926 0.3141742199074074 0.4642859375 0.3002234375 0.4296875 0.28459843749999997 0.421875 0.29296875 0.39732109490740736 0.2801335949074074 0.3911828125 0.2756695324074074 0.3489585949074074 0.2604164074074074 0.3216148449074074 0.3059898449074074 0.3046875 0.3033851574074074 0.2799476574074074 0.3541664074074074 0.2877601574074074 0.375
1 0.5052085949074074 0.5638023449074074 0.3802085949074074 0.4791664050925926 0.2317710949074074 0.4270835949074074 0.1393226574074074 0.6041664050925926 0.1419273449074074 0.640625 0.5104164050925926 0.6028648449074074 0.5052085949074074 0.5638023449074074
1 0.0520835949074074 0.6471351550925926 0.10026015509259259 0.6380210949074074 0.2114953125 0.4017859375 0.013021094907407407 0.3046875 0.0013023449074074074 0.3216148449074074 0.00390625 0.62109375 0.0520835949074074 0.6471351550925926
1 0.6662945324074074 0.4341515625 0.5987726550925926 0.5518976574074075 0.6041664050925926 0.5911460949074074 0.9388023449074074 0.55859375 0.99921875 0.4341515625 0.9986976574074075 0.41796875 0.7103796875 0.26897343749999997 0.6450890625 0.4084820300925926 0.6439734375 0.42857109490740736 0.6568078125 0.4330359375 0.6662945324074074 0.4341515625
1 0.8177085949074074 0.0013023449074074074 0.4375 0.0013023449074074074 0.3785507824074074 0.09232968750000001 0.3842328125 0.09943203240740742 0.7018226550925926 0.2565101574074074 0.8177085949074074 0.0013023449074074074
1 0.99921875 0 0.8346351574074075 0.0026039074074074076 0.71484375 0.2578125 0.7204242199074073 0.2684148449074074 0.99921875 0.41015625 0.99921875 0
1 0.23863671990740742 0 0.23011328240740742 0.004971875 0.22940312499999999 0.015625 0.23011328240740742 0.028409375 0.3579546875 0.08806796990740741 0.3658851574074074 0.08723984490740741 0.4176132824074074 0 0.23863671990740742 0
1 0.0026039074074074076 0.22265625 0.11979140509259259 0.00390625 0.053201960648148146 0.0005767777777777777 0.0013023449074074074 0 0.0026039074074074076 0.22265625
1 0 0.78515625 0.009114844907407407 0.8001304699074074 0.029296875 0.7630210949074074 0.0436195300925926 0.73046875 0.044921875 0.7194007800925926 0.02994765509259259 0.7005210949074074 0.01171875 0.703125 0 0.7063804699074074 0 0.78515625
1 0.2999132824074074 0.7421875 0.3702257824074074 0.7369789050925926 0.3467882824074074 0.796875 0.4036460949074074 0.8198781249999999 0.47439218749999995 0.6875 0.457465625 0.6588539050925926 0.1770835949074074 0.6901039050925926 0.1783851550925926 0.7174476550925926 0.285590625 0.765625 0.2999132824074074 0.7421875
1 0.8580726574074075 0.7135414050925926 0.8203125 0.6888023449074074 0.8046875 0.7057289050925926 0.6875 0.6484375 0.67578125 0.6653648449074074 0.6393226550925926 0.6471351550925926 0.6184898449074074 0.64453125 0.5859375 0.6536460949074074 0.5677085949074074 0.6888023449074074 0.5872398449074074 0.72265625 0.6002601550925926 0.7447914050925926 0.6979164050925926 0.78515625 0.71875 0.7408851550925926 0.76953125 0.7604164050925926 0.7122398449074074 0.8802085949074074 0.6575523449074074 0.85546875 0.68359375 0.7981773449074074 0.6341148449074074 0.7721351550925926 0.6067710949074074 0.8307289074074075 0.5499999999999999 0.8020835949074074 0.5770835949074075 0.7427085949074075 0.5036460949074074 0.7114585949074075 0.4583335949074074 0.8307289074074075 0.7513023449074074 0.9661460949074074 0.8580726574074075 0.7135414050925926
1 0.9010414074074075 0.7552085949074074 0.7786460949074074 0.99921875 0.99921875 0.99609375 0.9986976574074075 0.8020835949074074 0.9010414074074075 0.7552085949074074
1 0.9674476574074075 0.5989585949074074 0.9088539074074075 0.7278648449074074 0.99921875 0.7747398449074074 0.9986976574074075 0.5963539050925926 0.9674476574074075 0.5989585949074074
1 0.49609375 0.9674476574074075 0.40234375 0.91796875 0.3580726574074074 0.9973960949074074 0.5455726550925926 0.99921875 0.4947914050925926 0.9778648449074074 0.49609375 0.9674476574074075
0 0.5786460949074074 0.7421875 0.5515625000000001 0.8020835949074074 0.6072914074074075 0.8276039074074073 0.6302085949074074 0.7734375 0.5950523449074074 0.7513023449074074 0.588778125 0.7272726574074073 0.5625 0.6888023449074074 0.5768226550925926 0.66796875 0.59375 0.64453125 0.4588070324074074 0.659090625 0.4751421875 0.684659375 0.5091148449074074 0.7135414050925926 0.5786460949074074 0.7421875
0 0.4575890625 0.3247765625 0.5005578125 0.3431921875 0.4955359375 0.36997734490740736 0.5072546875 0.3727679699074074 0.5200890625 0.37890625 0.5295757800925925 0.3844867199074074 0.5396203125 0.3766742199074074 0.58203125 0.3091515625 0.4401039050925926 0.2395835949074074 0.42075859490740736 0.2790179699074074 0.4665179699074074 0.3002234375 0.4575890625 0.3247765625
0 0.8125 0.6783851550925926 0.7552085949074074 0.6549476550925926 0.7604164050925926 0.6223960949074074 0.6705726550925926 0.6315101550925926 0.671875 0.6341148449074074 0.80078125 0.703125 0.8125 0.6783851550925926
0 0.2578125 0.1627601550925926 0.2447914074074074 0.1901039050925926 0.16796875 0.154296875 0.1263023449074074 0.23828125 0.2135414074074074 0.2799476574074074 0.27734375 0.171875 0.2578125 0.1627601550925926
0 0.5167414074074075 0.171875 0.5066960949074074 0.2003351550925926 0.6043523449074074 0.2472101550925926 0.62109375 0.2215398449074074 0.5167414074074075 0.171875
2 0.8619789074074075 0.11848984490740741 0.8372398449074074 0.1705726550925926 0.8567710949074074 0.1744789050925926 0.8763023449074074 0.1276039050925926 0.8619789074074075 0.11848984490740741
1 0.9010414074074075 0.6276039050925926 0.8880210949074074 0.6119789050925926 0.7598960949074074 0.621875 0.7567710949074075 0.6489585949074075 0.8645835949074074 0.6979164050925926 0.9010414074074075 0.6276039050925926
0 0.09375 0.9505210949074074 0.11979140509259259 0.9615882824074075 0.1393226574074074 0.9264320324074075 0.17578125 0.9453125 0.1686195300925926 0.970703125 0.1966148449074074 0.9856773449074074 0.2493492199074074 0.8912757824074075 0.1432289074074074 0.837890625 0.10677109490740741 0.904296875 0.056640625 0.87890625 0.041015625 0.912109375 0.09505234490740741 0.9348960949074074 0.09375 0.9505210949074074
0 0.0442710949074074 0.7200523449074074 0.077690625 0.7135414050925926 0.17578125 0.7595484375 0.19184062500000001 0.7243921875 0.17881953240740742 0.7174476550925926 0.1770835949074074 0.70703125 0.17621562500000001 0.6892359375 0.19921875 0.6870656249999999 0.19487812499999999 0.6440968749999999 0.0559898449074074 0.6614585949074074 0 0.6328125 0.0013023449074074074 0.7061632824074074 0.03125 0.7000867199074073 0.0442710949074074 0.7200523449074074
0 0.5958335949074074 0.5520835949074074 0.6071429699074073 0.5390625 0.5909601574074075 0.5279015625 0.5719867199074075 0.51953125 0.546875 0.5284601574074075 0.5260414050925926 0.5260414050925926 0.51171875 0.5390625 0.5026039050925926 0.5598960949074074 0.5130210949074074 0.6041664050925926 0.6005210949074075 0.5927085949074075 0.5958335949074074 0.5520835949074074
0 0.3287757824074074 0.8372398449074074 0.3548179699074074 0.8489585949074074 0.3580726574074074 0.8600257824074075 0.3587242199074074 0.8776039074074075 0.3606773449074074 0.8938804699074074 0.3486328125 0.916015625 0.3873695324074074 0.9342445324074075 0.4016929699074074 0.9127601574074075 0.4619140625 0.9404296875 0.505859375 0.8522132824074075 0.4557289050925926 0.8333335949074074 0.4645179675925926 0.8111976574074075 0.4225257800925926 0.7884117199074074 0.40234375 0.8209632824074075 0.3463539074074074 0.80078125 0.3287757824074074 0.8372398449074074
1 0 0.9537757824074075 0.10546875 0.99921875 0.1451820324074074 0.99921875 0.1770835949074074 0.9459632824074075 0.1373695300925926 0.927734375 0.12109375 0.9622398449074074 0.08854140509259259 0.94921875 0.09375 0.9348960949074074 0.0384117199074074 0.912109375 0.0559898449074074 0.8776039074074075 0.10546875 0.8984375 0.1302085949074074 0.8515625 0.08333359490740741 0.8255210949074074 0.10677109490740741 0.80078125 0.1497398449074074 0.8138023449074074 0.1458335949074074 0.8203125 0.1471351574074074 0.837890625 0.2545570324074074 0.890625 0.2467445324074074 0.9049476574074075 0.24131953240740742 0.9162328125 0.23784687499999999 0.9144968750000001 0.21788203240740742 0.9474828125 0.22222187499999999 0.9552953125 0.1907554699074074 0.99921875 0.2779945324074074 0.99921875 0.3040367199074074 0.9537757824074075 0.3196617199074074 0.962890625 0.3600257824074074 0.8919273449074074 0.3600257824074074 0.8736976574074075 0.35546875 0.849609375 0.07747421990740741 0.7141929699074074 0 0.8639320324074075 0 0.9537757824074075