1 0.01171875 0.99921875 0.12109375 0.99921875 0.12109375 0.9895835949074074 0.1848960949074074 0.9921875 0.1809898449074074 0.7239585949074074 0.1627601550925926 0.7239585949074074 0.1653648449074074 0.6966148449074074 0.0520835949074074 0.6966148449074074 0.0494789050925926 0.7408851550925926 0.01171875 0.7395835949074074 0.01171875 0.99921875
1 0.4856773449074074 0.5299476550925926 0.453125 0.50390625 0.4388023449074074 0.5234375 0.42578125 0.515625 0.3880210949074074 0.5690101550925926 0.3841148449074074 0.5859375 0.21484375 0.59375 0.2083335949074074 0.7903648449074074 0.3151039074074074 0.7903648449074074 0.4856773449074074 0.5299476550925926
1 0.2838539074074074 0.5559898449074074 0.2825523449074074 0.4270835949074074 0.26171875 0.3658851574074074 0.4778648449074074 0.2747398449074074 0.3880210949074074 0.0533851550925926 0.0026039074074074076 0.203125 0 0.5638023449074074 0.0078125 0.56640625 0.2838539074074074 0.5559898449074074
1 0 0 0.00390625 0.1484375 0.0611976550925926 0.1315101550925926 0.2721351574074074 0.0442710949074074 0.2473960949074074 0 0 0
1 0.5924476550925926 0 0.51953125 0.046875 0.5338539050925926 0.08072890509259259 0.5598960949074074 0.078125 0.6106773449074074 0.14453125 0.6158851550925926 0.171875 0.6119789050925926 0.1822914050925926 0.5455726550925926 0.1966148449074074 0.5364585949074074 0.1888023449074074 0.5299476550925926 0.1627601550925926 0.5546875 0.1536460949074074 0.55078125 0.1263023449074074 0.5325523449074074 0.1015625 0.5065101550925926 0.11067734490740741 0.4791664050925926 0.0481773449074074 0.5052085949074074 0.03645859490740741 0.4973960949074074 0.01171875 0.4205726550925926 0.0533851550925926 0.5403648449074074 0.3606773449074074 0.5286460949074074 0.3802085949074074 0.5390625 0.390625 0.54296875 0.4049476550925926 0.54296875 0.4192710949074074 0.54296875 0.4388023449074074 0.8372398449074074 0.02864609490740741 0.8346351574074075 0 0.5924476550925926 0
1 0.9869789074074075 0.484375 0.99921875 0.4114585949074074 0.9986976574074075 0.006510157407407407 0.96484375 0.016927344907407407 0.9440101574074075 0.07291640509259259 0.9244789074074075 0.07682265509259259 0.4427085949074074 0.7552085949074074 0.4453125 0.7864585949074074 0.77734375 0.9427085949074074 0.9869789074074075 0.484375
1 0.7356773449074074 0.99921875 0.7591148449074074 0.9596351574074075 0.703125 0.9283851574074075 0.6966148449074074 0.9401039074074075 0.4752601550925926 0.8411460949074074 0.4856773449074074 0.8255210949074074 0.4192710949074074 0.796875 0.33984375 0.9114585949074074 0.3359375 0.99921875 0.7356773449074074 0.99921875
1 0.9973960949074074 0.6015625 0.8541664074074075 0.92578125 0.8567710949074074 0.9544273449074074 0.99921875 0.9973960949074074 0.9973960949074074 0.6015625
1 0.3697914074074074 0.4778648449074074 0.3671875 0.4283851550925926 0.3151039074074074 0.4296875 0.3151039074074074 0.4322914050925926 0.3177085949074074 0.484375 0.3697914074074074 0.4778648449074074
1 0.38671875 0.43359375 0.3932289074074074 0.46875 0.4440101550925926 0.4583335949074074 0.4401039050925926 0.3932289074074074 0.4270835949074074 0.390625 0.3893226574074074 0.3984375 0.3893226574074074 0.4127601550925926 0.37890625 0.4140625 0.38671875 0.43359375
0 0.2734375 0.91796875 0.3515625 0.7760414050925926 0.3333335949074074 0.7708335949074074 0.3138023449074074 0.7942710949074074 0.1888023449074074 0.796875 0.1901039050925926 0.99921875 0.2265625 0.99921875 0.2734375 0.91796875
3 0.0416664050925926 0.69140625 0.1653648449074074 0.6927085949074074 0.1627601550925926 0.7161460949074074 0.2122398449074074 0.7200523449074074 0.2057289074074074 0.56640625 0.00390625 0.5729164050925926 0 0.734375 0.03515625 0.734375 0.0416664050925926 0.69140625
0 0.3932289074074074 0.390625 0.4453125 0.390625 0.4518226550925926 0.41015625 0.4635414050925926 0.3815101574074074 0.5065101550925926 0.3723960949074074 0.47265625 0.3619789074074074 0.45703125 0.31640625 0.3971351574074074 0.3359375 0.3880210949074074 0.359375 0.36328125 0.34765625 0.2747398449074074 0.3828125 0.28515625 0.4075523449074074 0.2916664074074074 0.4296875 0.375 0.4244789050925926 0.37890625 0.40234375 0.3932289074074074 0.390625
3 0.3958335949074074 0.33203125 0.4609375 0.3138023449074074 0.4778648449074074 0.3541664074074074 0.4973960949074074 0.36328125 0.5104164050925926 0.359375 0.47265625 0.2799476574074074 0.26953125 0.3658851574074074 0.2734375 0.3802085949074074 0.3684898449074074 0.3424476574074074 0.3880210949074074 0.35546875 0.3958335949074074 0.33203125
2 0.3203125 0.5104164050925926 0.3229164074074074 0.5690101550925926 0.3229164074074074 0.5885414050925926 0.375 0.5846351550925926 0.3932289074074074 0.5533851550925926 0.4231773449074074 0.51171875 0.4075523449074074 0.484375 0.38671875 0.4817710949074074 0.3580726574074074 0.4895835949074074 0.3203125 0.5104164050925926
0 0.5533851550925926 0.14453125 0.5442710949074074 0.1614585949074074 0.5286460949074074 0.1653648449074074 0.5364585949074074 0.1927085949074074 0.61328125 0.1575523449074074 0.57421875 0.10286484490740741 0.5651039050925926 0.09114609490740741 0.5546875 0.078125 0.5338539050925926 0.08333359490740741 0.5130210949074074 0.0416664050925926 0.4869789050925926 0.0533851550925926 0.5104164050925926 0.10416640509259259 0.5390625 0.09895859490740741 0.5533851550925926 0.12239609490740741 0.5533851550925926 0.14453125