1 0.4869789050925926 0.2291664074074074 0.3020835949074074 0.2135414074074074 0.3072914074074074 0.2526039074074074 0.4895835949074074 0.28125 0.4869789050925926 0.2291664074074074
1 0.4088539050925926 0.07291640509259259 0.2994789074074074 0.12239609490740741 0.28125 0.010416407407407409 0.010416407407407409 0.010416407407407409 0.0078125 0.109375 0.07291640509259259 0.09375 0.06510390509259259 0.1927085949074074 0.2786460949074074 0.2161460949074074 0.4010414050925926 0.1770835949074074 0.3958335949074074 0.1302085949074074 0.4244789050925926 0.1302085949074074 0.4088539050925926 0.07291640509259259
1 0.53125 0.21875 0.6510414050925926 0.2005210949074074 0.6875 0.3567710949074074 0.7239585949074074 0.3489585949074074 0.65625 0 0.6015625 0.0026039074074074076 0.6171875 0.08854140509259259 0.5651039050925926 0.08854140509259259 0.5520835949074074 0.013021094907407407 0.5026039050925926 0.013021094907407407 0.5026039050925926 0.0390625 0.4244789050925926 0.06510390509259259 0.4375 0.1276039050925926 0.5338539050925926 0.10416640509259259 0.5442710949074074 0.1276039050925926 0.6067710949074074 0.1171875 0.6145835949074074 0.1510414050925926 0.5598960949074074 0.1640625 0.5234375 0.1536460949074074 0.53125 0.21875
1 0.6979164050925926 0.3645835949074074 0.7265625 0.4088539050925926 0.984375 0.3984375 0.9921875 0.28125 0.7447914050925926 0.09895859490740741 0.7786460949074074 0.2994789074074074 0.6979164050925926 0.3645835949074074
1 0.46875 0.3776039074074074 0.5416664050925926 0.375 0.5442710949074074 0.4401039050925926 0.5182289050925926 0.4791664050925926 0.6223960949074074 0.453125 0.6067710949074074 0.3203125 0.4635414050925926 0.3359375 0.46875 0.3776039074074074
1 0.1328125 0.4348960949074074 0.1302085949074074 0.4036460949074074 0.2760414074074074 0.3411460949074074 0.2838539074074074 0.2786460949074074 0.02083359490740741 0.1848960949074074 0 0.5130210949074074 0.4192710949074074 0.4765625 0.4270835949074074 0.3307289074074074 0.3229164074074074 0.2864585949074074 0.3229164074074074 0.4036460949074074 0.2213539074074074 0.4088539050925926 0.1328125 0.4348960949074074
1 0.09114609490740741 0.5416664050925926 0.013021094907407407 0.5416664050925926 0 0.765625 0.0598960949074074 0.7578125 0.09114609490740741 0.5416664050925926
1 0.3802085949074074 0.578125 0.3802085949074074 0.5260414050925926 0.1901039050925926 0.5442710949074074 0.1927085949074074 0.65625 0.3307289074074074 0.6484375 0.3802085949074074 0.578125
1 0.1484375 0.7421875 0.140625 0.859375 0.2369789074074074 0.8515625 0.234375 0.734375 0.1484375 0.7421875
1 0.5234375 0.9244789074074075 0.010416407407407409 0.90625 0 0.99921875 0.5234375 0.99921875 0.5234375 0.9244789074074075
1 0.4036460949074074 0.7135414050925926 0.3203125 0.7161460949074074 0.296875 0.7447914050925926 0.3020835949074074 0.8723960949074074 0.3958335949074074 0.8671875 0.4036460949074074 0.7135414050925926
1 0.4244789050925926 0.5208335949074074 0.4661460949074074 0.9010414074074075 0.5182289050925926 0.9010414074074075 0.4869789050925926 0.5234375 0.4244789050925926 0.5208335949074074
1 0.7630210949074074 0.7890625 0.9973960949074074 0.5 0.9921875 0.4244789050925926 0.6822914050925926 0.4427085949074074 0.5182289050925926 0.5260414050925926 0.5520835949074074 0.8046875 0.7630210949074074 0.7890625
1 0.9947914074074075 0.5729164050925926 0.9375 0.6822914050925926 0.9765625 0.984375 0.9947914074074075 0.5729164050925926
0 0.9166664074074075 0.7005210949074074 0.8203125 0.8098960949074074 0.546875 0.8125 0.546875 0.9947914074074075 0.9348960949074074 0.99921875 0.9166664074074075 0.7005210949074074
0 0.1380210949074074 0.7708335949074074 0.1380210949074074 0.7265625 0.1692710949074074 0.7265625 0.1822914050925926 0.5546875 0.1302085949074074 0.5572914050925926 0.09114609490740741 0.7682289050925926 0.1380210949074074 0.7708335949074074
0 0.2057289074074074 0.6666664050925926 0.203125 0.7161460949074074 0.4375 0.7057289050925926 0.4270835949074074 0.6614585949074074 0.2057289074074074 0.6666664050925926
0 0.2578125 0.7447914050925926 0.2578125 0.8567710949074074 0.2890625 0.859375 0.2890625 0.7395835949074074 0.2578125 0.7447914050925926
0 0.1302085949074074 0.8046875 0.0234375 0.7994789050925926 0.0026039074074074076 0.8671875 0.12239609490740741 0.8671875 0.1302085949074074 0.8046875
0 0.5182289050925926 0.234375 0.5052085949074074 0.1380210949074074 0.4140625 0.1458335949074074 0.4140625 0.2083335949074074 0.4947914050925926 0.2161460949074074 0.5 0.3072914074074074 0.6119789050925926 0.3098960949074074 0.6354164050925926 0.421875 0.6796875 0.4192710949074074 0.6328125 0.21875 0.5182289050925926 0.234375
0 0.9921875 0.02604140509259259 0.828125 0.013021094907407407 0.99921875 0.140625 0.9921875 0.02604140509259259
0 0.4140625 0.7317710949074074 0.4036460949074074 0.8880210949074074 0.4479164050925926 0.890625 0.4453125 0.7291664050925926 0.4140625 0.7317710949074074
2 0.3958335949074074 0.578125 0.3567710949074074 0.6380210949074074 0.4270835949074074 0.6458335949074074 0.421875 0.5807289050925926 0.3958335949074074 0.578125
2 0.4453125 0.03125 0.3020835949074074 0.010416407407407409 0.3151039074074074 0.0859375 0.4453125 0.03125
3 0.765625 0.2890625 0.7291664050925926 0.0625 0.9921875 0.2734375 0.99921875 0.2291664074074074 0.6796875 0.02083359490740741 0.7291664050925926 0.3125 0.765625 0.2890625