2 0.7291664050925926 0.4817710949074074 0.8333335949074074 0.5598960949074074 0.8645835949074074 0.4947914050925926 0.8125 0.4088539050925926 0.7135414050925926 0.3880210949074074 0.7265625 0.3177085949074074 0.7578125 0.2864585949074074 0.6770835949074074 0.1901039050925926 0.7213539050925926 0.1328125 0.640625 0.08333359490740741 0.6015625 0.078125 0.5859375 0.0234375 0.5286460949074074 0.018228905092592593 0.5729164050925926 0.4296875 0.65625 0.4348960949074074 0.6458335949074074 0.5104164050925926 0.5885414050925926 0.5130210949074074 0.6119789050925926 0.6328125 0.6927085949074074 0.6328125 0.6875 0.5546875 0.7291664050925926 0.4817710949074074
2 0.7942710949074074 0.7395835949074074 0.8203125 0.7291664050925926 0.8020835949074074 0.6875 0.8567710949074074 0.5989585949074074 0.8151039074074075 0.5703125 0.7317710949074074 0.6223960949074074 0.7942710949074074 0.7395835949074074
2 0.9036460949074074 0.6875 0.84375 0.7682289050925926 0.9036460949074074 0.78125 0.9296875 0.7630210949074074 0.9036460949074074 0.6875
2 0.7942710949074074 0.0494789050925926 0.7552085949074074 0.07552109490740741 0.84375 0.1588539050925926 0.8151039074074075 0.1953125 0.8359375 0.40625 0.8854164074074075 0.5078125 0.9635414074074075 0.5130210949074074 0.9869789074074075 0.4661460949074074 0.9947914074074075 0.013021094907407407 0.8567710949074074 0.0078125 0.8880210949074074 0.109375 0.8463539074074075 0.1015625 0.7942710949074074 0.0494789050925926
2 0.1354164050925926 0.15625 0.1510414050925926 0.0442710949074074 0.265625 0.046875 0.2890625 0.010416407407407409 0.07552109490740741 0.02864609490740741 0.0442710949074074 0.2838539074074074 0.1354164050925926 0.15625
2 0.1640625 0.2395835949074074 0.2578125 0.2161460949074074 0.3072914074074074 0.125 0.296875 0.0442710949074074 0.2630210949074074 0.06770859490740741 0.2630210949074074 0.1328125 0.1484375 0.1692710949074074 0.1640625 0.2395835949074074
0 0.7708335949074074 0.02864609490740741 0.7552085949074074 0.005208594907407407 0.6015625 0.013021094907407407 0.6171875 0.07291640509259259 0.7213539050925926 0.11458359490740741 0.7708335949074074 0.02864609490740741
0 0.6041664050925926 0.9401039074074075 0.6692710949074074 0.9765625 0.71875 0.9453125 0.9010414074074075 0.9244789074074075 0.8880210949074074 0.7916664050925926 0.6067710949074074 0.7942710949074074 0.5963539050925926 0.8385414074074075 0.6041664050925926 0.9401039074074075
0 0.8671875 0.5130210949074074 0.84375 0.5651039050925926 0.9010414074074075 0.6197914050925926 0.9713539074074075 0.5208335949074074 0.8671875 0.5130210949074074
3 0.2239585949074074 0.7421875 0.10416640509259259 0.7552085949074074 0.2317710949074074 0.8333335949074074 0.2239585949074074 0.7421875
3 0.07291640509259259 0.9427085949074074 0.12239609490740741 0.8359375 0.0416664050925926 0.78125 0.005208594907407407 0.859375 0.0078125 0.9114585949074074 0.07291640509259259 0.9427085949074074
3 0.7369789050925926 0.5104164050925926 0.7005210949074074 0.5546875 0.7005210949074074 0.6197914050925926 0.7994789050925926 0.5598960949074074 0.7369789050925926 0.5104164050925926
3 0.7630210949074074 0.2734375 0.8098960949074074 0.2734375 0.8046875 0.1927085949074074 0.8098960949074074 0.15625 0.75 0.09635390509259259 0.703125 0.1901039050925926 0.7630210949074074 0.2734375
3 0.8463539074074075 0.005208594907407407 0.78125 0.018228905092592593 0.8671875 0.1015625 0.8463539074074075 0.005208594907407407
1 0.46875 0.0078125 0.3307289074074074 0.013021094907407407 0.3411460949074074 0.0572914050925926 0.3463539074074074 0.2161460949074074 0.5 0.2265625 0.46875 0.0078125
1 0.5807289050925926 0.4401039050925926 0.5833335949074074 0.5052085949074074 0.6302085949074074 0.5026039050925926 0.6328125 0.453125 0.5807289050925926 0.4401039050925926
1 0.9895835949074074 0.6067710949074074 0.9270835949074074 0.6822914050925926 0.9427085949074074 0.7447914050925926 0.9895835949074074 0.7369789050925926 0.9895835949074074 0.6067710949074074
1 0.90625 0.8046875 0.921875 0.9921875 0.9817710949074074 0.9895835949074074 0.9921875 0.78125 0.90625 0.8046875
1 0.6119789050925926 0.6588539050925926 0.6171875 0.7734375 0.7838539050925926 0.7604164050925926 0.7291664050925926 0.6432289050925926 0.6119789050925926 0.6588539050925926
1 0.03645859490740741 0.2942710949074074 0.0598960949074074 0.0234375 0.0026039074074074076 0.0078125 0.0078125 0.2994789074074074 0.03645859490740741 0.2942710949074074
1 0.3984375 0.2760414074074074 0.3984375 0.3098960949074074 0.4765625 0.3046875 0.4739585949074074 0.2578125 0.3984375 0.2760414074074074
1 0.4635414050925926 0.3307289074074074 0.4713539050925926 0.375 0.4973960949074074 0.3645835949074074 0.4973960949074074 0.328125 0.4635414050925926 0.3307289074074074
1 0.40625 0.375 0.4036460949074074 0.4036460949074074 0.4479164050925926 0.4010414050925926 0.4479164050925926 0.3723960949074074 0.40625 0.375
1 0.2395835949074074 0.2760414074074074 0.2369789074074074 0.3515625 0.3802085949074074 0.3515625 0.3645835949074074 0.2473960949074074 0.2395835949074074 0.2760414074074074
1 0.0546875 0.578125 0.10677109490740741 0.5442710949074074 0.09635390509259259 0.3802085949074074 0.2083335949074074 0.3359375 0.1927085949074074 0.2786460949074074 0.0390625 0.3697914074074074 0.0546875 0.578125
1 0.1848960949074074 0.5208335949074074 0.2083335949074074 0.4947914050925926 0.2005210949074074 0.3802085949074074 0.11197890509259259 0.4348960949074074 0.11458359490740741 0.53125 0.1848960949074074 0.5208335949074074
1 0.3776039074074074 0.375 0.2552085949074074 0.3984375 0.2734375 0.578125 0.328125 0.625 0.375 0.625 0.3802085949074074 0.5546875 0.3463539074074074 0.546875 0.3333335949074074 0.4348960949074074 0.390625 0.4322914050925926 0.3776039074074074 0.375
1 0.010416407407407409 0.6744789050925926 0.02604140509259259 0.5208335949074074 0.0026039074074074076 0.3671875 0.010416407407407409 0.6744789050925926
1 0.010416407407407409 0.8229164074074075 0.02604140509259259 0.765625 0.0078125 0.7447914050925926 0.010416407407407409 0.8229164074074075
1 0.0416664050925926 0.9453125 0.0026039074074074076 0.9140625 0 0.9921875 0.0416664050925926 0.9791664074074075 0.0416664050925926 0.9453125
1 0.1510414050925926 0.8411460949074074 0.1328125 0.8828125 0.2317710949074074 0.9088539074074075 0.2421875 0.875 0.1510414050925926 0.8411460949074074
1 0.3255210949074074 0.8645835949074074 0.3229164074074074 0.6901039050925926 0.03125 0.6744789050925926 0.046875 0.7395835949074074 0.2734375 0.7317710949074074 0.2942710949074074 0.7760414050925926 0.2369789074074074 0.78125 0.2395835949074074 0.8307289074074075 0.2994789074074074 0.8307289074074075 0.296875 0.8645835949074074 0.3255210949074074 0.8645835949074074
1 0.3229164074074074 0.6770835949074074 0.3359375 0.7239585949074074 0.5703125 0.734375 0.5494789050925926 0.59375 0.4921875 0.5885414050925926 0.5026039050925926 0.703125 0.4505210949074074 0.7005210949074074 0.4505210949074074 0.6666664050925926 0.3229164074074074 0.6770835949074074
1 0.5572914050925926 0.8046875 0.5598960949074074 0.875 0.5989585949074074 0.8723960949074074 0.5755210949074074 0.7578125 0.34375 0.7421875 0.34375 0.7942710949074074 0.5572914050925926 0.8046875
1 0.3645835949074074 0.828125 0.3854164074074074 0.8932289074074075 0.5 0.9244789074074075 0.5078125 0.953125 0.5520835949074074 0.9453125 0.546875 0.890625 0.4348960949074074 0.8802085949074074 0.4244789050925926 0.8385414074074075 0.3645835949074074 0.828125
1 0.1588539050925926 0.9947914074074075 0.2552085949074074 0.9921875 0.3046875 0.9401039074074075 0.34375 0.9036460949074074 0.296875 0.9010414074074075 0.2369789074074074 0.9739585949074074 0.1770835949074074 0.9557289074074075 0.1588539050925926 0.9947914074074075
1 0.4348960949074074 0.9869789074074075 0.6119789050925926 0.9973960949074074 0.6067710949074074 0.9661460949074074 0.4661460949074074 0.9713539074074075 0.3515625 0.9088539074074075 0.328125 0.9505210949074074 0.4348960949074074 0.9869789074074075
1 0.7395835949074074 0.96875 0.7135414050925926 0.9973960949074074 0.8619789074074075 0.9895835949074074 0.8177085949074074 0.96875 0.7395835949074074 0.96875
1 0.1588539050925926 0.0442710949074074 0.1510414050925926 0.1484375 0.2369789074074074 0.1328125 0.2526039074074074 0.0625 0.1588539050925926 0.0442710949074074
0 0.4713539050925926 0.8072914074074075 0.4635414050925926 0.859375 0.5546875 0.8697914074074075 0.5442710949074074 0.8072914074074075 0.4713539050925926 0.8072914074074075
0 0.1484375 0.984375 0.1770835949074074 0.9453125 0.2317710949074074 0.9635414074074075 0.2578125 0.9270835949074074 0.125 0.8880210949074074 0.10416640509259259 0.9765625 0.1484375 0.984375
0 0.2630210949074074 0.6041664050925926 0.0598960949074074 0.5859375 0.0416664050925926 0.5859375 0.03645859490740741 0.6614585949074074 0.3125 0.6692710949074074 0.2630210949074074 0.6041664050925926
1 0.1770835949074074 0.5572914050925926 0.1744789050925926 0.5911460949074074 0.2838539074074074 0.6067710949074074 0.2552085949074074 0.5625 0.1770835949074074 0.5572914050925926
2 0.3541664074074074 0.984375 0.3020835949074074 0.9557289074074075 0.28125 0.9869789074074075 0.3541664074074074 0.984375