1 0.734375 0.013021094907407407 0.7083335949074074 0.1536460949074074 0.99921875 0.2005210949074074 0.9895835949074074 0.015625 0.734375 0.013021094907407407
1 0 0.03385390509259259 0.6901039050925926 0.1536460949074074 0.7083335949074074 0.015625 0 0.010416407407407409 0 0.03385390509259259
1 0.9973960949074074 0.2630210949074074 0.9947914074074075 0.2317710949074074 0.6927085949074074 0.1796875 0.6432289050925926 0.4635414050925926 0.7161460949074074 0.4947914050925926 0.7473960949074074 0.34375 0.8307289074074075 0.3541664074074074 0.8489585949074074 0.328125 0.8984375 0.3307289074074074 0.9114585949074074 0.25 0.9973960949074074 0.2630210949074074
1 0.7317710949074074 0.484375 0.7317710949074074 0.5078125 0.9895835949074074 0.546875 0.9947914074074075 0.4895835949074074 0.9609375 0.4895835949074074 0.96875 0.3723960949074074 0.9453125 0.3645835949074074 0.9270835949074074 0.5208335949074074 0.7317710949074074 0.484375
1 0.5416664050925926 0.1692710949074074 0.578125 0.4348960949074074 0.6302085949074074 0.4322914050925926 0.671875 0.1848960949074074 0.5416664050925926 0.1692710949074074
1 0.005208594907407407 0.1666664050925926 0.03645859490740741 0.07552109490740741 0.010416407407407409 0.0572914050925926 0.005208594907407407 0.1666664050925926
1 0.3671875 0.3307289074074074 0.359375 0.3567710949074074 0.2786460949074074 0.3229164074074074 0.2916664074074074 0.1276039050925926 0.0390625 0.0703125 0.0026039074074074076 0.2708335949074074 0.4427085949074074 0.4140625 0.4817710949074074 0.3645835949074074 0.5416664050925926 0.3854164074074074 0.5364585949074074 0.3203125 0.4973960949074074 0.3151039074074074 0.4661460949074074 0.34375 0.3671875 0.3307289074074074
1 0.3932289074074074 0.140625 0.2916664074074074 0.140625 0.3098960949074074 0.1927085949074074 0.4791664050925926 0.1979164050925926 0.4765625 0.2161460949074074 0.4244789050925926 0.2239585949074074 0.390625 0.2421875 0.3671875 0.2526039074074074 0.3489585949074074 0.2864585949074074 0.3046875 0.2838539074074074 0.2994789074074074 0.3151039074074074 0.3515625 0.3307289074074074 0.3619789074074074 0.3177085949074074 0.3854164074074074 0.3177085949074074 0.4270835949074074 0.2890625 0.53125 0.2864585949074074 0.5104164050925926 0.15625 0.3932289074074074 0.140625
1 0.21875 0.5703125 0.2786460949074074 0.5651039050925926 0.5911460949074074 0.6432289050925926 0.6041664050925926 0.5 0.5208335949074074 0.484375 0.4947914050925926 0.5104164050925926 0.4739585949074074 0.4765625 0.015625 0.375 0.0078125 0.5833335949074074 0.0703125 0.5859375 0.078125 0.4973960949074074 0.1692710949074074 0.53125 0.1770835949074074 0.4765625 0.2421875 0.4947914050925926 0.21875 0.5703125
1 0.010416407407407409 0.6640625 0.140625 0.6927085949074074 0.1510414050925926 0.5625 0.12239609490740741 0.5572914050925926 0.12239609490740741 0.6041664050925926 0.08854140509259259 0.5833335949074074 0.015625 0.609375 0.010416407407407409 0.6640625
1 0.2473960949074074 0.5911460949074074 0.2317710949074074 0.734375 0.5807289050925926 0.7994789050925926 0.5755210949074074 0.6614585949074074 0.359375 0.6015625 0.3567710949074074 0.6354164050925926 0.2890625 0.6171875 0.2890625 0.5963539050925926 0.2473960949074074 0.5911460949074074
1 0.6223960949074074 0.4947914050925926 0.609375 0.734375 0.6536460949074074 0.734375 0.6744789050925926 0.515625 0.6223960949074074 0.4947914050925926
1 0.671875 0.5859375 0.6640625 0.6927085949074074 0.9192710949074074 0.7291664050925926 0.9244789074074075 0.6171875 0.984375 0.6145835949074074 0.9869789074074075 0.5598960949074074 0.7473960949074074 0.5338539050925926 0.7265625 0.5911460949074074 0.671875 0.5859375
1 0.5963539050925926 0.7421875 0.59375 0.8098960949074074 0.9921875 0.8489585949074074 0.9895835949074074 0.7916664050925926 0.9453125 0.7890625 0.9453125 0.8072914074074075 0.9036460949074074 0.8098960949074074 0.9010414074074075 0.765625 0.5963539050925926 0.7421875
1 0.9947914074074075 0.9947914074074075 0.9947914074074075 0.9010414074074075 0.8098960949074074 0.8515625 0.7864585949074074 0.9348960949074074 0.6302085949074074 0.8828125 0.6276039050925926 0.8515625 0.5911460949074074 0.84375 0.5859375 0.9947914074074075 0.6432289050925926 0.99921875 0.65625 0.9322914074074075 0.6953125 0.9453125 0.6953125 0.9947914074074075 0.7864585949074074 0.9947914074074075 0.8020835949074074 0.9609375 0.9947914074074075 0.9947914074074075
1 0.3125 0.78125 0.2604164074074074 0.9505210949074074 0.2916664074074074 0.9635414074074075 0.2942710949074074 0.9921875 0.5442710949074074 0.9869789074074075 0.5651039050925926 0.8307289074074075 0.3125 0.78125
1 0.203125 0.9401039074074075 0.1328125 0.9869789074074075 0.203125 0.9947914074074075 0.2317710949074074 0.9453125 0.203125 0.9401039074074075
1 0.0494789050925926 0.9791664074074075 0.0859375 0.9140625 0.06510390509259259 0.8828125 0.078125 0.8515625 0.265625 0.8880210949074074 0.2994789074074074 0.7708335949074074 0.005208594907407407 0.6770835949074074 0.0078125 0.9921875 0.0494789050925926 0.9791664074074075
2 0.9140625 0.5 0.9348960949074074 0.3489585949074074 0.8515625 0.3411460949074074 0.8177085949074074 0.3671875 0.7604164050925926 0.3671875 0.7369789050925926 0.4817710949074074 0.9140625 0.5
2 0.6927085949074074 0.5208335949074074 0.6875 0.5885414050925926 0.7083335949074074 0.5885414050925926 0.7317710949074074 0.5390625 0.6927085949074074 0.5208335949074074
2 0.9244789074074075 0.7395835949074074 0.7369789050925926 0.7135414050925926 0.7369789050925926 0.7369789050925926 0.921875 0.7682289050925926 0.9895835949074074 0.7734375 0.9947914074074075 0.6901039050925926 0.9401039074074075 0.6692710949074074 0.9244789074074075 0.7395835949074074
2 0.6536460949074074 0.9505210949074074 0.6536460949074074 0.984375 0.6822914050925926 0.9869789074074075 0.6875 0.9505210949074074 0.6536460949074074 0.9505210949074074
2 0.8828125 0.984375 0.8125 0.9661460949074074 0.8046875 0.9895835949074074 0.8828125 0.984375
2 0.08333359490740741 0.8671875 0.1015625 0.9036460949074074 0.0703125 0.96875 0.125 0.9739585949074074 0.2005210949074074 0.921875 0.2552085949074074 0.9348960949074074 0.25 0.8984375 0.08333359490740741 0.8671875
0 0.1692710949074074 0.5416664050925926 0.1614585949074074 0.7057289050925926 0.2239585949074074 0.7109375 0.2421875 0.5963539050925926 0.1692710949074074 0.5416664050925926
0 0.78125 0.8541664074074075 0.6588539050925926 0.8411460949074074 0.6588539050925926 0.890625 0.7734375 0.9244789074074075 0.78125 0.8541664074074075