1 0.6979164050925926 0.005208594907407407 0.6901039050925926 0.0546875 0.99921875 0.2161460949074074 0.99921875 0.1328125 0.9375 0.09114609490740741 0.9661460949074074 0.02864609490740741 0.9270835949074074 0.0026039074074074076 0.8932289074074075 0.0598960949074074 0.7578125 0.005208594907407407 0.6979164050925926 0.005208594907407407
1 0.4348960949074074 0.1640625 0.3802085949074074 0.3151039074074074 0.40625 0.3515625 0.4453125 0.3333335949074074 0.5598960949074074 0.10416640509259259 0.5052085949074074 0.03385390509259259 0.4505210949074074 0.02864609490740741 0.4348960949074074 0.1640625
1 0.0078125 0.2213539074074074 0.3255210949074074 0.3229164074074074 0.3359375 0.1588539050925926 0.1484375 0.1484375 0.15625 0.078125 0.4192710949074074 0.09375 0.40625 0.02083359490740741 0.0078125 0.018228905092592593 0.0078125 0.2213539074074074
1 0.9895835949074074 0.9947914074074075 0.9921875 0.828125 0.703125 0.9947914074074075 0.9895835949074074 0.9947914074074075
1 0.2057289074074074 0.9375 0.005208594907407407 0.9609375 0.0078125 0.9973960949074074 0.2161460949074074 0.9947914074074075 0.2057289074074074 0.9375
1 0.2864585949074074 0.9322914074074075 0.3020835949074074 0.9791664074074075 0.4661460949074074 0.9921875 0.453125 0.9322914074074075 0.2864585949074074 0.9322914074074075
1 0.4661460949074074 0.8385414074074075 0.5078125 0.9895835949074074 0.6223960949074074 0.9973960949074074 0.8098960949074074 0.8671875 0.4661460949074074 0.8385414074074075
1 0.010416407407407409 0.9114585949074074 0.0598960949074074 0.8958335949074074 0.0546875 0.84375 0.10416640509259259 0.8411460949074074 0.10416640509259259 0.875 0.1614585949074074 0.8776039074074075 0.1484375 0.7942710949074074 0.005208594907407407 0.78125 0.010416407407407409 0.9114585949074074
1 0.421875 0.7604164050925926 0.4166664050925926 0.6770835949074074 0.013021094907407407 0.640625 0 0.7734375 0.8333335949074074 0.859375 0.99921875 0.6354164050925926 0.9921875 0.5208335949074074 0.5963539050925926 0.3541664074074074 0.5234375 0.4739585949074074 0.7682289050925926 0.5989585949074074 0.7213539050925926 0.78125 0.421875 0.7604164050925926
1 0.7135414050925926 0.6328125 0.7213539050925926 0.5911460949074074 0.1380210949074074 0.2734375 0.018228905092592593 0.2786460949074074 0.0078125 0.5130210949074074 0.1770835949074074 0.53125 0.1666664050925926 0.6484375 0.2395835949074074 0.6536460949074074 0.2578125 0.4010414050925926 0.4270835949074074 0.4973960949074074 0.390625 0.6614585949074074 0.4609375 0.6614585949074074 0.46875 0.53125 0.7135414050925926 0.6328125
1 0.953125 0.2526039074074074 0.859375 0.4322914050925926 0.9921875 0.5104164050925926 0.9947914074074075 0.265625 0.953125 0.2526039074074074
1 0.5911460949074074 0.1328125 0.5182289050925926 0.3125 0.6041664050925926 0.3385414074074074 0.71875 0.1171875 0.6640625 0.08333359490740741 0.5911460949074074 0.1328125
2 0.7421875 0.1302085949074074 0.6588539050925926 0.3203125 0.8567710949074074 0.4192710949074074 0.953125 0.2317710949074074 0.7421875 0.1302085949074074
2 0.10416640509259259 0.5416664050925926 0.015625 0.5364585949074074 0 0.6328125 0.09635390509259259 0.6380210949074074 0.10416640509259259 0.5416664050925926
2 0.9921875 0.7447914050925926 0.9817710949074074 0.6770835949074074 0.8854164074074075 0.8072914074074075 0.9921875 0.7447914050925926
0 0.5208335949074074 0.018228905092592593 0.5703125 0.10677109490740741 0.6796875 0.0572914050925926 0.6822914050925926 0.018228905092592593 0.5208335949074074 0.018228905092592593
0 0.2760414074074074 0.4453125 0.2578125 0.65625 0.3984375 0.6536460949074074 0.40625 0.515625 0.2760414074074074 0.4453125
0 0.484375 0.5703125 0.4791664050925926 0.71875 0.6953125 0.7604164050925926 0.7265625 0.6614585949074074 0.484375 0.5703125
0 0.9869789074074075 0.765625 0.65625 0.984375 0.6875 0.9921875 0.9869789074074075 0.8177085949074074 0.9869789074074075 0.765625
0 0.02604140509259259 0.9479164074074075 0.2083335949074074 0.9322914074074075 0.2057289074074074 0.8125 0.1666664050925926 0.8046875 0.1640625 0.8880210949074074 0.1015625 0.8880210949074074 0.09375 0.8567710949074074 0.0703125 0.8541664074074075 0.02604140509259259 0.9479164074074075
1 0.3411460949074074 0.1510414050925926 0.3411460949074074 0.2864585949074074 0.3854164074074074 0.2395835949074074 0.421875 0.109375 0.2786460949074074 0.09895859490740741 0.2864585949074074 0.1536460949074074 0.3411460949074074 0.1510414050925926