1 0.0598960949074074 0.765625 0.1171875 0.6848960949074074 0.2005210949074074 0.6770835949074074 0.1875 0.5859375 0.06510390509259259 0.6328125 0.005208594907407407 0.7447914050925926 0.02604140509259259 0.9869789074074075 0.0598960949074074 0.765625
1 0.2447914074074074 0.08854140509259259 0.2682289074074074 0.2786460949074074 0.3671875 0.2135414074074074 0.2760414074074074 0.0078125 0.1380210949074074 0.013021094907407407 0.1744789050925926 0.08333359490740741 0.2447914074074074 0.08854140509259259
1 0.34375 0.10416640509259259 0.4375 0.09895859490740741 0.4973960949074074 0.1354164050925926 0.5442710949074074 0.0859375 0.5286460949074074 0.0703125 0.5677085949074074 0.0078125 0.3020835949074074 0.02604140509259259 0.34375 0.10416640509259259
1 0.2421875 0.2161460949074074 0.2473960949074074 0.1692710949074074 0.2135414074074074 0.15625 0.1458335949074074 0.1692710949074074 0.1484375 0.203125 0.2421875 0.2161460949074074
1 0.03125 0.34375 0.0026039074074074076 0.3880210949074074 0.0026039074074074076 0.4817710949074074 0.0494789050925926 0.4505210949074074 0.09114609490740741 0.4947914050925926 0.07552109490740741 0.5234375 0.12239609490740741 0.5546875 0.2552085949074074 0.3020835949074074 0.25 0.2604164074074074 0.2239585949074074 0.2447914074074074 0.1979164050925926 0.2838539074074074 0.09635390509259259 0.2526039074074074 0.0703125 0.296875 0.1796875 0.3515625 0.1328125 0.4427085949074074 0.06510390509259259 0.4140625 0.08072890509259259 0.3828125 0.03125 0.34375
1 0.0078125 0.6796875 0.08854140509259259 0.5625 0.015625 0.4895835949074074 0.0078125 0.6796875
1 0.328125 0.46875 0.3046875 0.4270835949074074 0.2447914074074074 0.4505210949074074 0.2005210949074074 0.4453125 0.1354164050925926 0.5703125 0.1484375 0.5859375 0.1770835949074074 0.5286460949074074 0.2057289074074074 0.578125 0.2473960949074074 0.5546875 0.2057289074074074 0.4895835949074074 0.2447914074074074 0.5078125 0.328125 0.46875
1 0.3203125 0.5234375 0.3255210949074074 0.5546875 0.375 0.5390625 0.3619789074074074 0.5078125 0.3203125 0.5234375
1 0.3932289074074074 0.3802085949074074 0.5260414050925926 0.3020835949074074 0.4765625 0.2604164074074074 0.5286460949074074 0.2421875 0.4895835949074074 0.1796875 0.3046875 0.265625 0.2630210949074074 0.3255210949074074 0.2083335949074074 0.421875 0.2421875 0.4401039050925926 0.2760414074074074 0.3958335949074074 0.3151039074074074 0.4296875 0.3463539074074074 0.3932289074074074 0.3619789074074074 0.4557289050925926 0.4036460949074074 0.4348960949074074 0.3932289074074074 0.3802085949074074
1 0.5026039050925926 0.1692710949074074 0.5598960949074074 0.2578125 0.5833335949074074 0.2083335949074074 0.5625 0.1770835949074074 0.6354164050925926 0.07552109490740741 0.6796875 0.09895859490740741 0.7265625 0.010416407407407409 0.6276039050925926 0.0078125 0.5026039050925926 0.1692710949074074
1 0.765625 0.515625 0.7838539050925926 0.5390625 0.8333335949074074 0.4817710949074074 0.7734375 0.4166664050925926 0.7473960949074074 0.4453125 0.78125 0.4947914050925926 0.765625 0.515625
1 0.8385414074074075 0.5182289050925926 0.8229164074074075 0.5442710949074074 0.8515625 0.5885414050925926 0.8723960949074074 0.5651039050925926 0.8385414074074075 0.5182289050925926
1 0.8515625 0.65625 0.9010414074074075 0.640625 0.9401039074074075 0.6953125 0.9557289074074075 0.6692710949074074 0.90625 0.5885414050925926 0.8333335949074074 0.6223960949074074 0.8515625 0.65625
1 0.9635414074074075 0.5 0.9921875 0.5 0.9895835949074074 0.3463539074074074 0.9375 0.3828125 0.9635414074074075 0.4583335949074074 0.9635414074074075 0.5
1 0.2916664074074074 0.5963539050925926 0.3229164074074074 0.6796875 0.3619789074074074 0.6666664050925926 0.3567710949074074 0.6015625 0.2916664074074074 0.5963539050925926
1 0.4557289050925926 0.5911460949074074 0.4270835949074074 0.5963539050925926 0.3828125 0.6588539050925926 0.3984375 0.7447914050925926 0.4713539050925926 0.7578125 0.4557289050925926 0.5911460949074074
1 0.3880210949074074 0.5755210949074074 0.5052085949074074 0.5572914050925926 0.5234375 0.6901039050925926 0.5729164050925926 0.6432289050925926 0.5677085949074074 0.5390625 0.6458335949074074 0.4973960949074074 0.640625 0.4661460949074074 0.3776039074074074 0.5442710949074074 0.3880210949074074 0.5755210949074074
2 0.2005210949074074 0.609375 0.2161460949074074 0.6901039050925926 0.3177085949074074 0.6822914050925926 0.2682289074074074 0.5859375 0.2005210949074074 0.609375
2 0.9921875 0.018228905092592593 0.75 0.013021094907407407 0.6953125 0.10677109490740741 0.6458335949074074 0.09375 0.5755210949074074 0.1927085949074074 0.6041664050925926 0.2265625 0.5833335949074074 0.2682289074074074 0.7083335949074074 0.4036460949074074 0.9739585949074074 0.2916664074074074 0.9921875 0.018228905092592593
3 0.5546875 0.3958335949074074 0.53125 0.46875 0.6614585949074074 0.3932289074074074 0.5885414050925926 0.2994789074074074 0.5130210949074074 0.3385414074074074 0.5546875 0.3958335949074074
3 0.2552085949074074 0.5104164050925926 0.3880210949074074 0.5 0.3880210949074074 0.5260414050925926 0.4765625 0.4869789050925926 0.421875 0.3932289074074074 0.4140625 0.4453125 0.2552085949074074 0.5104164050925926
3 0.4869789050925926 0.7786460949074074 0.3854164074074074 0.7604164050925926 0.359375 0.6901039050925926 0.11979140509259259 0.7005210949074074 0.07552109490740741 0.7630210949074074 0.0546875 0.9921875 0.9921875 0.9973960949074074 0.9895835949074074 0.7682289050925926 0.9609375 0.7239585949074074 0.9375 0.7421875 0.8932289074074075 0.6614585949074074 0.84375 0.6692710949074074 0.7239585949074074 0.4479164050925926 0.671875 0.4817710949074074 0.6640625 0.5130210949074074 0.578125 0.5494789050925926 0.59375 0.6614585949074074 0.5546875 0.7109375 0.515625 0.71875 0.4947914050925926 0.6666664050925926 0.4713539050925926 0.6640625 0.4869789050925926 0.7786460949074074
3 0.9869789074074075 0.5234375 0.9010414074074075 0.5182289050925926 0.9973960949074074 0.6875 0.9869789074074075 0.5234375
3 0.013021094907407407 0.34375 0.15625 0.12239609490740741 0.10416640509259259 0.018228905092592593 0.013021094907407407 0.013021094907407407 0.013021094907407407 0.34375
0 0.9479164074074075 0.4557289050925926 0.90625 0.3854164074074074 0.8098960949074074 0.4140625 0.8880210949074074 0.5104164050925926 0.9453125 0.5104164050925926 0.9479164074074075 0.4557289050925926