1 0.3229164074074074 0.1302085949074074 0.1796875 0.010416407407407409 0.0078125 0.0078125 0.005208594907407407 0.2682289074074074 0.1302085949074074 0.3645835949074074 0.3229164074074074 0.1302085949074074
1 0.421875 0.015625 0.203125 0 0.328125 0.1171875 0.421875 0.015625
1 0.8072914074074075 0.1302085949074074 0.6901039050925926 0.0026039074074074076 0.453125 0.010416407407407409 0.34375 0.109375 0.5885414050925926 0.3567710949074074 0.8072914074074075 0.1302085949074074
1 0.8541664074074075 0.0026039074074074076 0.7083335949074074 0.018228905092592593 0.7994789050925926 0.08072890509259259 0.8541664074074075 0.0026039074074074076
1 0.8802085949074074 0.005208594907407407 0.8151039074074075 0.09895859490740741 0.9921875 0.2708335949074074 0.9973960949074074 0.0078125 0.8802085949074074 0.005208594907407407
1 0.828125 0.1458335949074074 0.6145835949074074 0.3802085949074074 0.7395835949074074 0.5 0.9973960949074074 0.3307289074074074 0.828125 0.1458335949074074
1 0.3333335949074074 0.1484375 0.1354164050925926 0.3802085949074074 0.3854164074074074 0.609375 0.4713539050925926 0.5104164050925926 0.4505210949074074 0.40625 0.4869789050925926 0.3671875 0.5625 0.4140625 0.5833335949074074 0.3880210949074074 0.3333335949074074 0.1484375
1 0.9973960949074074 0.625 0.9817710949074074 0.3880210949074074 0.7369789050925926 0.5260414050925926 0.5989585949074074 0.6953125 0.640625 0.7291664050925926 0.7239585949074074 0.6380210949074074 0.8333335949074074 0.734375 0.9192710949074074 0.6276039050925926 0.9583335949074074 0.65625 0.9973960949074074 0.625
1 0.9947914074074075 0.890625 0.9973960949074074 0.6770835949074074 0.90625 0.84375 0.9947914074074075 0.890625
1 0.005208594907407407 0.9635414074074075 0.359375 0.609375 0.0078125 0.3046875 0.005208594907407407 0.9635414074074075
1 0.484375 0.8151039074074075 0.4348960949074074 0.671875 0.3619789074074074 0.6276039050925926 0.010416407407407409 0.9973960949074074 0.3671875 0.9973960949074074 0.484375 0.8151039074074075
1 0.8151039074074075 0.828125 0.84375 0.7708335949074074 0.7734375 0.7317710949074074 0.7265625 0.7786460949074074 0.5989585949074074 0.703125 0.5729164050925926 0.7473960949074074 0.4479164050925926 0.9947914074074075 0.4895835949074074 0.9921875 0.5651039050925926 0.8697914074074075 0.6510414050925926 0.8932289074074075 0.5833335949074074 0.9947914074074075 0.99921875 0.99921875 0.9895835949074074 0.9296875 0.8151039074074075 0.828125
2 0.9166664074074075 0.6458335949074074 0.84375 0.734375 0.8828125 0.7578125 0.9557289074074075 0.671875 0.9166664074074075 0.6458335949074074
0 0.4609375 0.6744789050925926 0.4947914050925926 0.8098960949074074 0.515625 0.8125 0.7083335949074074 0.5208335949074074 0.5963539050925926 0.4010414050925926 0.4010414050925926 0.6145835949074074 0.4609375 0.6744789050925926
0 0.9114585949074074 0.796875 0.859375 0.7786460949074074 0.8541664074074075 0.7760414050925926 0.8359375 0.8125 0.8854164074074075 0.8515625 0.9114585949074074 0.796875