1 0.0078125 0.08333359490740741 0.2317710949074074 0.1953125 0.3046875 0.010416407407407409 0.013021094907407407 0.0078125 0.0078125 0.08333359490740741
1 0.25 0.2083335949074074 0.3984375 0.2604164074074074 0.4453125 0.1640625 0.5598960949074074 0.2109375 0.6197914050925926 0.08333359490740741 0.4401039050925926 0.005208594907407407 0.34375 0.010416407407407409 0.25 0.2083335949074074
1 0.65625 0.005208594907407407 0.5130210949074074 0.0078125 0.6380210949074074 0.0442710949074074 0.65625 0.005208594907407407
1 0.5885414050925926 0.2473960949074074 0.7083335949074074 0.2994789074074074 0.6588539050925926 0.40625 0.9010414074074075 0.5442710949074074 0.9921875 0.3489585949074074 0.9895835949074074 0.2708335949074074 0.6432289050925926 0.1171875 0.5885414050925926 0.2473960949074074
1 0.9244789074074075 0.0078125 0.890625 0.07291640509259259 0.8098960949074074 0.06770859490740741 0.8385414074074075 0.005208594907407407 0.7604164050925926 0.005208594907407407 0.7265625 0.08333359490740741 0.9921875 0.2135414074074074 0.9921875 0.1458335949074074 0.9453125 0.11979140509259259 0.9739585949074074 0.046875 0.9921875 0.0572914050925926 0.9921875 0.0078125 0.9244789074074075 0.0078125
1 0.0026039074074074076 0.11979140509259259 0.010416407407407409 0.2005210949074074 0.07552109490740741 0.2473960949074074 0 0.3723960949074074 0.005208594907407407 0.5598960949074074 0.03125 0.5833335949074074 0.2135414074074074 0.234375 0.0026039074074074076 0.11979140509259259
1 0.3098960949074074 0.7135414050925926 0.4244789050925926 0.484375 0.3098960949074074 0.4296875 0.359375 0.3151039074074074 0.2395835949074074 0.25 0.06510390509259259 0.5963539050925926 0.3098960949074074 0.7135414050925926
1 0.7109375 0.9088539074074075 0.8854164074074075 0.578125 0.6302085949074074 0.4479164050925926 0.5807289050925926 0.5598960949074074 0.4557289050925926 0.5078125 0.3463539074074074 0.7317710949074074 0.7109375 0.9088539074074075
1 0.9869789074074075 0.59375 0.9921875 0.4114585949074074 0.9348960949074074 0.5755210949074074 0.9869789074074075 0.59375
1 0.8802085949074074 0.9895835949074074 0.9921875 0.99921875 0.9947914074074075 0.6484375 0.9088539074074075 0.6067710949074074 0.8255210949074074 0.7630210949074074 0.7473960949074074 0.9244789074074075 0.8802085949074074 0.9895835949074074
1 0.2942710949074074 0.7447914050925926 0.0442710949074074 0.6276039050925926 0.013021094907407407 0.7526039050925926 0.2447914074074074 0.875 0.2942710949074074 0.7447914050925926
1 0.2864585949074074 0.890625 0.3203125 0.9192710949074074 0.2838539074074074 0.9947914074074075 0.4635414050925926 0.99921875 0.5234375 0.8723960949074074 0.3333335949074074 0.7786460949074074 0.2864585949074074 0.890625
1 0.7786460949074074 0.9947914074074075 0.5598960949074074 0.8854164074074075 0.5078125 0.99921875 0.7786460949074074 0.9947914074074075
0 0.3020835949074074 0.921875 0.0026039074074074076 0.7708335949074074 0.0078125 0.9921875 0.2604164074074074 0.9973960949074074 0.3020835949074074 0.921875
0 0.6770835949074074 0.3072914074074074 0.453125 0.2057289074074074 0.3229164074074074 0.4270835949074074 0.4817710949074074 0.4895835949074074 0.453125 0.4010414050925926 0.4869789050925926 0.3645835949074074 0.5572914050925926 0.4010414050925926 0.5104164050925926 0.4921875 0.5755210949074074 0.5104164050925926 0.6770835949074074 0.3072914074074074