1 0.8125 0.6848960949074074 0.8125 0.625 0.9192710949074074 0.6015625 0.90625 0.5390625 0.9453125 0.5338539050925926 0.96875 0.5911460949074074 0.9973960949074074 0.5755210949074074 0.9973960949074074 0.4453125 0.7421875 0.5416664050925926 0.7838539050925926 0.8932289074074075 0.890625 0.9895835949074074 0.984375 0.9895835949074074 0.99921875 0.6692710949074074 0.9401039074074075 0.671875 0.9192710949074074 0.640625 0.8958335949074074 0.6484375 0.8880210949074074 0.6796875 0.8125 0.6848960949074074
1 0.08854140509259259 0.3229164074074074 0.2864585949074074 0.8463539074074075 0.453125 0.6588539050925926 0.1302085949074074 0.296875 0.08854140509259259 0.3229164074074074
1 0.3020835949074074 0.8671875 0.3802085949074074 0.9895835949074074 0.7838539050925926 0.9895835949074074 0.484375 0.6875 0.3020835949074074 0.8671875
1 0.013021094907407407 0.59375 0.1354164050925926 0.53125 0.03125 0.3046875 0.013021094907407407 0.59375
1 0.2630210949074074 0.828125 0.140625 0.546875 0.02864609490740741 0.6145835949074074 0.046875 0.640625 0.1171875 0.6171875 0.140625 0.6666664050925926 0.06770859490740741 0.6953125 0.0572914050925926 0.734375 0.08333359490740741 0.8307289074074075 0.1354164050925926 0.859375 0.2630210949074074 0.828125
1 0.265625 0.8802085949074074 0.018228905092592593 0.9479164074074075 0 0.9973960949074074 0.3411460949074074 0.9895835949074074 0.265625 0.8802085949074074
1 0.5859375 0.5833335949074074 0.5572914050925926 0.6302085949074074 0.7265625 0.8255210949074074 0.7109375 0.5729164050925926 0.5859375 0.5833335949074074
1 0.4973960949074074 0.203125 0.328125 0.2291664074074074 0.2291664074074074 0.2057289074074074 0.1927085949074074 0.2447914074074074 0.5182289050925926 0.59375 0.4791664050925926 0.4739585949074074 0.4453125 0.4296875 0.453125 0.390625 0.5 0.3567710949074074 0.5546875 0.3958335949074074 0.5729164050925926 0.3828125 0.4973960949074074 0.203125
1 0.6770835949074074 0.5364585949074074 0.578125 0.3880210949074074 0.5520835949074074 0.4166664050925926 0.5078125 0.5078125 0.5338539050925926 0.5859375 0.5651039050925926 0.5442710949074074 0.6770835949074074 0.5364585949074074
1 0.8203125 0.2604164074074074 0.5572914050925926 0.3020835949074074 0.6328125 0.3984375 0.7057289050925926 0.5182289050925926 0.99921875 0.4140625 0.9895835949074074 0.015625 0.8333335949074074 0.010416407407407409 0.8359375 0.11979140509259259 0.8046875 0.1302085949074074 0.8203125 0.2604164074074074
1 0.2239585949074074 0.171875 0.3046875 0.2005210949074074 0.4895835949074074 0.1770835949074074 0.5026039050925926 0.08854140509259259 0.5364585949074074 0.0078125 0.2473960949074074 0.0078125 0.2057289074074074 0.1354164050925926 0.2239585949074074 0.171875
1 0.6614585949074074 0.1484375 0.6640625 0.02604140509259259 0.8229164074074075 0.03385390509259259 0.8229164074074075 0.0078125 0.5729164050925926 0.0026039074074074076 0.5208335949074074 0.10416640509259259 0.6614585949074074 0.1484375
0 0.7161460949074074 0.2317710949074074 0.6666664050925926 0.1692710949074074 0.5364585949074074 0.1328125 0.5546875 0.28125 0.7161460949074074 0.2630210949074074 0.7161460949074074 0.2317710949074074
0 0.0703125 0.3177085949074074 0.2135414074074074 0.203125 0.11197890509259259 0.1380210949074074 0.109375 0.0859375 0.08854140509259259 0.005208594907407407 0 0.010416407407407409 0.018228905092592593 0.2682289074074074 0.0703125 0.3177085949074074
2 0.1927085949074074 0.1171875 0.2317710949074074 0.010416407407407409 0.11197890509259259 0.02083359490740741 0.1276039050925926 0.125 0.2135414074074074 0.1796875 0.1927085949074074 0.1171875
2 0.0078125 0.8177085949074074 0.010416407407407409 0.9140625 0.1354164050925926 0.8854164074074075 0.03645859490740741 0.8072914074074075 0.0078125 0.8177085949074074
2 0.8125 0.0572914050925926 0.6692710949074074 0.0520835949074074 0.6744789050925926 0.1510414050925926 0.7421875 0.2317710949074074 0.7369789050925926 0.265625 0.7916664050925926 0.2473960949074074 0.7864585949074074 0.1302085949074074 0.7838539050925926 0.10416640509259259 0.8203125 0.109375 0.8125 0.0572914050925926