1 0.1328125 0.02604140509259259 0.2760414074074074 0.1822914050925926 0.3177085949074074 0.12239609490740741 0.265625 0.0026039074074074076 0.1328125 0.02604140509259259
1 0 0.09375 0.0520835949074074 0.0494789050925926 0.02864609490740741 0.0078125 0 0.09375
1 0.34375 0.4375 0.3854164074074074 0.3932289074074074 0.1015625 0.0572914050925926 0.02604140509259259 0.1458335949074074 0.0390625 0.203125 0.11197890509259259 0.1536460949074074 0.1875 0.2473960949074074 0.1770835949074074 0.3046875 0.2708335949074074 0.4140625 0.296875 0.3854164074074074 0.34375 0.4375
1 0.3645835949074074 0.2942710949074074 0.4505210949074074 0.4010414050925926 0.5 0.2760414074074074 0.4557289050925926 0.2552085949074074 0.3645835949074074 0.2942710949074074
1 0.1276039050925926 0.4010414050925926 0.06770859490740741 0.3489585949074074 0.0078125 0.40625 0.0572914050925926 0.484375 0.1276039050925926 0.4010414050925926
1 0.3802085949074074 0.5026039050925926 0.4166664050925926 0.5625 0.4583335949074074 0.5286460949074074 0.4322914050925926 0.4661460949074074 0.3802085949074074 0.5026039050925926
1 0.8020835949074074 0.6041664050925926 0.7421875 0.5390625 0.7057289050925926 0.5703125 0.6354164050925926 0.5052085949074074 0.6015625 0.5651039050925926 0.71875 0.6770835949074074 0.8020835949074074 0.6041664050925926
1 0.421875 0.6145835949074074 0.4427085949074074 0.6901039050925926 0.4869789050925926 0.6484375 0.4609375 0.578125 0.421875 0.6145835949074074
1 0.1276039050925926 0.6614585949074074 0.11979140509259259 0.6979164050925926 0.140625 0.7239585949074074 0.1666664050925926 0.6692710949074074 0.1276039050925926 0.6614585949074074
1 0.1328125 0.8619789074074075 0.08072890509259259 0.8567710949074074 0.12239609490740741 0.9010414074074075 0.1328125 0.8619789074074075
1 0.2005210949074074 0.8828125 0.2005210949074074 0.9453125 0.265625 0.9635414074074075 0.2786460949074074 0.8776039074074075 0.2005210949074074 0.8828125
1 0.4609375 0.7708335949074074 0.4973960949074074 0.8177085949074074 0.5598960949074074 0.7786460949074074 0.5286460949074074 0.7213539050925926 0.4609375 0.7708335949074074
1 0.5598960949074074 0.8723960949074074 0.6302085949074074 0.9375 0.671875 0.9036460949074074 0.6041664050925926 0.8203125 0.5598960949074074 0.8723960949074074
1 0.7786460949074074 0.99921875 0.7057289050925926 0.9322914074074075 0.671875 0.9921875 0.7786460949074074 0.99921875
1 0.5598960949074074 0.6588539050925926 0.8177085949074074 0.99921875 0.9322914074074075 0.7942710949074074 0.6041664050925926 0.59375 0.5598960949074074 0.6588539050925926
1 0.9453125 0.8229164074074075 0.9322914074074075 0.875 0.9583335949074074 0.8854164074074075 0.9791664074074075 0.8489585949074074 0.9453125 0.8229164074074075
1 0.9739585949074074 0.9973960949074074 0.9296875 0.9609375 0.9088539074074075 0.984375 0.9739585949074074 0.9973960949074074
1 0.46875 0.0625 0.5130210949074074 0.125 0.5833335949074074 0.0598960949074074 0.5494789050925926 0.015625 0.46875 0.0625
1 0.9973960949074074 0.2239585949074074 0.9479164074074075 0.2682289074074074 0.9869789074074075 0.3072914074074074 0.9973960949074074 0.2239585949074074
3 0.0859375 0.4869789050925926 0.3020835949074074 0.6588539050925926 0.3619789074074074 0.5911460949074074 0.1432289074074074 0.40625 0.0859375 0.4869789050925926
3 0.1432289074074074 0.9088539074074075 0.06770859490740741 0.8723960949074074 0.08854140509259259 0.7161460949074074 0 0.8645835949074074 0.1276039050925926 0.9427085949074074 0.1432289074074074 0.9088539074074075
3 0.09375 0.8203125 0.1458335949074074 0.8463539074074075 0.1354164050925926 0.8984375 0.1640625 0.8958335949074074 0.1901039050925926 0.8125 0.1015625 0.71875 0.09375 0.8203125
3 0.90625 0.5260414050925926 0.7838539050925926 0.6666664050925926 0.8776039074074075 0.75 0.9609375 0.5494789050925926 0.9609375 0.4661460949074074 0.8098960949074074 0.3880210949074074 0.78125 0.4348960949074074 0.90625 0.5260414050925926
3 0.5911460949074074 0.0078125 0.59375 0.1744789050925926 0.8072914074074075 0.1380210949074074 0.9192710949074074 0.2421875 0.9817710949074074 0.1666664050925926 0.9895835949074074 0.010416407407407409 0.7864585949074074 0.015625 0.5911460949074074 0.0078125
1 0.6588539050925926 0.99921875 0.5078125 0.8411460949074074 0.4817710949074074 0.9973960949074074 0.6588539050925926 0.99921875
0 0.2838539074074074 0.8776039074074075 0.2786460949074074 0.9713539074074075 0.3567710949074074 0.9869789074074075 0.3619789074074074 0.8984375 0.2838539074074074 0.8776039074074075
0 0 0.8333335949074074 0.1588539050925926 0.6015625 0 0.4609375 0 0.8333335949074074
2 0.3359375 0.11458359490740741 0.2838539074074074 0.1875 0.3463539074074074 0.2708335949074074 0.4869789050925926 0.2447914074074074 0.4947914050925926 0.1979164050925926 0.4036460949074074 0.018228905092592593 0.2864585949074074 0.0078125 0.3359375 0.11458359490740741
2 0.010416407407407409 0.2213539074074074 0.06510390509259259 0.3177085949074074 0.3671875 0.5807289050925926 0.390625 0.5546875 0.171875 0.3020835949074074 0.1614585949074074 0.2395835949074074 0.109375 0.1770835949074074 0.010416407407407409 0.2213539074074074
2 0.484375 0.8307289074074075 0.4453125 0.7760414050925926 0.4453125 0.6822914050925926 0.4036460949074074 0.6197914050925926 0.3645835949074074 0.6015625 0.3333335949074074 0.671875 0.1822914050925926 0.5885414050925926 0.1432289074074074 0.65625 0.1848960949074074 0.6588539050925926 0.1484375 0.75 0.2265625 0.8619789074074075 0.390625 0.8854164074074075 0.3776039074074074 0.984375 0.4557289050925926 0.9921875 0.484375 0.8307289074074075
2 0.7057289050925926 0.5520835949074074 0.7447914050925926 0.5182289050925926 0.8177085949074074 0.5989585949074074 0.8932289074074075 0.5364585949074074 0.7552085949074074 0.4296875 0.8020835949074074 0.3671875 0.9895835949074074 0.4713539050925926 0.9895835949074074 0.3333335949074074 0.8072914074074075 0.1614585949074074 0.5963539050925926 0.1901039050925926 0.5807289050925926 0.08854140509259259 0.515625 0.140625 0.5572914050925926 0.1979164050925926 0.5026039050925926 0.3463539074074074 0.5598960949074074 0.4010414050925926 0.5416664050925926 0.46875 0.5859375 0.53125 0.6302085949074074 0.4921875 0.7057289050925926 0.5520835949074074
2 0.9869789074074075 0.7838539050925926 0.9791664074074075 0.5651039050925926 0.9088539074074075 0.7473960949074074 0.9869789074074075 0.7838539050925926