2 0.5130210949074074 0.5 0.671875 0.5026039050925926 0.7578125 0.5286460949074074 0.7473960949074074 0.6067710949074074 0.8411460949074074 0.7916664050925926 0.9817710949074074 0.78125 0.9921875 0.013021094907407407 0.0234375 0.02083359490740741 0.0078125 0.2864585949074074 0.09114609490740741 0.3567710949074074 0.4635414050925926 0.4895835949074074 0.4505210949074074 0.4166664050925926 0.4791664050925926 0.3723960949074074 0.5390625 0.3776039074074074 0.5546875 0.4375 0.5130210949074074 0.5
2 0.9895835949074074 0.9817710949074074 0.9895835949074074 0.8072914074074075 0.8984375 0.8098960949074074 0.8932289074074075 0.8619789074074075 0.7604164050925926 0.9036460949074074 0.7916664050925926 0.9895835949074074 0.9895835949074074 0.9817710949074074
1 0.013021094907407407 0.3177085949074074 0.0078125 0.4505210949074074 0.07552109490740741 0.4505210949074074 0.08333359490740741 0.3697914074074074 0.013021094907407407 0.3177085949074074
1 0.08333359490740741 0.5598960949074074 0.11979140509259259 0.5625 0.1432289074074074 0.5260414050925926 0.328125 0.5260414050925926 0.3125 0.4427085949074074 0.10416640509259259 0.3932289074074074 0.09635390509259259 0.4401039050925926 0.08333359490740741 0.5598960949074074
1 0.08072890509259259 0.6484375 0.4817710949074074 0.5963539050925926 0.5208335949074074 0.5390625 0.4401039050925926 0.5416664050925926 0.4270835949074074 0.4713539050925926 0.3463539074074074 0.4739585949074074 0.3671875 0.5703125 0.09375 0.6015625 0.0494789050925926 0.5651039050925926 0.0234375 0.5364585949074074 0.005208594907407407 0.7890625 0.07552109490740741 0.7395835949074074 0.11197890509259259 0.7369789050925926 0.1458335949074074 0.6927085949074074 0.1354164050925926 0.6822914050925926 0.09895859490740741 0.7005210949074074 0.08072890509259259 0.6484375
1 0.59375 0.5260414050925926 0.5859375 0.5546875 0.515625 0.5625 0.5260414050925926 0.6119789050925926 0.6067710949074074 0.6119789050925926 0.6041664050925926 0.5729164050925926 0.6536460949074074 0.5755210949074074 0.7213539050925926 0.5911460949074074 0.7369789050925926 0.5416664050925926 0.6640625 0.5130210949074074 0.59375 0.5260414050925926
1 0 0.9895835949074074 0.0625 0.9791664074074075 0.07552109490740741 0.8958335949074074 0.12239609490740741 0.8125 0.3463539074074074 0.7213539050925926 0.6119789050925926 0.6953125 0.7786460949074074 0.7473960949074074 0.7890625 0.7213539050925926 0.640625 0.6328125 0.4791664050925926 0.640625 0.4765625 0.6640625 0.4322914050925926 0.6640625 0.4270835949074074 0.640625 0.3645835949074074 0.6484375 0.359375 0.6796875 0.2838539074074074 0.6848960949074074 0.28125 0.6536460949074074 0.2369789074074074 0.6536460949074074 0.2369789074074074 0.703125 0.0546875 0.7708335949074074 0 0.8359375 0 0.9895835949074074
1 0.7291664050925926 0.8385414074074075 0.7317710949074074 0.8802085949074074 0.8880210949074074 0.8541664074074075 0.8802085949074074 0.8151039074074075 0.7291664050925926 0.8385414074074075
1 0.2239585949074074 0.7942710949074074 0.11458359490740741 0.8463539074074075 0.08854140509259259 0.9869789074074075 0.1666664050925926 0.9817710949074074 0.2630210949074074 0.9010414074074075 0.4375 0.7838539050925926 0.5 0.75 0.484375 0.7239585949074074 0.375 0.7369789050925926 0.2239585949074074 0.7942710949074074
1 0.6119789050925926 0.7447914050925926 0.4375 0.8020835949074074 0.3098960949074074 0.8854164074074075 0.2005210949074074 0.984375 0.2994789074074074 0.99921875 0.4609375 0.8723960949074074 0.5885414050925926 0.8098960949074074 0.7578125 0.7890625 0.7604164050925926 0.7578125 0.6901039050925926 0.7395835949074074 0.6119789050925926 0.7447914050925926
1 0.5 0.8776039074074075 0.3932289074074074 0.9739585949074074 0.4869789050925926 0.9947914074074075 0.5651039050925926 0.90625 0.5 0.8776039074074075
1 0.6484375 0.9270835949074074 0.6197914050925926 0.984375 0.6666664050925926 0.9895835949074074 0.6848960949074074 0.9583335949074074 0.6484375 0.9270835949074074
0 0.6770835949074074 0.8177085949074074 0.59375 0.8359375 0.5260414050925926 0.875 0.5833335949074074 0.9010414074074075 0.5234375 0.9765625 0.5885414050925926 0.9791664074074075 0.6276039050925926 0.9166664074074075 0.7005210949074074 0.9401039074074075 0.7369789050925926 0.90625 0.6770835949074074 0.8177085949074074