1 0.0625 0.052734375 0.05859375 0.0078125 0.0078125 0.00390625 0.0078125 0.05859375 0.0625 0.052734375
1 0.09375 0.013671875 0.09765625 0.056640625 0.24609375 0.0390625 0.25 0.00390625 0.09375 0.013671875
1 0.28515625 0.009765625 0.287109375 0.03515625 0.47265625 0.025390625 0.47265625 0.001953125 0.28515625 0.009765625
1 0.76953125 0.0078125 0.537109375 0 0.54296875 0.029296875 0.76953125 0.0078125
1 0.005859375 0.109375 0.005859375 0.34765625 0.078125 0.33203125 0.064453125 0.115234375 0.005859375 0.109375
1 0.1015625 0.107421875 0.115234375 0.333984375 0.26171875 0.3203125 0.24609375 0.087890625 0.1015625 0.107421875
1 0.294921875 0.09375 0.3125 0.3125 0.494140625 0.294921875 0.474609375 0.076171875 0.294921875 0.09375
1 0.552734375 0.068359375 0.564453125 0.294921875 0.78125 0.275390625 0.767578125 0.041015625 0.552734375 0.068359375
1 0.8359375 0.044921875 0.8515625 0.26953125 0.98828125 0.26171875 0.990234375 0.033203125 0.8359375 0.044921875
1 0.001953125 0.388671875 0.0058203125 0.623046875 0.09957031250000001 0.591796875 0.08199218750000001 0.375 0.001953125 0.388671875
1 0.1288671875 0.384765625 0.1425390625 0.603515625 0.2948828125 0.59765625 0.2636328125 0.3671875 0.1288671875 0.384765625
1 0.3144140625 0.37109375 0.3358984375 0.580078125 0.5175390625 0.576171875 0.5058203125 0.51171875 0.4491796875 0.412109375 0.4628515625 0.375 0.5019140625 0.37109375 0.5019140625 0.34375 0.3144140625 0.37109375
1 0.5663671875 0.341796875 0.5800390625 0.576171875 0.8085546874999999 0.5546875 0.7948828124999999 0.328125 0.5663671875 0.341796875
1 0.8808203124999999 0.55078125 0.9960546874999999 0.537109375 0.9941015624999999 0.3046875 0.8534765624999999 0.318359375 0.8808203124999999 0.55078125
1 0.2812109375 0.666015625 0.0038671875 0.689453125 0.0136328125 0.99609375 0.3124609375 0.99609375 0.2812109375 0.666015625
1 0.8749609374999999 0.591796875 0.9003515624999999 0.86328125 0.9862890624999999 0.85546875 0.9921484374999999 0.578125 0.8749609374999999 0.591796875
1 0.8983984374999999 0.90625 0.9042578124999999 0.98828125 0.9941015624999999 0.998046875 0.9941015624999999 0.890625 0.8983984374999999 0.90625
2 0.2069921875 0.62109375 0 0.6328125 0.0097265625 0.673828125 0.2089453125 0.662109375 0.2069921875 0.62109375
2 0.3378515625 0.888671875 0.4257421875 0.84375 0.4648046875 0.8359375 0.5136328125 0.890625 0.5448828125 0.890625 0.5273046875 0.62890625 0.3241796875 0.630859375 0.3378515625 0.888671875
2 0.4960546875 0.935546875 0.5019140625 0.986328125 0.5585546875 0.9921875 0.5566015625 0.9375 0.4960546875 0.935546875
2 0.5898046875 0.91015625 0.6112890624999999 0.904296875 0.5937109374999999 0.6328125 0.6288671874999999 0.625 0.6269140624999999 0.60546875 0.5683203125 0.62109375 0.5702734375 0.625 0.5898046875 0.91015625
2 0.5937109374999999 0.921875 0.5995703124999999 0.996171875 0.6210546874999999 0.996171875 0.6112890624999999 0.92390625 0.5937109374999999 0.921875
2 0.8378515624999999 0.795 0.8046484374999999 0.789140625 0.7616796874999999 0.820390625 0.7284765624999999 0.97859375 0.8456640624999999 0.9825 0.8378515624999999 0.795
2 0.8124609374999999 0.605546875 0.7421484374999999 0.623125 0.8163671874999999 0.703203125 0.8124609374999999 0.605546875
0 0.4296484375 0.85546875 0.3515234375 0.90234375 0.3573828125 0.990234375 0.4941015625 0.98828125 0.4901953125 0.92578125 0.5390234375 0.92578125 0.5370703125 0.900390625 0.5038671875 0.900390625 0.4628515625 0.853515625 0.4296484375 0.85546875
0 0.6347265624999999 0.615234375 0.6112890624999999 0.642578125 0.6288671874999999 0.986328125 0.6894140624999999 0.990234375 0.7167578124999999 0.984375 0.7538671874999999 0.802734375 0.8163671874999999 0.77734375 0.8163671874999999 0.71484375 0.7265234374999999 0.6171875 0.6347265624999999 0.615234375