4 0.015625 0.6458335949074074 0.3255210949074074 0.3515625 0.2916664074074074 0.2838539074074074 0.3151039074074074 0.25 0.3723960949074074 0.3020835949074074 0.6979164050925926 0.010416407407407409 0.0078125 0.010416407407407409 0.015625 0.6458335949074074
0 0.71875 0.2942710949074074 0.7864585949074074 0.234375 0.8411460949074074 0.2421875 0.953125 0.1458335949074074 0.96875 0.07291640509259259 0.9921875 0.06510390509259259 0.9947914074074075 0.018228905092592593 0.7109375 0.015625 0.3776039074074074 0.3151039074074074 0.3203125 0.265625 0.3020835949074074 0.2786460949074074 0.3463539074074074 0.34375 0 0.6666664050925926 0.013021094907407407 0.9140625 0.484375 0.4895835949074074 0.4453125 0.4244789050925926 0.4921875 0.3645835949074074 0.546875 0.3828125 0.6197914050925926 0.4114585949074074 0.7109375 0.3333335949074074 0.71875 0.2942710949074074
2 0.7760414050925926 0.2630210949074074 0.7317710949074074 0.3020835949074074 0.7213539050925926 0.3489585949074074 0.6223960949074074 0.4270835949074074 0.5494789050925926 0.4192710949074074 0.515625 0.5130210949074074 0.4739585949074074 0.5026039050925926 0.010416407407407409 0.9296875 0.013021094907407407 0.9869789074074075 0.0703125 0.9869789074074075 0.9869789074074075 0.2239585949074074 0.9947914074074075 0.07291640509259259 0.9817710949074074 0.09635390509259259 0.9713539074074075 0.1588539050925926 0.8463539074074075 0.2578125 0.7760414050925926 0.2630210949074074
1 0.2135414074074074 0.9921875 0.1588539050925926 0.9453125 0.09895859490740741 0.9817710949074074 0.2135414074074074 0.9921875
1 0.1979164050925926 0.921875 0.2786460949074074 0.9973960949074074 0.4296875 0.9947914074074075 0.2734375 0.8645835949074074 0.1979164050925926 0.921875
1 0.296875 0.8385414074074075 0.4088539050925926 0.9427085949074074 0.5338539050925926 0.8072914074074075 0.421875 0.7265625 0.296875 0.8385414074074075
1 0.4401039050925926 0.7135414050925926 0.7369789050925926 0.9453125 0.875 0.8098960949074074 0.625 0.5677085949074074 0.4401039050925926 0.7135414050925926
1 0.6354164050925926 0.9973960949074074 0.6640625 0.9479164074074075 0.5416664050925926 0.84375 0.40625 0.9557289074074075 0.4583335949074074 0.99921875 0.6354164050925926 0.9973960949074074
1 0.8880210949074074 0.84375 0.7630210949074074 0.9895835949074074 0.9192710949074074 0.9973960949074074 0.9713539074074075 0.9244789074074075 0.8880210949074074 0.84375
1 0.9973960949074074 0.7083335949074074 0.9010414074074075 0.8125 0.9973960949074074 0.875 0.9973960949074074 0.7083335949074074
1 0.6796875 0.5052085949074074 0.7708335949074074 0.5494789050925926 0.859375 0.4427085949074074 0.8333335949074074 0.3958335949074074 0.6796875 0.5052085949074074
1 0.99921875 0.2630210949074074 0.9036460949074074 0.3463539074074074 0.9921875 0.4296875 0.99921875 0.2630210949074074
1 0.9609375 0.4453125 0.8697914074074075 0.5416664050925926 0.984375 0.6692710949074074 0.99921875 0.4869789050925926 0.9609375 0.4453125
1 0.8463539074074075 0.5729164050925926 0.7473960949074074 0.6484375 0.8828125 0.7890625 0.9739585949074074 0.6848960949074074 0.8463539074074075 0.5729164050925926
2 0.6380210949074074 0.546875 0.7109375 0.6432289050925926 0.8203125 0.5755210949074074 0.6770835949074074 0.5234375 0.6380210949074074 0.546875
1 0.8776039074074075 0.421875 0.9322914074074075 0.4505210949074074 0.9479164074074075 0.4088539050925926 0.9244789074074075 0.3880210949074074 0.8776039074074075 0.421875
1 0.99921875 0.9947914074074075 0.9973960949074074 0.9348960949074074 0.953125 0.9973960949074074 0.99921875 0.9947914074074075