1 0 0.0442710949074074 0.09895859490740741 0.1510414050925926 0.1536460949074074 0.10677109490740741 0.0703125 0.0078125 0 0.0078125 0 0.0442710949074074
1 0.0859375 0.1744789050925926 0.010416407407407409 0.07552109490740741 0.005208594907407407 0.140625 0.0546875 0.1953125 0.0859375 0.1744789050925926
1 0.0078125 0.234375 0.03645859490740741 0.1953125 0.005208594907407407 0.1614585949074074 0.0078125 0.234375
1 0.4739585949074074 0.5130210949074074 0.1796875 0.1484375 0.1276039050925926 0.1901039050925926 0.4114585949074074 0.5182289050925926 0.4739585949074074 0.5130210949074074
1 0.4140625 0.5598960949074074 0.10416640509259259 0.1875 0.06510390509259259 0.2083335949074074 0.3854164074074074 0.5729164050925926 0.4140625 0.5598960949074074
1 0.3671875 0.6119789050925926 0.046875 0.2369789074074074 0.005208594907407407 0.2760414074074074 0.2942710949074074 0.6197914050925926 0.3671875 0.6119789050925926
1 0.2864585949074074 0.6640625 0.010416407407407409 0.3333335949074074 0.0078125 0.4375 0.2135414074074074 0.6953125 0.2864585949074074 0.6640625
1 0.2135414074074074 0.7265625 0.010416407407407409 0.4739585949074074 0 0.5416664050925926 0.1822914050925926 0.7526039050925926 0.2135414074074074 0.7265625
1 0.1458335949074074 0.765625 0.010416407407407409 0.6041664050925926 0.0026039074074074076 0.7421875 0.08854140509259259 0.8098960949074074 0.1458335949074074 0.765625
1 0.015625 0.8515625 0.046875 0.8072914074074075 0.0026039074074074076 0.7630210949074074 0.015625 0.8515625
1 0.1614585949074074 0.005208594907407407 0.4583335949074074 0.3932289074074074 0.4817710949074074 0.3697914074074074 0.5364585949074074 0.3776039074074074 0.5442710949074074 0.4322914050925926 0.53125 0.4661460949074074 0.5885414050925926 0.4166664050925926 0.2473960949074074 0.0078125 0.1614585949074074 0.005208594907407407
1 0.2890625 0.010416407407407409 0.6067710949074074 0.40625 0.6510414050925926 0.3567710949074074 0.3619789074074074 0.005208594907407407 0.2890625 0.010416407407407409
1 0.40625 0.015625 0.6666664050925926 0.34375 0.7291664050925926 0.296875 0.4609375 0.0078125 0.40625 0.015625
1 0.5416664050925926 0.08854140509259259 0.7473960949074074 0.3020835949074074 0.7864585949074074 0.2421875 0.5989585949074074 0.03645859490740741 0.5416664050925926 0.08854140509259259
1 0.6458335949074074 0.03125 0.671875 0.07552109490740741 0.7239585949074074 0.0416664050925926 0.6822914050925926 0.005208594907407407 0.6458335949074074 0.03125
1 0.71875 0.1171875 0.7994789050925926 0.2265625 0.8541664074074075 0.1927085949074074 0.7552085949074074 0.0859375 0.71875 0.1171875
1 0.9947914074074075 0.11458359490740741 0.8958335949074074 0.203125 0.99921875 0.3463539074074074 0.9947914074074075 0.11458359490740741
1 0.8333335949074074 0.25 0.9921875 0.4609375 0.9921875 0.3723960949074074 0.8697914074074075 0.21875 0.8333335949074074 0.25
1 0.765625 0.3203125 0.9947914074074075 0.609375 0.9947914074074075 0.4973960949074074 0.8072914074074075 0.2708335949074074 0.765625 0.3203125
1 0.7083335949074074 0.3697914074074074 0.9947914074074075 0.7473960949074074 0.9895835949074074 0.6380210949074074 0.7369789050925926 0.3307289074074074 0.7083335949074074 0.3697914074074074
1 0.6328125 0.4270835949074074 0.7890625 0.6380210949074074 0.84375 0.59375 0.671875 0.3697914074074074 0.6328125 0.4270835949074074
1 0.8203125 0.6588539050925926 0.9947914074074075 0.8828125 0.9921875 0.7760414050925926 0.8541664074074075 0.6041664050925926 0.8203125 0.6588539050925926
1 0.5442710949074074 0.5052085949074074 0.71875 0.7057289050925926 0.7604164050925926 0.6484375 0.59375 0.4270835949074074 0.5442710949074074 0.5052085949074074
1 0.9947914074074075 0.9192710949074074 0.7916664050925926 0.6666664050925926 0.7317710949074074 0.7213539050925926 0.9375 0.9973960949074074 0.9895835949074074 0.9947914074074075 0.9947914074074075 0.9192710949074074
1 0.4244789050925926 0.609375 0.7421875 0.9947914074074075 0.8619789074074075 0.9947914074074075 0.4947914050925926 0.5442710949074074 0.4244789050925926 0.609375
1 0.3385414074074074 0.6848960949074074 0.6223960949074074 0.9921875 0.7161460949074074 0.9921875 0.390625 0.6145835949074074 0.3385414074074074 0.6848960949074074
1 0.2473960949074074 0.734375 0.5208335949074074 0.99921875 0.5859375 0.99921875 0.3229164074074074 0.6848960949074074 0.2473960949074074 0.734375
1 0.203125 0.78125 0.3880210949074074 0.9973960949074074 0.4583335949074074 0.9973960949074074 0.2369789074074074 0.7578125 0.203125 0.78125
1 0.1171875 0.84375 0.265625 0.9921875 0.3567710949074074 0.9947914074074075 0.1848960949074074 0.7942710949074074 0.1171875 0.84375
1 0.2317710949074074 0.9973960949074074 0.07552109490740741 0.859375 0.06510390509259259 0.8645835949074074 0.005208594907407407 0.90625 0.0078125 0.9947914074074075 0.2317710949074074 0.9973960949074074
3 0.7239585949074074 0.0078125 0.8619789074074075 0.1770835949074074 0.9947914074074075 0.07291640509259259 0.9817710949074074 0.013021094907407407 0.7239585949074074 0.0078125