4 0.9921875 0.013021094907407407 0.296875 0.010416407407407409 0.9895835949074074 0.5052085949074074 0.9921875 0.013021094907407407
0 0.2526039074074074 0.013021094907407407 0.013021094907407407 0.0026039074074074076 0.0234375 0.125 0.4375 0.4192710949074074 0.4791664050925926 0.3645835949074074 0.5234375 0.3645835949074074 0.5598960949074074 0.4088539050925926 0.5234375 0.4713539050925926 0.9947914074074075 0.8177085949074074 0.9817710949074074 0.5364585949074074 0.2526039074074074 0.013021094907407407
0 0.3567710949074074 0.6588539050925926 0.328125 0.6927085949074074 0.6588539050925926 0.9270835949074074 0.6822914050925926 0.8776039074074075 0.3567710949074074 0.6588539050925926
1 0.013021094907407407 0.3151039074074074 0.0520835949074074 0.3463539074074074 0.07552109490740741 0.2890625 0.0416664050925926 0.2552085949074074 0.013021094907407407 0.3151039074074074
1 0.11979140509259259 0.2682289074074074 0.0703125 0.3619789074074074 0.10416640509259259 0.4010414050925926 0.1666664050925926 0.3203125 0.11979140509259259 0.2682289074074074
1 0.1848960949074074 0.3463539074074074 0.1510414050925926 0.3958335949074074 0.203125 0.421875 0.2291664074074074 0.390625 0.1848960949074074 0.3463539074074074
1 0.2578125 0.4114585949074074 0.2317710949074074 0.4505210949074074 0.2994789074074074 0.4895835949074074 0.3098960949074074 0.4375 0.2578125 0.4114585949074074
1 0.3359375 0.46875 0.3229164074074074 0.4921875 0.359375 0.5208335949074074 0.3854164074074074 0.4947914050925926 0.3359375 0.46875
1 0.4036460949074074 0.4973960949074074 0.3802085949074074 0.5338539050925926 0.4583335949074074 0.5807289050925926 0.46875 0.5416664050925926 0.4036460949074074 0.4973960949074074
1 0.4817710949074074 0.5572914050925926 0.4322914050925926 0.6223960949074074 0.5364585949074074 0.6875 0.5833335949074074 0.5989585949074074 0.4817710949074074 0.5572914050925926
1 0.5703125 0.6380210949074074 0.5598960949074074 0.6666664050925926 0.5885414050925926 0.6875 0.6067710949074074 0.6510414050925926 0.5703125 0.6380210949074074
1 0.6197914050925926 0.6588539050925926 0.5963539050925926 0.7135414050925926 0.6640625 0.7447914050925926 0.6848960949074074 0.6848960949074074 0.6197914050925926 0.6588539050925926
1 0.7161460949074074 0.703125 0.6692710949074074 0.7682289050925926 0.734375 0.8020835949074074 0.7708335949074074 0.7369789050925926 0.7161460949074074 0.703125
1 0.78125 0.765625 0.7604164050925926 0.8020835949074074 0.796875 0.8359375 0.8151039074074075 0.8046875 0.78125 0.765625
1 0.8359375 0.8098960949074074 0.8151039074074075 0.8463539074074075 0.8515625 0.8645835949074074 0.8776039074074075 0.8307289074074075 0.8359375 0.8098960949074074
1 0.9036460949074074 0.8359375 0.8697914074074075 0.8776039074074075 0.8984375 0.8958335949074074 0.9270835949074074 0.8619789074074075 0.9036460949074074 0.8359375
1 0.9322914074074075 0.8880210949074074 0.8932289074074075 0.9140625 0.9557289074074075 0.9479164074074075 0.9609375 0.9088539074074075 0.9322914074074075 0.8880210949074074
1 0.78125 0.9921875 0.8125 0.9635414074074075 0.703125 0.8984375 0.6744789050925926 0.9322914074074075 0.75 0.9895835949074074 0.78125 0.9921875
1 0.0390625 0.5703125 0.013021094907407407 0.6145835949074074 0.1328125 0.6822914050925926 0.1484375 0.6380210949074074 0.0390625 0.5703125
1 0.21875 0.6692710949074074 0.203125 0.7083335949074074 0.2604164074074074 0.75 0.2760414074074074 0.703125 0.21875 0.6692710949074074
1 0.28125 0.7265625 0.2682289074074074 0.7630210949074074 0.3098960949074074 0.7890625 0.3203125 0.7447914050925926 0.28125 0.7265625
1 0.2526039074074074 0.8125 0.2317710949074074 0.859375 0.2604164074074074 0.8854164074074075 0.2942710949074074 0.8411460949074074 0.2526039074074074 0.8125
1 0.1953125 0.9036460949074074 0.171875 0.9739585949074074 0.2552085949074074 0.99921875 0.2838539074074074 0.9505210949074074 0.1953125 0.9036460949074074
1 0.0026039074074074076 0.6901039050925926 0.0390625 0.7109375 0.0572914050925926 0.6744789050925926 0.0234375 0.640625 0.0026039074074074076 0.6901039050925926
1 0.078125 0.7239585949074074 0.0703125 0.7760414050925926 0.1927085949074074 0.8489585949074074 0.2083335949074074 0.8020835949074074 0.078125 0.7239585949074074
1 0.0078125 0.7942710949074074 0.0390625 0.7526039050925926 0.005208594907407407 0.7291664050925926 0.0078125 0.7942710949074074
1 0.1380210949074074 0.8802085949074074 0.046875 0.8229164074074075 0.0078125 0.9166664074074075 0.005208594907407407 0.9791664074074075 0.08072890509259259 0.99921875 0.09895859490740741 0.96875 0.0703125 0.9348960949074074 0.08072890509259259 0.90625 0.11979140509259259 0.9244789074074075 0.1380210949074074 0.8802085949074074
1 0.3333335949074074 0.8723960949074074 0.3125 0.9140625 0.3723960949074074 0.9375 0.3958335949074074 0.9010414074074075 0.3333335949074074 0.8723960949074074
1 0.3776039074074074 0.7942710949074074 0.3515625 0.8463539074074075 0.3932289074074074 0.8723960949074074 0.4244789050925926 0.84375 0.3776039074074074 0.7942710949074074
1 0.4192710949074074 0.921875 0.3854164074074074 0.9895835949074074 0.4244789050925926 0.9947914074074075 0.4609375 0.9505210949074074 0.4192710949074074 0.921875
1 0.4947914050925926 0.921875 0.4817710949074074 0.9427085949074074 0.5208335949074074 0.96875 0.5416664050925926 0.9583335949074074 0.4947914050925926 0.921875
1 0.6354164050925926 0.9895835949074074 0.5703125 0.9609375 0.5572914050925926 0.99921875 0.6354164050925926 0.9895835949074074
0 0.07552109490740741 0.7057289050925926 0.2135414074074074 0.7890625 0.2473960949074074 0.7630210949074074 0.1015625 0.6770835949074074 0.07552109490740741 0.7057289050925926
3 0.4453125 0.8515625 0.421875 0.9140625 0.4713539050925926 0.9270835949074074 0.4973960949074074 0.8723960949074074 0.4453125 0.8515625
3 0 0.421875 0.328125 0.6848960949074074 0.3671875 0.6328125 0.0026039074074074076 0.3932289074074074 0 0.421875