1 0.4479164050925926 0.013021094907407407 0.4296875 0.1901039050925926 0.4765625 0.1901039050925926 0.484375 0.06510390509259259 0.5260414050925926 0.0572914050925926 0.6015625 0.1380210949074074 0.640625 0.10677109490740741 0.53125 0.0078125 0.4479164050925926 0.013021094907407407
1 0.1302085949074074 0.3723960949074074 0.0416664050925926 0.5208335949074074 0.0026039074074074076 0.4947914050925926 0.005208594907407407 0.59375 0.07291640509259259 0.5989585949074074 0.2213539074074074 0.3645835949074074 0.2916664074074074 0.013021094907407407 0.2473960949074074 0.0026039074074074076 0.2057289074074074 0.2005210949074074 0.03645859490740741 0.1640625 0.07552109490740741 0.0078125 0.0026039074074074076 0 0 0.3307289074074074 0.1302085949074074 0.3723960949074074
1 0.4765625 0.3072914074074074 0.4817710949074074 0.2135414074074074 0.4166664050925926 0.2005210949074074 0.3697914074074074 0.3489585949074074 0.4765625 0.3515625 0.4765625 0.3072914074074074
1 0.6666664050925926 0.11197890509259259 0.5546875 0.1770835949074074 0.5755210949074074 0.2838539074074074 0.5755210949074074 0.3229164074074074 0.6484375 0.3151039074074074 0.7005210949074074 0.3463539074074074 0.7786460949074074 0.2708335949074074 0.8125 0.2890625 0.8229164074074075 0.2473960949074074 0.6666664050925926 0.11197890509259259
1 0.5807289050925926 0.015625 0.8854164074074075 0.28125 0.9505210949074074 0.2708335949074074 0.8515625 0.013021094907407407 0.5807289050925926 0.015625
1 0.9947914074074075 0.010416407407407409 0.9192710949074074 0.010416407407407409 0.9947914074074075 0.2265625 0.9947914074074075 0.010416407407407409
1 0.546875 0.4036460949074074 0.515625 0.5104164050925926 0.859375 0.4166664050925926 0.8515625 0.3411460949074074 0.5703125 0.4401039050925926 0.5703125 0.3489585949074074 0.5078125 0.34375 0.546875 0.4036460949074074
1 0.4661460949074074 0.5703125 0.4505210949074074 0.3776039074074074 0.34375 0.3828125 0.2630210949074074 0.5052085949074074 0.2760414074074074 0.5651039050925926 0.4661460949074074 0.5703125
1 0.2317710949074074 0.8333335949074074 0.265625 0.8932289074074075 0.3463539074074074 0.9192710949074074 0.5208335949074074 0.890625 0.53125 0.7942710949074074 0.6276039050925926 0.5911460949074074 0.296875 0.6458335949074074 0.2317710949074074 0.8333335949074074
1 0.2630210949074074 0.99921875 0.5572914050925926 0.99921875 0.5234375 0.9088539074074075 0.3645835949074074 0.9348960949074074 0.2395835949074074 0.9036460949074074 0.2135414074074074 0.9322914074074075 0.2630210949074074 0.99921875
1 0.9973960949074074 0.99921875 0.9921875 0.6067710949074074 0.8463539074074075 0.6354164050925926 0.8385414074074075 0.5651039050925926 0.6484375 0.5859375 0.5572914050925926 0.8072914074074075 0.6822914050925926 0.8333335949074074 0.7083335949074074 0.7317710949074074 0.84375 0.7395835949074074 0.8619789074074075 0.8125 0.8307289074074075 0.8359375 0.84375 0.9739585949074074 0.9973960949074074 0.99921875
1 0.7291664050925926 0.9479164074074075 0.7395835949074074 0.8932289074074075 0.6536460949074074 0.890625 0.65625 0.8463539074074075 0.5651039050925926 0.8307289074074075 0.578125 0.9713539074074075 0.7291664050925926 0.9479164074074075
2 0.4244789050925926 0.015625 0.3125 0.02864609490740741 0.2239585949074074 0.3932289074074074 0.1015625 0.5833335949074074 0.1458335949074074 0.625 0.2447914074074074 0.4375 0.2864585949074074 0.4453125 0.3567710949074074 0.3515625 0.4088539050925926 0.1614585949074074 0.4244789050925926 0.015625
2 0.7161460949074074 0.75 0.6927085949074074 0.875 0.75 0.8802085949074074 0.7526039050925926 0.953125 0.8098960949074074 0.9401039074074075 0.8125 0.8229164074074075 0.8385414074074075 0.8125 0.84375 0.7682289050925926 0.7161460949074074 0.75
2 0.2005210949074074 0.8880210949074074 0.2317710949074074 0.8645835949074074 0.2083335949074074 0.8177085949074074 0.2526039074074074 0.7161460949074074 0.1432289074074074 0.7109375 0.15625 0.8567710949074074 0.2005210949074074 0.8880210949074074
0 0.484375 0.5364585949074074 0.5078125 0.5885414050925926 0.9739585949074074 0.5364585949074074 0.984375 0.2552085949074074 0.8723960949074074 0.296875 0.8776039074074075 0.4296875 0.484375 0.5364585949074074
0 0.2395835949074074 0.6979164050925926 0.2890625 0.6276039050925926 0.2317710949074074 0.5182289050925926 0.1354164050925926 0.65625 0.140625 0.703125 0.2395835949074074 0.6979164050925926
0 0.2265625 0.9947914074074075 0.1510414050925926 0.8645835949074074 0.109375 0.609375 0.0078125 0.6119789050925926 0.015625 0.9947914074074075 0.2265625 0.9947914074074075