1 0.005208594907407407 0.3411460949074074 0.0234375 0.75 0.2265625 0.6067710949074074 0.005208594907407407 0.3411460949074074
1 0.265625 0.9947914074074075 0.4609375 0.7421875 0.2942710949074074 0.640625 0.010416407407407409 0.859375 0.0078125 0.9895835949074074 0.265625 0.9947914074074075
1 0.546875 0.9921875 0.4270835949074074 0.9114585949074074 0.34375 0.9921875 0.546875 0.9921875
1 0.4661460949074074 0.8776039074074075 0.5859375 0.9869789074074075 0.7994789050925926 0.9947914074074075 0.5338539050925926 0.7864585949074074 0.4661460949074074 0.8776039074074075
1 0.9895835949074074 0.9895835949074074 0.984375 0.9114585949074074 0.8984375 0.9973960949074074 0.9895835949074074 0.9895835949074074
1 0.9869789074074075 0.6588539050925926 0.75 0.9114585949074074 0.859375 0.9817710949074074 0.9895835949074074 0.8567710949074074 0.9869789074074075 0.6588539050925926
1 0.9869789074074075 0.1484375 0.5598960949074074 0.734375 0.7265625 0.8880210949074074 0.9973960949074074 0.6119789050925926 0.9869789074074075 0.1484375
1 0.7083335949074074 0.359375 0.9635414074074075 0.02083359490740741 0.7526039050925926 0.015625 0.6015625 0.203125 0.5833335949074074 0.1796875 0.6041664050925926 0.0520835949074074 0.5572914050925926 0.0494789050925926 0.5390625 0.203125 0.7083335949074074 0.359375
1 0.4895835949074074 0.3098960949074074 0.4661460949074074 0.3776039074074074 0.5234375 0.3723960949074074 0.53125 0.3307289074074074 0.4895835949074074 0.3098960949074074
1 0.4453125 0.4348960949074074 0.3880210949074074 0.5494789050925926 0.5052085949074074 0.6432289050925926 0.6744789050925926 0.421875 0.6380210949074074 0.3932289074074074 0.578125 0.4505210949074074 0.5494789050925926 0.4453125 0.5052085949074074 0.5182289050925926 0.4453125 0.4348960949074074
1 0.005208594907407407 0.10677109490740741 0.0494789050925926 0.06770859490740741 0.02083359490740741 0.013021094907407407 0.005208594907407407 0.10677109490740741
1 0.4010414050925926 0.03645859490740741 0.3723960949074074 0.11979140509259259 0.4348960949074074 0.15625 0.4661460949074074 0.02604140509259259 0.3463539074074074 0.013021094907407407 0.4010414050925926 0.03645859490740741
1 0.25 0.1614585949074074 0.2630210949074074 0.1328125 0.2083335949074074 0.07291640509259259 0.2994789074074074 0.02083359490740741 0.2942710949074074 0.005208594907407407 0.2291664074074074 0.005208594907407407 0.1510414050925926 0.08072890509259259 0.25 0.1614585949074074
1 0.3619789074074074 0.375 0.40625 0.2473960949074074 0.3255210949074074 0.1770835949074074 0.2213539074074074 0.28125 0.1354164050925926 0.1510414050925926 0.07552109490740741 0.1744789050925926 0.03385390509259259 0.1380210949074074 0.0026039074074074076 0.1640625 0.013021094907407407 0.2317710949074074 0.2213539074074074 0.5260414050925926 0.2942710949074074 0.4140625 0.2291664074074074 0.3385414074074074 0.3307289074074074 0.2578125 0.3229164074074074 0.3619789074074074 0.3619789074074074 0.375
0 0.4348960949074074 0.1692710949074074 0.3385414074074074 0.09895859490740741 0.3619789074074074 0.0572914050925926 0.3255210949074074 0.0234375 0.25 0.09635390509259259 0.421875 0.2265625 0.4348960949074074 0.1692710949074074
2 0.3203125 0.6223960949074074 0.4401039050925926 0.703125 0.4739585949074074 0.6510414050925926 0.3880210949074074 0.5859375 0.3203125 0.6223960949074074
2 0.2942710949074074 0.3984375 0.3515625 0.4453125 0.3046875 0.5416664050925926 0.2395835949074074 0.5859375 0.2578125 0.6328125 0.3645835949074074 0.5416664050925926 0.4869789050925926 0.2630210949074074 0.4270835949074074 0.2317710949074074 0.3723960949074074 0.3984375 0.3151039074074074 0.3854164074074074 0.3098960949074074 0.3125 0.2708335949074074 0.3333335949074074 0.2942710949074074 0.3984375
2 0.4375 0.1875 0.5052085949074074 0.2473960949074074 0.5494789050925926 0.03385390509259259 0.625 0.03385390509259259 0.6171875 0.12239609490740741 0.640625 0.1276039050925926 0.7083335949074074 0.0442710949074074 0.671875 0.013021094907407407 0.4791664050925926 0.013021094907407407 0.4375 0.1875
2 0.203125 0.013021094907407407 0.046875 0.010416407407407409 0.06770859490740741 0.06770859490740741 0.015625 0.11979140509259259 0.06770859490740741 0.1536460949074074 0.12239609490740741 0.1354164050925926 0.1640625 0.1822914050925926 0.1875 0.1380210949074074 0.12239609490740741 0.07552109490740741 0.203125 0.013021094907407407