1 0.9895835949074074 0.7083335949074074 0.7265625 0.9765625 0.8776039074074075 0.9895835949074074 0.9947914074074075 0.9244789074074075 0.9895835949074074 0.7083335949074074
1 0.9921875 0.4427085949074074 0.9010414074074075 0.5182289050925926 0.7265625 0.7604164050925926 0.5911460949074074 0.984375 0.703125 0.9713539074074075 0.9895835949074074 0.65625 0.9921875 0.4427085949074074
1 0.5494789050925926 0.7838539050925926 0.4973960949074074 0.7916664050925926 0.4947914050925926 0.7369789050925926 0.5494789050925926 0.734375 0.5286460949074074 0.6510414050925926 0.4583335949074074 0.65625 0.4661460949074074 0.5989585949074074 0.5260414050925926 0.5859375 0.5390625 0.5572914050925926 0.4661460949074074 0.5494789050925926 0.4869789050925926 0.4947914050925926 0.4505210949074074 0.4427085949074074 0.4036460949074074 0.5546875 0.46875 0.9479164074074075 0.4791664050925926 0.9921875 0.5755210949074074 0.9895835949074074 0.5833335949074074 0.8541664074074075 0.5052085949074074 0.8541664074074075 0.5052085949074074 0.8177085949074074 0.5494789050925926 0.8046875 0.5494789050925926 0.7838539050925926
1 0.5026039050925926 0.2890625 0.4765625 0.359375 0.5729164050925926 0.3619789074074074 0.5963539050925926 0.3255210949074074 0.5026039050925926 0.2890625
1 0.6302085949074074 0.5364585949074074 0.6458335949074074 0.3489585949074074 0.5963539050925926 0.3333335949074074 0.59375 0.359375 0.4947914050925926 0.53125 0.5755210949074074 0.5572914050925926 0.6302085949074074 0.5364585949074074
1 0.99921875 0.3828125 0.9921875 0.2864585949074074 0.8697914074074075 0.3072914074074074 0.8828125 0.3463539074074074 0.9557289074074075 0.34375 0.99921875 0.3828125
1 0.2734375 0.1171875 0.3177085949074074 0.0625 0.2916664074074074 0.03385390509259259 0.2916664074074074 0.013021094907407407 0.2473960949074074 0 0.203125 0.0703125 0.2734375 0.1171875
1 0.08333359490740741 0.4557289050925926 0.11979140509259259 0.4895835949074074 0.1432289074074074 0.4583335949074074 0.08854140509259259 0.4322914050925926 0.08333359490740741 0.4557289050925926
1 0.2447914074074074 0.4583335949074074 0.2395835949074074 0.5208335949074074 0.2786460949074074 0.5338539050925926 0.3046875 0.4817710949074074 0.2447914074074074 0.4583335949074074
1 0.2447914074074074 0.953125 0.2265625 0.9453125 0.203125 0.9765625 0.4557289050925926 0.9895835949074074 0.40625 0.7473960949074074 0.3932289074074074 0.5598960949074074 0.3046875 0.578125 0.2421875 0.7395835949074074 0.2994789074074074 0.8567710949074074 0.2447914074074074 0.953125
1 0.21875 0.8020835949074074 0.1927085949074074 0.8541664074074075 0.2239585949074074 0.9270835949074074 0.2708335949074074 0.8541664074074075 0.21875 0.8020835949074074
1 0.03385390509259259 0.84375 0.0078125 0.8671875 0.013021094907407407 0.9166664074074075 0.06510390509259259 0.8776039074074075 0.03385390509259259 0.84375
0 0.1770835949074074 0.8776039074074075 0.0078125 0.96875 0.1744789050925926 0.99921875 0.2109375 0.9583335949074074 0.1770835949074074 0.8776039074074075
1 0.6171875 0.8307289074074075 0.6458335949074074 0.8541664074074075 0.6692710949074074 0.8307289074074075 0.6197914050925926 0.8151039074074075 0.6171875 0.8307289074074075
3 0.3828125 0.0078125 0.3359375 0.03385390509259259 0.4609375 0.21875 0.5078125 0.1927085949074074 0.53125 0.2057289074074074 0.6328125 0.09375 0.6432289050925926 0.0520835949074074 0.7057289050925926 0.013021094907407407 0.640625 0.0078125 0.3828125 0.0078125
3 0.10416640509259259 0.6067710949074074 0.1328125 0.515625 0.0859375 0.4947914050925926 0 0.546875 0.010416407407407409 0.640625 0.10416640509259259 0.6067710949074074
3 0.1770835949074074 0.4114585949074074 0.2630210949074074 0.2864585949074074 0.21875 0.265625 0.11979140509259259 0.4114585949074074 0.1432289074074074 0.4322914050925926 0.1770835949074074 0.4114585949074074
3 0.08333359490740741 0.7473960949074074 0.09375 0.8619789074074075 0.1927085949074074 0.7447914050925926 0.015625 0.7213539050925926 0.02083359490740741 0.75 0.08333359490740741 0.7473960949074074
3 0.6796875 0.5208335949074074 0.8177085949074074 0.640625 0.828125 0.5703125 0.7369789050925926 0.46875 0.6796875 0.5208335949074074
3 0.8151039074074075 0.4192710949074074 0.8958335949074074 0.4817710949074074 0.9609375 0.4348960949074074 0.9166664074074075 0.3567710949074074 0.8151039074074075 0.4192710949074074
3 0.7890625 0.3177085949074074 0.7682289050925926 0.1979164050925926 0.6432289050925926 0.2916664074074074 0.7890625 0.3177085949074074
2 0.11458359490740741 0.21875 0.11979140509259259 0.02864609490740741 0.013021094907407407 0.015625 0.0078125 0.4244789050925926 0.11458359490740741 0.21875
2 0.2708335949074074 0.1354164050925926 0.1822914050925926 0.07552109490740741 0.1588539050925926 0.09114609490740741 0.140625 0.2708335949074074 0.10677109490740741 0.390625 0.0026039074074074076 0.46875 0.005208594907407407 0.5234375 0.07552109490740741 0.484375 0.0703125 0.4609375 0.0859375 0.4244789050925926 0.2708335949074074 0.1354164050925926
2 0.3385414074074074 0.3854164074074074 0.3828125 0.3020835949074074 0.3359375 0.2057289074074074 0.2239585949074074 0.4088539050925926 0.2473960949074074 0.421875 0.3385414074074074 0.3854164074074074
2 0.4114585949074074 0.4765625 0.4661460949074074 0.296875 0.4296875 0.2942710949074074 0.3072914074074074 0.5677085949074074 0.3671875 0.5546875 0.4114585949074074 0.4765625
2 0.2369789074074074 0.4609375 0.2005210949074074 0.4375 0.1588539050925926 0.4609375 0.1171875 0.6171875 0 0.6484375 0.0026039074074074076 0.6927085949074074 0.15625 0.7135414050925926 0.1875 0.7161460949074074 0.265625 0.5442710949074074 0.21875 0.5286460949074074 0.2369789074074074 0.4609375
2 0.6510414050925926 0.0572914050925926 0.6484375 0.10416640509259259 0.5364585949074074 0.2213539074074074 0.5104164050925926 0.2135414074074074 0.4713539050925926 0.2317710949074074 0.4921875 0.2760414074074074 0.6015625 0.3046875 0.7578125 0.1901039050925926 0.8125 0.2734375 0.9895835949074074 0.265625 0.9947914074074075 0.010416407407407409 0.734375 0.015625 0.6510414050925926 0.0572914050925926
2 0.671875 0.3203125 0.6692710949074074 0.3619789074074074 0.765625 0.3723960949074074 0.8177085949074074 0.34375 0.671875 0.3203125
2 0.578125 0.8177085949074074 0.6614585949074074 0.8125 0.7578125 0.6692710949074074 0.6510414050925926 0.5625 0.5625 0.5677085949074074 0.5338539050925926 0.5989585949074074 0.4765625 0.6041664050925926 0.4765625 0.6276039050925926 0.5494789050925926 0.6276039050925926 0.5729164050925926 0.7213539050925926 0.5182289050925926 0.78125 0.5703125 0.7682289050925926 0.578125 0.8177085949074074
2 0.7552085949074074 0.4635414050925926 0.8463539074074075 0.5572914050925926 0.890625 0.5104164050925926 0.8020835949074074 0.4296875 0.7552085949074074 0.4635414050925926
0 0.7708335949074074 0.3880210949074074 0.671875 0.3854164074074074 0.6536460949074074 0.5052085949074074 0.7708335949074074 0.3880210949074074
0 0.3020835949074074 0.1458335949074074 0.2473960949074074 0.2213539074074074 0.2838539074074074 0.2578125 0.34375 0.1822914050925926 0.3020835949074074 0.1458335949074074