3 0.4728960949074074 0.4119578125 0.5299453125 0.5011078125 0.5899109375 0.5713453125 0.6375390625 0.6105992199074074 0.6874132800925926 0.643459375 0.7472859374999999 0.6762851574074075 0.803240625 0.7084179699074075 0.8482468750000001 0.7392031250000001 0.9073726550925926 0.7657984375 0.99921875 0.7726492199074074 0.9965765625 0.004472655092592593 0.3327671875 0.006459375 0.31214687500000005 0.06446328240740741 0.3429625 0.12152109490740741 0.3711320300925926 0.1960875 0.39147343749999997 0.2953992199074074 0.4272601574074074 0.35899218749999995 0.4728960949074074 0.4119578125
3 0.1026453125 0.99921875 0.086346875 0.9499875000000001 0.05652578240740741 0.8955578125 0.0019515625 0.8215906249999999 0 0.9969 0.1026453125 0.99921875
3 0.003903125 0.0019515625 0 0.239846875 0.1532554699074074 0.2627234375 0.19692109490740742 0.1849296875 0.2613359375 0.21401171990740742 0.2777257800925926 0.0863242199074074 0.3137609375 0 0.003903125 0.0019515625
2 0.2840835949074074 0.48804843750000004 0.28968671759259257 0.4344117199074074 0.3627164074074074 0.43210234490740745 0.4057640625 0.352371875 0.38181250000000005 0.3104289074074074 0.3703929699074074 0.243353125 0.34734843750000005 0.16352421990740743 0.2955796875 0.08410625 0.239275 0.2684945324074074 0.188825 0.2324296875 0.1467148425925926 0.2843351574074074 0.003903125 0.2556492199074074 0 0.40635078240740746 0.0440773425925926 0.4610773449074074 0.08822265740740741 0.49381875000000003 0.14245312499999999 0.5315382824074074 0.20140312500000002 0.5558023449074074 0.2661773449074074 0.5463882824074074 0.2840835949074074 0.48804843750000004
1 0.0013859374999999998 0.4875039074074074 0.026110155092592593 0.4430320324074074 0.0013539074074074074 0.42376562500000003 0.0013859374999999998 0.4875039074074074
1 0.11663671759259259 0.5316015625 0.04933437499999999 0.4862375 0.03881484490740741 0.5149351574074074 0.10471171990740741 0.5543054699074074 0.11663671759259259 0.5316015625
1 0.1479890625 0.5353742199074074 0.1323054699074074 0.5582804699074074 0.1717484375 0.5943296875 0.1906796875 0.5588578125 0.1479890625 0.5353742199074074
1 0.2294289050925926 0.601 0.1922757824074074 0.5817742199074074 0.1793625 0.6012585949074074 0.21497500000000003 0.6251578125 0.2294289050925926 0.601
1 0.2909015625 0.6233179699074074 0.2466820300925926 0.5972304699074074 0.2313898449074074 0.6294375 0.2758703125 0.6556578125 0.2909015625 0.6233179699074074
1 0.3533882800925926 0.6625500000000001 0.2986148425925926 0.6269062500000001 0.2845960949074074 0.6644242199074074 0.32207968750000004 0.6880359374999999 0.3533882800925926 0.6625500000000001
1 0.31843046990740737 0.44263828240740744 0.2924328125 0.4383398449074074 0.2857820324074074 0.480328125 0.30836484490740745 0.485078125 0.31843046990740737 0.44263828240740744
1 0.34251093749999995 0.44946875000000003 0.3435179699074074 0.485640625 0.35793125 0.4868148449074074 0.3561679699074074 0.449371875 0.34251093749999995 0.44946875000000003
1 0.37758437499999997 0.45516796990740743 0.359821875 0.4556507824074074 0.3602304699074074 0.48788671990740745 0.3793914050925926 0.49075625 0.37758437499999997 0.45516796990740743
1 0.4192148449074074 0.46884687500000005 0.398771875 0.46616093750000004 0.39988046990740744 0.49968203240740744 0.4182421875 0.4989695324074074 0.4192148449074074 0.46884687500000005
1 0.3217390625 0.4911882824074074 0.30974375000000004 0.5088203125 0.3302328125 0.532871875 0.34768125 0.5152296875 0.3217390625 0.4911882824074074
1 0.41930234490740736 0.5129984375000001 0.39320781250000003 0.51129375 0.3917757824074074 0.5327898449074074 0.41338515740740744 0.5564281249999999 0.41930234490740736 0.5129984375000001
1 0.5158023449074074 0.4829890625 0.49645546759259257 0.484090625 0.4976078125 0.5192992199074075 0.5144257824074074 0.5195554675925925 0.5158023449074074 0.4829890625
1 0.523040625 0.5051109375 0.5128781250000001 0.5440851574074075 0.5443265625 0.5517023449074073 0.5527867199074075 0.5087289074074074 0.523040625 0.5051109375
1 0.4672359375 0.47669062500000003 0.4247382824074074 0.476053125 0.4202054699074074 0.502096875 0.46938281249999997 0.5080039074074074 0.4672359375 0.47669062500000003
1 0.3913023449074074 0.55745 0.367859375 0.5805375 0.3997375 0.62578125 0.42748437499999997 0.6046328125 0.3913023449074074 0.55745
1 0.3403859375 0.5682929699074074 0.321490625 0.584865625 0.36941718749999997 0.6434617175925926 0.38735624999999996 0.6316304699074075 0.3403859375 0.5682929699074074
1 0.00016875 0.5497242199074074 0.073084375 0.5855632800925926 0.08358203240740741 0.5593312500000001 0.0290578125 0.530459375 0 0.5133171875 0.00016875 0.5497242199074074
1 0.1034046875 0.5654898449074074 0.089003125 0.592284375 0.1462257824074074 0.629690625 0.1638820324074074 0.5996765625 0.1034046875 0.5654898449074074
1 0.2198257824074074 0.636534375 0.17424765740740739 0.6126117199074074 0.16078281249999998 0.6405867199074073 0.20251875 0.6647765625 0.2198257824074074 0.636534375
1 0.03573828009259259 0.6301335949074074 0.1017703125 0.6724687500000001 0.1253234375 0.6299578124999999 0.070896875 0.597134375 0.05725625 0.5879539074074074 0.03573828009259259 0.6301335949074074
1 0.0530515625 0.5872617199074074 0 0.5611867175925925 0.0008085925925925926 0.6128085949074075 0.029610937500000004 0.6300359375 0.0530515625 0.5872617199074074
1 0.0502210949074074 0.6535796875000001 0.0014679699074074074 0.627090625 0 0.6723164074074075 0.0373140625 0.6713492199074074 0.0502210949074074 0.6535796875000001
1 0 0.7745742199074074 0.033763282407407405 0.7735578125000001 0.02422890740740741 0.6884820324074075 0 0.687503125 0 0.7745742199074074
1 0.0627742199074074 0.718653125 0.030455467592592593 0.7219531250000001 0.037646874999999996 0.7787242199074074 0.071146875 0.77248125 0.0627742199074074 0.718653125
1 0.05891484490740741 0.6974890625 0.0724265625 0.7702992199074075 0.1007484375 0.7573140625 0.0879585949074074 0.687684375 0.05891484490740741 0.6974890625
1 0.1313742199074074 0.6818710925925926 0.09036875 0.69 0.09638984490740742 0.7207851574074075 0.1343171875 0.7146046875000001 0.1313742199074074 0.6818710925925926
1 0.137634375 0.7157921875 0.0973585949074074 0.7239507824074074 0.10305156250000001 0.7568460949074074 0.1406109375 0.742721875 0.137634375 0.7157921875
1 0.1529171875 0.6777421875 0.1333070324074074 0.6815117199074074 0.14114921990740742 0.74966875 0.16164843750000002 0.7452882824074074 0.1529171875 0.6777421875
1 0.17710078009259259 0.70144375 0.15926875000000001 0.7109695324074075 0.1644351574074074 0.7466085949074075 0.18468359490740743 0.7389679699074074 0.17710078009259259 0.70144375
1 0.16825625 0.6775179699074074 0.1885664074074074 0.7373492199074073 0.2083148449074074 0.729534375 0.1874 0.6702570324074074 0.16825625 0.6775179699074074
1 0.200709375 0.6775179699074074 0.2169570300925926 0.7295671874999999 0.2720101574074074 0.6996578125 0.2524117199074074 0.6595867199074074 0.200709375 0.6775179699074074
1 0.23416015740740742 0.7274453125 0.2416320300925926 0.749840625 0.2918460925925926 0.7548765625 0.27456875 0.7066125 0.23416015740740742 0.7274453125
1 0.323146875 0.8033351574074075 0.3140445300925926 0.8517648449074074 0.35662968749999996 0.8653414074074074 0.3646257824074074 0.8153257800925926 0.323146875 0.8033351574074075
1 0.4049132824074074 0.8477710949074074 0.3799898449074074 0.92916875 0.4129617199074074 0.9398734375000001 0.4399695300925926 0.85961875 0.4049132824074074 0.8477710949074074
1 0.4811578125 0.8653976574074074 0.4603328125 0.9321484375 0.49606015740740744 0.948634375 0.5218976574074075 0.8810757824074074 0.4811578125 0.8653976574074074
1 0.6050757824074074 0.8272265625 0.5977898449074074 0.85931875 0.6263148449074074 0.8808539050925925 0.6380789074074074 0.8329703125 0.6050757824074074 0.8272265625
1 0.6748148449074074 0.8801046874999999 0.6825164050925926 0.8346164050925926 0.642178125 0.8285625000000001 0.6295875000000001 0.8877132824074074 0.6604507800925925 0.9056890625 0.6748148449074074 0.8801046874999999
1 0.708971875 0.8502671875 0.6918171875 0.9167625 0.7168984375 0.93010625 0.7298695300925926 0.8546632824074074 0.708971875 0.8502671875
1 0.7574015625 0.9231617175925926 0.7438843749999999 0.9591812500000001 0.7670499999999999 0.9711289074074074 0.7789101574074074 0.9292351574074075 0.7574015625 0.9231617175925926
1 0.7883570324074074 0.9566132800925926 0.7779484375000001 0.9798195324074074 0.8162421875 0.99921875 0.8286421875000001 0.9709828125000001 0.7883570324074074 0.9566132800925926
1 0.9670976574074074 0.9101804699074074 0.9580562499999999 0.9470796874999999 0.9889960925925926 0.9600007824074075 0.9933492199074074 0.9136070324074075 0.9670976574074074 0.9101804699074074
1 0.9346445324074074 0.913675 0.9330789050925925 0.9303171874999999 0.9568492199074073 0.9378570324074075 0.9538554675925925 0.9181046875 0.9346445324074074 0.913675
1 0.9538882824074074 0.9618945300925925 0.9556882824074074 0.9418515625 0.934159375 0.9338453125 0.9246593750000001 0.9556148425925926 0.9404101550925925 0.9726523425925926 0.9538882824074074 0.9618945300925925
1 0.99921875 0.99921875 0.9988703125 0.9660703125 0.9685953125 0.9581109375 0.95704375 0.9876874999999999 0.978659375 0.99921875 0.99921875 0.99921875
1 0.8243109375000001 0.99921875 0.8894406250000001 0.99921875 0.8367867199074075 0.9790804675925926 0.8243109375000001 0.99921875
1 0.8208101574074074 0.8662437500000001 0.8050031249999999 0.920165625 0.8276734375000001 0.9299328125 0.8395117199074074 0.8711335949074075 0.8208101574074074 0.8662437500000001
1 0.8437765625 0.8717359375 0.8350296875 0.9130867199074074 0.8626539050925927 0.9161250000000001 0.8677460925925926 0.8769648449074074 0.8437765625 0.8717359375
1 0.7691 0.885415625 0.7638921875 0.9006945300925926 0.7969867199074074 0.9228789074074074 0.8029976574074075 0.8976867199074073 0.7691 0.885415625
1 0.579140625 0.6119328125000001 0.558865625 0.6494257824074074 0.5857117199074074 0.6796125000000001 0.6126570324074074 0.6400046875000001 0.579140625 0.6119328125000001
1 0.6012304699074074 0.5932789074074074 0.5917398449074074 0.6128296875000001 0.6139414074074074 0.6394984375 0.6291742199074074 0.6123398449074074 0.6012304699074074 0.5932789074074074
1 0.6215421874999999 0.6650585949074075 0.612209375 0.6829203125 0.6245031249999999 0.703459375 0.6412289074074075 0.686828125 0.6215421874999999 0.6650585949074075
1 0.6549960949074074 0.6667812500000001 0.6320578124999999 0.70525 0.663090625 0.7340929699074074 0.6888929699074074 0.6938015625 0.6549960949074074 0.6667812500000001
1 0.48456640740740736 0.5653179699074075 0.4732679699074074 0.5929804699074074 0.5030749999999999 0.6128484375 0.5227976574074075 0.586303125 0.48456640740740736 0.5653179699074075
1 0.525034375 0.58955 0.5086234374999999 0.6097281250000001 0.5313195324074074 0.6307492199074074 0.5455226574074074 0.6095195300925925 0.525034375 0.58955
1 0.4491742175925926 0.5925906249999999 0.4292289074074074 0.6202726550925926 0.4655390625 0.6548429675925925 0.4936351550925926 0.6194148449074075 0.4491742175925926 0.5925906249999999
1 0.4178773449074074 0.619346875 0.393253125 0.6395007824074074 0.4165710949074074 0.6555773449074074 0.432315625 0.6335429675925925 0.4178773449074074 0.619346875
1 0.4543398425925926 0.6780109375000001 0.4441148449074074 0.7108328125 0.46261640740740745 0.72249375 0.479003125 0.69083125 0.4543398425925926 0.6780109375000001
1 0.6427921875 0.7476039074074073 0.632425 0.7850789074074074 0.6791859375 0.7993578124999999 0.6864851574074073 0.7662804699074074 0.6427921875 0.7476039074074073
1 0.6272210949074074 0.7608945324074073 0.5961179699074074 0.7484226574074073 0.5769039074074074 0.7831695324074074 0.6104062499999999 0.7973132824074075 0.6272210949074074 0.7608945324074073
1 0.5648671875 0.7267578125 0.5428398449074074 0.7632492175925926 0.5595890625000001 0.7737640625 0.5826242199074074 0.74180625 0.5648671875 0.7267578125
1 0.5574601574074074 0.6660624999999999 0.5452773449074074 0.6943062499999999 0.5657023449074073 0.7143843750000001 0.5857554699074075 0.6856554699074074 0.5574601574074074 0.6660624999999999
1 0.7025859375000001 0.71510625 0.6854867199074074 0.7488132824074074 0.7072468749999999 0.7729781250000001 0.7347351574074075 0.7355164074074074 0.7025859375000001 0.71510625
1 0.7211734375 0.6600984375000001 0.7032625 0.6888195324074075 0.7233171875000001 0.7122851574074074 0.74518125 0.681303125 0.7211734375 0.6600984375000001
1 0.7714414074074075 0.7038226574074073 0.7554796875 0.7510359375 0.8052921875000001 0.7784023449074075 0.8259023449074073 0.7295617199074074 0.7714414074074075 0.7038226574074073
1 0.7821390625 0.7841617175925926 0.7721445324074074 0.8288054699074074 0.8016992199074074 0.845140625 0.8177820300925925 0.7900375 0.7821390625 0.7841617175925926
1 0.84658125 0.8065851574074074 0.8342820324074074 0.8547273425925925 0.8646265624999999 0.8583726574074073 0.8751203125000001 0.8127000000000001 0.84658125 0.8065851574074074
1 0.9410164074074074 0.8299164074074074 0.93104375 0.8756976574074073 0.96121875 0.8826539074074075 0.9751539050925926 0.8325593750000001 0.9410164074074074 0.8299164074074074
0 0.6086585949074075 0.7982835949074074 0.3574726574074074 0.682296875 0.2906828125 0.7043257824074074 0.30624921990740744 0.7585609375 0.5848242199074074 0.8794125 0.6086585949074075 0.7982835949074074
1 0.3941148425925926 0.657628125 0.3877445324074074 0.692971875 0.42782578240740743 0.7053953125 0.42669609490740745 0.663196875 0.3941148425925926 0.657628125
1 0.5151625 0.7520070300925925 0.542078125 0.6883382824074075 0.5137312500000001 0.6663578125 0.5008304699074074 0.7077921875000001 0.48757968749999997 0.6986601574074074 0.477109375 0.7271148449074074 0.5151625 0.7520070300925925
1 0.4851492199074074 0.5413773425925926 0.47488437499999997 0.5108945324074073 0.4313070300925926 0.5133695324074073 0.4263796875 0.5452507824074074 0.4739484375 0.5574203125 0.4851492199074074 0.5413773425925926
1 0.26661093750000003 0.7866046875 0.2594429699074074 0.7681273425925925 0.2337835925925926 0.7671921875000001 0.2400757824074074 0.7964710949074074 0.26465781250000003 0.8001726574074075 0.26661093750000003 0.7866046875
1 0.2213789074074074 0.7652835949074074 0.1923609375 0.7589695324074074 0.1932929675925926 0.794834375 0.2375 0.80285625 0.2213789074074074 0.7652835949074074
1 0.1712265625 0.8154921875 0.1696195324074074 0.7915765625 0.16492734490740743 0.7564796874999999 0.1326367199074074 0.7605125 0.147609375 0.8202148449074074 0.1712265625 0.8154921875
1 0.08954374999999999 0.8912929699074075 0.06445859490740741 0.7903281249999999 0.0124046875 0.8082234375 0.08954374999999999 0.8912929699074075
3 0.1961289074074074 0.8016820324074074 0.1813242199074074 0.8232375 0.1405460949074074 0.8452632800925926 0.1231835949074074 0.7711023449074075 0.0696578125 0.7891390625 0.1085234375 0.99921875 0.3803609375 0.99921875 0.3726820324074074 0.9329539074074075 0.35976640509259256 0.87894375 0.307571875 0.8634679699074075 0.2939445324074074 0.81355 0.1961289074074074 0.8016820324074074
2 0.4415390625 0.9583195300925925 0.3874132824074074 0.9370429699074074 0.39155 0.99921875 0.7679601574074074 0.99921875 0.5800609375 0.8929070324074074 0.566496875 0.9115367199074074 0.5488664050925925 0.8981289074074075 0.5248132800925925 0.9709031250000001 0.4497804699074074 0.9425632824074074 0.4415390625 0.9583195300925925
1 0.5419960949074074 0.86929375 0.5357117199074074 0.8899585925925926 0.5676671875 0.9032171875 0.5765867199074074 0.8846429699074074 0.5419960949074074 0.86929375
0 0.44797968749999995 0.8457726550925926 0.4146046875 0.9396421875000001 0.4408734375 0.954328125 0.4795953125 0.8620851574074074 0.44797968749999995 0.8457726550925926
1 0.8851546874999999 0.9412148449074074 0.8911773449074074 0.9065664050925926 0.8693664074074073 0.90453125 0.8585945324074075 0.9412328125 0.8747257800925925 0.9511476574074074 0.8851546874999999 0.9412148449074074
1 0.9170125 0.92184375 0.9051984375000001 0.9186976550925926 0.8985734375 0.9357851574074074 0.8901625000000001 0.9306398449074074 0.8837710949074074 0.9494398425925925 0.901284375 0.9618484375 0.9170125 0.92184375
1 0.8424999999999999 0.9527625 0.8369921875 0.965409375 0.8575960949074074 0.9744937499999999 0.8726093749999999 0.9520304699074074 0.8424999999999999 0.9527625
1 0.9105054699074074 0.8298984374999999 0.89539375 0.8666609375 0.9221023425925926 0.8711265625000001 0.9293109375 0.8344054699074074 0.9105054699074074 0.8298984374999999
1 0.8655046875000001 0.7870445324074075 0.8796835925925925 0.7590125 0.8633742199074074 0.749703125 0.8576210949074075 0.7612109375 0.8317820324074074 0.7453148449074075 0.8238148449074074 0.7660210925925925 0.8655046875000001 0.7870445324074075
1 0.99921875 0.8893359375000001 0.99921875 0.8443804699074073 0.9880710949074074 0.8811015625 0.99921875 0.8893359375000001
3 0.99921875 0.7804359375 0.8950867199074074 0.7703359375 0.8864125 0.8211992175925926 0.99921875 0.8327296875 0.99921875 0.7804359375
1 0.7343031250000001 0.8707250000000001 0.7608460949074074 0.8918554699074074 0.7806046875 0.8497289074074075 0.75388125 0.84070625 0.7343031250000001 0.8707250000000001
1 0.7296789074074075 0.788728125 0.7165093750000001 0.8256460949074074 0.7652203125 0.8396546874999999 0.7798773449074075 0.8034218750000001 0.7296789074074075 0.788728125
1 0.95914375 0.9817804699074074 0.9264796875 0.970371875 0.9136992199074073 0.9984109375000001 0.9521093749999999 0.99921875 0.95914375 0.9817804699074074
2 0.467021875 0.4597554675925926 0.45623515740740744 0.41665468749999995 0.41209843749999997 0.36513749999999995 0.3714546875 0.42917343750000003 0.41021640740740745 0.46029843750000005 0.467021875 0.4597554675925926