1 0.192603125 0.5050914074074074 0.21086640740740742 0.6607289074074074 0.2600539074074074 0.6481460949074075 0.236884375 0.496346875 0.192603125 0.5050914074074074
1 0.253528125 0.5011601574074075 0.2600234375 0.5411890625 0.3561171875 0.5352929699074074 0.34706562500000004 0.48078515509259256 0.253528125 0.5011601574074075
1 0.36387109490740743 0.5682351574074074 0.3177625 0.5797203125 0.3211023449074074 0.6442304699074074 0.370196875 0.640284375 0.36387109490740743 0.5682351574074074
1 0.3750492199074074 0.6777562500000001 0.25549375 0.6937632824074074 0.26370781249999997 0.7837617199074074 0.391209375 0.74634375 0.3750492199074074 0.6777562500000001
1 0.4161445324074074 0.7717320324074074 0.33017656250000005 0.8018570324074075 0.337446875 0.8412093749999999 0.37004375 0.8250109375 0.3889367199074074 0.8609320324074075 0.3120429699074074 0.8823742199074074 0.3193210949074074 0.9278453125 0.4577234375 0.9047070324074075 0.4161445324074074 0.7717320324074074
1 0.2914226574074074 0.8022867175925925 0.2260132824074074 0.8293710949074075 0.2492140625 0.9512757824074074 0.31386250000000004 0.9320601574074074 0.2914226574074074 0.8022867175925925
1 0.015722657407407407 0.7802382824074073 0.026662500000000002 0.9079460949074074 0.2088859375 0.8953867199074075 0.179221875 0.7550804699074075 0.015722657407407407 0.7802382824074073
1 0.46381875 0.7468273449074074 0.5190867199074074 0.88136875 0.6444304675925926 0.819321875 0.5848945324074074 0.6979164050925926 0.46381875 0.7468273449074074
1 0.4323734375 0.634803125 0.4479734375 0.7010179699074074 0.5688953125 0.657328125 0.5535414074074074 0.6170304699074074 0.4323734375 0.634803125
1 0.4127203125 0.4795414074074074 0.4293875 0.5966632824074074 0.47878203240740735 0.5872742199074074 0.468271875 0.5186335949074073 0.5096664074074074 0.5186414074074074 0.5091523449074074 0.5828445324074074 0.5650648449074074 0.5776546875 0.547 0.4561648425925926 0.4127203125 0.4795414074074074
1 0.5974234375 0.5629304699074074 0.6316476574074074 0.659346875 0.6777101574074074 0.6418203124999999 0.656859375 0.59309375 0.6508484375 0.540290625 0.6317476550925926 0.4504148425925926 0.5916195324074074 0.4585835949074074 0.5974234375 0.5629304699074074
1 0.6545335925925926 0.498271875 0.6995210925925925 0.49704375 0.7145375 0.67325625 0.7671867199074074 0.6717515625 0.7470882824074074 0.44825000000000004 0.6505257824074073 0.45399218750000003 0.6545335925925926 0.498271875
1 0.6737187499999999 0.7829171875000001 0.8621523449074074 0.7174703125 0.8374171875 0.6577960949074074 0.689640625 0.7327015625000001 0.6834226550925926 0.7040429699074074 0.6485609375 0.721278125 0.6737187499999999 0.7829171875000001
1 0.6904007800925925 0.9072171875 0.4834726574074074 0.9924945324074074 0.5792210949074074 0.99921875 0.6999664074074075 0.9572101574074074 0.6904007800925925 0.9072171875
1 0.8593554675925925 0.99921875 0.9644539074074074 0.9486734375 0.906290625 0.8376960949074074 0.7008992175925925 0.92491875 0.7236664074074075 0.99921875 0.8593554675925925 0.99921875
1 0.1977273449074074 0.2749140625 0.08330703240740742 0.30097890509259256 0.085521875 0.34014453240740744 0.20067187500000003 0.320703125 0.1977273449074074 0.2749140625
1 0.2042359375 0.2767929699074074 0.20768906250000002 0.32515937500000003 0.2964179699074074 0.3137226574074074 0.2863617199074074 0.2654929699074074 0.2042359375 0.2767929699074074
1 0.1397398425925926 0.1518328125 0.14545625 0.20224140740740743 0.27595312499999997 0.18297343749999997 0.2653140625 0.12989375 0.1397398425925926 0.1518328125
1 0.21359375 0.103046875 0.2142289074074074 0.131778125 0.2682695300925926 0.1315414074074074 0.2618609375 0.06195 0.170140625 0.021913282407407406 0.1491460949074074 0.0685265625 0.21359375 0.103046875
1 0.3023226574074074 0.11421093750000001 0.32308125 0.238934375 0.3871726574074074 0.2224015625 0.36623515740740736 0.1189609375 0.3023226574074074 0.11421093750000001
1 0.336659375 0.318378125 0.427959375 0.31019531250000004 0.4092007824074074 0.2260960949074074 0.33273828240740744 0.2477992175925926 0.3296679699074074 0.2514734375 0.336659375 0.318378125
1 0.4946515625 0.17885625 0.419921875 0.1640625 0.42729218750000003 0.24043281249999998 0.5053179699074074 0.2631148425925926 0.4946515625 0.17885625
1 0.6706773449074075 0.0661929699074074 0.5821304699074075 0.03168515740740741 0.5307234375 0.1531445324074074 0.5473859375 0.2752078125 0.7080609375 0.244346875 0.6706773449074075 0.0661929699074074
1 0.34399375 0.011596875 0.3125 0.083984375 0.42460625 0.13554375000000002 0.4590453125 0.0735476574074074 0.34399375 0.011596875
1 0.912109375 0 0.8666304699074074 0.0955960949074074 0.9450148449074075 0.12822734490740742 0.99921875 0 0.912109375 0
1 0.970703125 0.08984375 0.9506835925925926 0.13066093750000002 0.99921875 0.157928125 0.99921875 0.0870664050925926 0.970703125 0.08984375
0 0.9916304699074074 0.25848359259259257 0.8227382824074074 0.18923984490740742 0.7214359375 0.2759929699074074 0.6693953125 0.33277890740740745 0.6842117199074074 0.429703125 0.7586437500000001 0.42160000000000003 0.835159375 0.4701617199074074 0.9268109375 0.44396171759259256 0.9849164074074074 0.3648226574074074 0.9916304699074074 0.25848359259259257
3 0.76953125 0.486328125 0.9057007824074075 0.75259375 0.99921875 0.6819078125 0.9978789074074074 0.38327031250000004 0.76953125 0.486328125
3 0.9597171875 0.1718828125 0.681640625 0.0546875 0.7294765624999999 0.24427812499999998 0.9597171875 0.1718828125
3 0.184059375 0.4962765625 0.005859375 0.52734375 0.0004578125 0.6802976574074074 0.19834921990740742 0.6618578125 0.184059375 0.4962765625
3 0.6516953125 0.40161875 0.6473539074074074 0.34404765740740745 0.550453125 0.34865546990740737 0.009765625 0.44140625 0 0.484184375 0.6516953125 0.40161875
0 0.005859375 0.689453125 0.0012132824074074075 0.7683109375 0.20761875 0.7423476574074074 0.1938015625 0.6735765625 0.005859375 0.689453125
1 0.9958039050925926 0.9627453125000001 0.99921875 0.7758328125 0.9296875 0.833984375 0.9958039050925926 0.9627453125000001
1 0.9988406249999999 0.99921875 0.9977265625 0.9643781250000001 0.943359375 0.98828125 0.9988406249999999 0.99921875
1 0.120628125 0.05445078240740741 0.05859375 0.060546875 0.0723953125 0.2068710949074074 0.1332625 0.21284453009259258 0.120628125 0.05445078240740741
3 0.123209375 0.2244601574074074 0.06565 0.215115625 0.0742085949074074 0.30177578240740743 0.1317726574074074 0.28126171990740745 0.123209375 0.2244601574074074
0 0.6900789074074074 0.27610625 0.030978907407407406 0.366178125 0.029792187499999997 0.4038085925925926 0.6900789074074074 0.30938593750000004 0.6900789074074074 0.27610625
1 0.7404757800925926 0 0.7232828124999999 0.03718203240740741 0.8701656249999999 0.1034757824074074 0.907053125 0 0.7404757800925926 0
1 0.5184546875 0.012150000000000001 0.45526796990740737 0.140325 0.49020234490740744 0.1547109375 0.5457171875 0.019641407407407406 0.5184546875 0.012150000000000001
1 0.4757585949074074 0 0.4458140625 0.051853907407407404 0.4859273449074074 0.07525546759259259 0.5184124999999999 0.007032032407407407 0.4757585949074074 0
1 0.4318421875 0.0036109375 0.41758046990740744 0.033060157407407406 0.4497742199074074 0.04811796990740741 0.46926874999999996 0 0.4318421875 0.0036109375
1 0.4080023449074074 0.0365859375 0.4245234375 0 0.3535640625 0.0013476574074074074 0.4080023449074074 0.0365859375
0 0.341275 0 0.1817640625 0.017029687499999998 0.3101296875 0.07381171990740741 0.341275 0