4 0.6292648449074074 0.6151515625 0.2 0.983203125 0.99921875 0.99921875 0.99921875 0.1007953125 0.6292648449074074 0.6151515625
1 0.92578125 0 0.8748242199074073 0.0629117199074074 0.9161984375000001 0.10328671990740741 0.9769210949074074 0.0336609375 0.92578125 0
1 0.8742140625 0.063484375 0.841796875 0.126953125 0.8515703125 0.1617734375 0.9133757824074074 0.1072617199074074 0.8742140625 0.063484375
1 0.7734375 0.107421875 0.801834375 0.15770703240740738 0.8362046875 0.1257398449074074 0.7998656249999999 0.08199296990740741 0.7734375 0.107421875
1 0.80078125 0 0.8432773449074075 0.03668203240740741 0.8022617199074075 0.0745007824074074 0.8399203125 0.120003125 0.9252398449074074 0 0.80078125 0
1 0.79003125 0.13682578240740742 0.748046875 0.1875 0.7715453124999999 0.2285921875 0.8276898449074074 0.18430312499999998 0.79003125 0.13682578240740742
1 0.73855625 0.18413515740740738 0.685546875 0.236328125 0.7129742199074074 0.2816085949074074 0.7757796874999999 0.22872890740740742 0.73855625 0.18413515740740738
1 0.5706632800925926 0.25846875 0.509765625 0.302734375 0.5411914074074075 0.357734375 0.6014789074074074 0.3074414050925926 0.5706632800925926 0.25846875
1 0.7078320300925925 0 0.689453125 0.01953125 0.7276843749999999 0.054214844907407404 0.7625960949074074 0 0.7078320300925925 0
1 0.67166875 0.03589609490740741 0.638671875 0.05859375 0.6622007824074074 0.0965039074074074 0.7031632824074074 0.0717773449074074 0.67166875 0.03589609490740741
1 0.713753125 0.0900570300925926 0.6796875 0.1171875 0.7121734375000001 0.1720960925925926 0.7474515625 0.14962734490740742 0.713753125 0.0900570300925926
1 0.6313398425925926 0.07163203009259259 0.58984375 0.1015625 0.6145023449074074 0.1474609375 0.6606601574074075 0.11677578240740741 0.6313398425925926 0.07163203009259259
1 0.569396875 0.12152890509259259 0.529296875 0.1484375 0.5552445300925926 0.1965257824074074 0.5942914074074074 0.1730273449074074 0.569396875 0.12152890509259259
1 0.49631484490740746 0.1760867199074074 0.458984375 0.205078125 0.48959375 0.2584226574074074 0.5312117199074075 0.2323148449074074 0.49631484490740746 0.1760867199074074
1 0.440109375 0.2171398449074074 0.404296875 0.24609375 0.4241484375 0.3055804675925926 0.4689101574074074 0.2669296875 0.440109375 0.2171398449074074
1 0.44680781249999996 0.33940156250000003 0.345703125 0.4453125 0.35495000000000004 0.4734726574074074 0.49453749999999996 0.374878125 0.44680781249999996 0.33940156250000003
1 0.313834375 0.2815703125 0.32009765740740737 0.2515414074074074 0.341228125 0.2288414074074074 0.3146820324074074 0.19390156249999999 0.28188671990740743 0.23605625 0.25972812500000003 0.2804796875 0.2813789074074074 0.2943046875 0.267671875 0.30892109490740743 0.29893046759259256 0.3329257800925926 0.30673046990740743 0.3215226550925926 0.3217890625 0.3316234375 0.3351226550925926 0.3033203125 0.313834375 0.2815703125
1 0.11470390740740741 0.336715625 0.0883882800925926 0.36445 0.1112796875 0.3866796875 0.1364984375 0.36025468749999995 0.11470390740740741 0.336715625
1 0.17290781249999998 0.38547812499999995 0.14166328240740741 0.42377890740740737 0.16301328240740742 0.44976875 0.19900625 0.41819375 0.17290781249999998 0.38547812499999995
1 0.27606171759259257 0.5194320324074074 0.30579765740740744 0.5577429699074075 0.3422203125 0.5197632824074074 0.3146890625 0.48793749999999997 0.27606171759259257 0.5194320324074074
1 0.313596875 0.4879515625 0.28909218750000004 0.453821875 0.24075468749999998 0.502315625 0.2657796875 0.5301921875 0.313596875 0.4879515625
1 0.14345625 0.5685875 0.08475546759259259 0.6162960949074074 0.12236640740740741 0.6653 0.190090625 0.6408429699074074 0.14345625 0.5685875
1 0.27757578240740743 0.6080242199074074 0.2409484375 0.6441445324074074 0.2645117199074074 0.6710421875 0.3032148449074074 0.6436765625 0.27757578240740743 0.6080242199074074
1 0.316259375 0.580984375 0.282115625 0.6102421874999999 0.2998992199074074 0.6422953124999999 0.34336015740740744 0.61620625 0.316259375 0.580984375
1 0.38449921990740743 0.5840304699074074 0.3531039074074074 0.5421867199074074 0.3231742199074074 0.5817695324074074 0.31722890740740745 0.58239375 0.3400546875 0.6217781250000001 0.38449921990740743 0.5840304699074074
1 0.3932726574074074 0.5027789074074074 0.3632390625 0.5424375 0.3830046875 0.5820484375 0.42503749999999996 0.5497875 0.3932726574074074 0.5027789074074074
0 0.053251562499999995 0.198003125 0.019609375 0.18736640740740743 0.030572657407407406 0.1604828125 0.0145296875 0.148928125 0 0.150153125 0.003296875 0.2753523449074074 0.0381828125 0.2550671875 0.0820265625 0.237221875 0.09435703240740742 0.19795625 0.0751453125 0.1824804699074074 0.053251562499999995 0.198003125
2 0.00033593750000000003 0.2884726574074074 0.0031640625 0.7324617199074075 0.00036875 0.8783296875 0.00031718750000000003 0.9150320300925926 0.1260648449074074 0.7956125000000001 0.08636875000000001 0.727425 0.1131625 0.6862531249999999 0.0578015625 0.6546632824074075 0.0624078125 0.5816796875 0.09857578240740741 0.5462304699074074 0.056245312500000005 0.49187265740740743 0.07585 0.46920781250000004 0.09080546990740741 0.4876679699074074 0.15921484259259258 0.4472242175925926 0.13509375 0.42424765740740744 0.171890625 0.3865757824074074 0.1996304699074074 0.4132890625 0.1817992199074074 0.44337890740740743 0.2053625 0.477134375 0.300821875 0.38836796990740746 0.25470703240740744 0.3568398449074074 0.27316718749999996 0.2953492199074074 0.25234765740740744 0.28479296990740743 0.2787953125 0.2390382824074074 0.2266039074074074 0.049728125 0.002421875 0.003632032407407407 0.0025070324074074075 0.1382296875 0.02352578240740741 0.1408453125 0.028619532407407406 0.18068281249999998 0.0551765625 0.1929664074074074 0.07760468749999999 0.1741515625 0.10236953009259259 0.19340625 0.0811804699074074 0.2456265625 0.00033593750000000003 0.2884726574074074
3 0.4701679699074074 0.2626484375 0.42546796990740743 0.2995023449074074 0.38991484490740735 0.2431859375 0.2905914074074074 0.4479953125 0.4447273449074074 0.3331773449074074 0.5593929699074074 0.41475 0.7139359375 0.283846875 0.6073195324074073 0.16170781250000002 0.565759375 0.19299921990740743 0.492203125 0.2487335949074074 0.4701679699074074 0.2626484375
0 0.4074429699074074 0.6196023449074074 0.305778125 0.697546875 0.15688359490740741 0.8266156250000001 0.2211648449074074 0.9065804699074074 0.2632726574074074 0.918309375 0.6776070324074075 0.5504585949074075 0.6238023449074075 0.4796460949074074 0.5477296875 0.5560257800925926 0.5705125 0.5761882824074074 0.4515710925925926 0.687009375 0.4074429699074074 0.6196023449074074
1 0.4140929699074074 0.6175070300925926 0.456915625 0.6868109374999999 0.5582984375 0.5860453125 0.5069671875 0.5413679699074074 0.4140929699074074 0.6175070300925926
1 0.5831289050925926 0.4588523449074074 0.5311570300925926 0.50839375 0.5558593749999999 0.54303125 0.6168953125000001 0.49782968749999995 0.5831289050925926 0.4588523449074074
0 0.6323101550925926 0.0581453125 0.5779242199074074 0 0.3371617199074074 0.1579265625 0.3840851574074074 0.25296875 0.593778125 0.0873796875 0.6323101550925926 0.0581453125
1 0.3905328125 0.06973828240740741 0.3616953125 0.05532421990740741 0.2895328125 0.10152421990740741 0.3170828125 0.1495117175925926 0.39646484490740747 0.10065390509259259 0.3905328125 0.06973828240740741
3 0.1931726550925926 0.6320203125 0.2982328125 0.5619257824074074 0.2421820324074074 0.4987210949074074 0.2095601574074074 0.5242890625 0.15385859490740741 0.5589015625 0.1931726550925926 0.6320203125
0 0.99921875 0.09161640740740741 0.5976679699074074 0.43866796990740736 0.6891734374999999 0.5396953125 0.99921875 0.09161640740740741
3 0.3590664074074074 0 0.2826398449074074 0.058243750000000004 0.2318289050925926 0.0559859375 0.2739015625 0.2043351550925926 0.5861914074074074 0 0.3590664074074074 0
1 0.17558828240740743 0.7460085925925926 0.143934375 0.7030226574074073 0.11413828240740741 0.7000734375 0.0951007824074074 0.7156093750000001 0.1250625 0.7947289074074073 0.17558828240740743 0.7460085925925926
0 0.2651242199074074 0.6709171875000001 0.2185078125 0.6167351574074075 0.1176992199074074 0.691128125 0.1549945324074074 0.7033101574074074 0.1811789074074074 0.74615625 0.2651242199074074 0.6709171875000001
3 0.6716867199074074 0.1142796875 0.6236617199074074 0.1545023449074074 0.6616476574074075 0.2202570324074074 0.7158101550925926 0.1912734375 0.6716867199074074 0.1142796875
1 0.15397968750000002 0.8630703125000001 0.1092820324074074 0.9251304699074074 0.1362421875 0.9592367199074074 0.19487265740740742 0.9223476574074074 0.15397968750000002 0.8630703125000001
3 0 0.9931515625 0.1609351574074074 0.99921875 0.07692734490740741 0.89733125 0 0.9609296875 0 0.9931515625