1 0 0 0.03343984490740741 0.05990625 0.023658594907407408 0.0894695324074074 0.0807492175925926 0.1116257824074074 0.0959164050925926 0.060333594907407403 0.06485 0 0 0
1 0.07670624999999999 0.10375234490740741 0.001953125 0.09765625 0 0.2064664074074074 0.04834765740740741 0.237709375 0.07670624999999999 0.10375234490740741
1 0.007911719907407407 0.4085617175925926 0.054809375 0.23489375 0.00390625 0.220703125 0.007911719907407407 0.4085617175925926
1 0.16796875 0.001953125 0.14055625 0.1106109375 0.19259609490740742 0.12126953240740741 0.2300414050925926 0 0.16796875 0.001953125
1 0.201171875 0.119140625 0.2568359375 0.1326367199074074 0.2628023449074074 0.08686796990740742 0.21100625 0.07225 0.201171875 0.119140625
1 0.257934375 0.1315992199074074 0.3629757824074074 0.16468046990740742 0.392959375 0.07426484490740741 0.3564070324074074 0.0603640625 0.35350781249999996 0.091278125 0.263671875 0.076171875 0.257934375 0.1315992199074074
1 0.341796875 0.001953125 0.3295742199074074 0.05036171759259259 0.3952101574074074 0.07933046990740741 0.4171140625 0 0.341796875 0.001953125
1 0.5981671875000001 0.123909375 0.6146390625 0.0774460949074074 0.7144085949074074 0.10458359259259259 0.7202148425925926 0.06039453240740741 0.552734375 0.001953125 0.5375820324074074 0.10444609490740742 0.5981671875000001 0.123909375
1 0.53515625 0.109375 0.5061187500000001 0.204628125 0.5823515625 0.2270046875 0.6075210949074075 0.1342929699074074 0.53515625 0.109375
1 0.505859375 0.216796875 0.477684375 0.31851171759259256 0.6146773449074074 0.3381039074074074 0.6191710949074074 0.2415773449074074 0.505859375 0.216796875
1 0.55931875 0.5256273449074074 0.5738984375 0.462890625 0.51075 0.4454804699074074 0.5391695300925926 0.3422242199074074 0.48046875 0.330078125 0.436928125 0.49350703240740745 0.55931875 0.5256273449074074
1 0.1959226574074074 0.5849226574074075 0.041015625 0.548828125 0.0334015625 0.6252445324074074 0.1756054699074074 0.652984375 0.1959226574074074 0.5849226574074075
1 0.271484375 0.615234375 0.19632734490740741 0.595703125 0.15541875 0.76998125 0.22682187499999998 0.786575 0.271484375 0.615234375
1 0.005386717592592593 0.99921875 0.0717617199074074 0.7626726574074074 0.0078125 0.748046875 0.005386717592592593 0.99921875
1 0.23222343750000002 0.7976914074074074 0.15625 0.775390625 0.10128046990740741 0.99921875 0.16996796990740742 0.99921875 0.23222343750000002 0.7976914074074074
1 0.45846562500000004 0.7095718750000001 0.4795914050925926 0.6140289074074075 0.5560148425925926 0.6474453124999999 0.5796664050925926 0.5712664074074074 0.430465625 0.5428695324074074 0.400390625 0.685546875 0.45846562500000004 0.7095718750000001
1 0.455078125 0.724609375 0.3970492199074074 0.703071875 0.3469617175925926 0.9206085925925926 0.41346171990740743 0.9314179699074074 0.43929921990740745 0.7975007824074074 0.530065625 0.8215890625 0.5381007824074074 0.767346875 0.44650937500000004 0.7552882800925926 0.455078125 0.724609375
1 0.5758648449074074 0.5759570324074074 0.5530992175925926 0.6555109375 0.5385390625 0.7340992199074073 0.579721875 0.7344867199074074 0.597796875 0.640359375 0.6478695324074074 0.6488882824074074 0.6260695324074074 0.7208398425925926 0.6690789074074074 0.7216351574074075 0.6788882824074074 0.592159375 0.5758648449074074 0.5759570324074074
1 0.7186195324074075 0.8352828125 0.6341179699074074 0.8140929699074073 0.613046875 0.8817085949074075 0.6914570324074073 0.90511875 0.7186195324074075 0.8352828125
1 0.507034375 0.99921875 0.6662734375 0.99921875 0.6772195324074074 0.9595609375 0.6249851550925926 0.9481023449074074 0.615615625 0.9822937500000001 0.51530625 0.9569000000000001 0.507034375 0.99921875
1 0.7272 0.7715562499999999 0.7557289074074075 0.6819570300925926 0.6918054675925925 0.6567070324074074 0.6677578125000001 0.6980343750000001 0.6484742199074075 0.7414578125 0.7272 0.7715562499999999
1 0.7902492199074074 0.8789882824074075 0.8737320324074075 0.9035679699074074 0.9101710949074074 0.7858734374999999 0.8208210949074074 0.7636328124999999 0.8188562500000001 0.7649992199074075 0.7902492199074074 0.8789882824074075
1 0.8763273449074075 0.9116500000000001 0.7887179675925926 0.8837125 0.7630679699074073 0.99921875 0.8594945324074075 0.99921875 0.8763273449074075 0.9116500000000001
1 0.7722132800925926 0.561909375 0.99921875 0.60670625 0.99921875 0.4391226574074074 0.9284695324074074 0.3633140625 0.7504265625000001 0.5153523449074074 0.7722132800925926 0.561909375
1 0.99921875 0.4289914074074074 0.99921875 0.286040625 0.9318335949074075 0.3515398449074074 0.99921875 0.4289914074074074
1 0.6251164074074075 0.4500890625 0.6430734375 0.4692742199074074 0.6322390625 0.4905359375 0.5702015625 0.47600859490740743 0.5666273449074074 0.5173039074074074 0.6343085949074074 0.5386773425925926 0.7332187499999999 0.4583671875 0.6946570300925926 0.4208570300925926 0.6797031250000001 0.4421976574074074 0.6630140625000001 0.4199375 0.6251164074074075 0.4500890625
1 0.7249593750000001 0.4530328125 0.8036070300925926 0.39307109490740744 0.7781601574074074 0.3543195324074074 0.76026875 0.380134375 0.6991382824074074 0.41919531250000003 0.7249593750000001 0.4530328125
1 0.6115960949074074 0.34225781250000004 0.5956054675925926 0.3407960949074074 0.589196875 0.3769742199074074 0.6079039050925926 0.38142187499999997 0.6226429699074074 0.3585921875 0.6115960949074074 0.34225781250000004
1 0.6385437500000001 0.4158085949074074 0.6644554699074073 0.3963984375 0.6331796875 0.35174999999999995 0.6250234375 0.35975625 0.6084765625 0.38034218750000004 0.6385437500000001 0.4158085949074074
1 0.6644007824074074 0.3456828125 0.6429507824074073 0.3630125 0.6721726574074074 0.4089476574074074 0.6961945324074074 0.3843617199074074 0.6644007824074074 0.3456828125
1 0.6666859375 0.09424374999999999 0.6577757800925925 0.15485625000000003 0.699784375 0.15926484490740742 0.7099570300925926 0.10243515509259259 0.6666859375 0.09424374999999999
1 0.6229085949074075 0.2437632824074074 0.6794140624999999 0.252809375 0.676678125 0.1558835925925926 0.6597835949074075 0.1558835925925926 0.6494796875 0.2279507824074074 0.6258523449074075 0.2219867199074074 0.6229085949074075 0.2437632824074074
1 0.67995 0.21452500000000002 0.680434375 0.2582023449074074 0.6930476574074075 0.28518125 0.7533429699074075 0.2327234375 0.72245 0.1941648449074074 0.695853125 0.20194062499999998 0.6989429699074073 0.2148054699074074 0.67995 0.21452500000000002
1 0.6964984375 0.2815929699074074 0.6724882824074073 0.304065625 0.6889085949074074 0.32627187500000004 0.7170984374999999 0.3014570324074074 0.6964984375 0.2815929699074074
1 0.6986039074074074 0.3236523449074074 0.7274382800925926 0.3556382824074074 0.7537148449074074 0.33030156250000003 0.7187742199074074 0.2979335949074074 0.6986039074074074 0.3236523449074074
1 0.7400335949074074 0.3423539074074074 0.6883445324074075 0.39360625 0.7004585949074075 0.42234140740740744 0.7700335949074074 0.3704484375 0.7400335949074074 0.3423539074074074
1 0.8347804699074074 0.12218593750000001 0.8938078125 0.18995 0.9099664074074073 0.17562734490740742 0.9645664074074074 0.17528125000000003 0.9662023449074074 0.1392226574074074 0.8922335925925926 0.0732 0.8457289074074075 0.0917921875 0.8580546875 0.1044710949074074 0.8347804699074074 0.12218593750000001
1 0.977759375 0.07516718750000001 0.9411101574074074 0.11099296990740741 0.9733726550925925 0.1456460949074074 0.9599320324074073 0.17986875 0.9086984375 0.1817773449074074 0.9564054699074075 0.2316890625 0.99921875 0.18602968749999998 0.99921875 0.113653125 0.977759375 0.07516718750000001
1 0.758553125 0.028765625 0.7401828125000001 0.0004820324074074074 0.7107296875000001 0.0009328125 0.7140671875000001 0.0625617199074074 0.7606804699074075 0.0645476550925926 0.758553125 0.028765625
1 0.7713562500000001 0.0308359375 0.7731921875 0.067678125 0.8214242199074073 0.059032032407407405 0.8168585949074073 0.031243749999999997 0.7713562500000001 0.0308359375
1 0.78348125 0.00005625 0.7816234375 0.012658594907407407 0.8498898449074075 0.015558592592592593 0.8489281249999999 0 0.78348125 0.00005625
1 0.8959539050925925 0 0.8963398449074075 0.0159125 0.9522406250000001 0.021340625000000002 0.9538695324074075 0 0.8959539050925925 0
0 0.4354179699074074 0.48858984490740737 0.5520398449074074 0 0.4299820324074074 0.0009328125 0.4973523425925926 0.07722578240740742 0.30839375 0.43048515509259255 0.4354179699074074 0.48858984490740737
0 0.7896679699074075 0.606796875 0.7062882800925926 0.48594140740740743 0.6267851550925926 0.5698890624999999 0.7896679699074075 0.606796875
0 0.3063859375 0.44517890509259256 0.2746046875 0.5708585949074074 0.4209648449074074 0.5766226574074074 0.4319898449074074 0.488065625 0.3063859375 0.44517890509259256
0 0.14363828240740742 0.1828125 0.0900546875 0.39201718750000003 0.298796875 0.4406320324074074 0.3427835949074074 0.22470078240740743 0.14363828240740742 0.1828125
2 0.30966171990740743 0.5708218749999999 0.25614375 0.7861046875 0.3467953125 0.8299570324074075 0.4040265625 0.5842953125 0.30966171990740743 0.5708218749999999
2 0.3450210949074074 0.85295 0.25463125 0.8049335949074075 0.18836484490740743 0.99921875 0.3112578125 0.99921875 0.3450210949074074 0.85295
2 0.05503046759259259 0.4784828125 0.04602343749999999 0.5447789074074074 0.26600625 0.6043671875000001 0.2822335949074074 0.5347921875 0.05503046759259259 0.4784828125
1 0.8086257824074075 0.6166710949074073 0.7918164050925925 0.6848640625 0.99921875 0.731990625 0.99921875 0.6563171875 0.8086257824074075 0.6166710949074073
2 0.7855171875000001 0.7412773449074074 0.897765625 0.7761179699074074 0.8834898449074075 0.8780226574074074 0.99921875 0.9179460949074074 0.99921875 0.73641875 0.7995570300925926 0.69224375 0.7855171875000001 0.7412773449074074
2 0.788853125 0.07185859490740741 0.7356210949074075 0.0727382824074074 0.72851875 0.07254921990740741 0.7202054699074074 0.1839421875 0.7631640625 0.2251703125 0.7348242199074074 0.2587945324074074 0.7793117199074074 0.300884375 0.832909375 0.249525 0.8770718750000001 0.30059531250000004 0.9540851574074074 0.2300945324074074 0.788853125 0.07185859490740741
2 0.9871476574074074 0 0.8857093749999999 0.036275 0.9418867199074074 0.102140625 0.99921875 0.07068359259259259 0.9871476574074074 0
0 0.09219843750000001 0.0906867175925926 0.0697453125 0.1674164074074074 0.1516523449074074 0.178375 0.1626757800925926 0.1167414074074074 0.09219843750000001 0.0906867175925926
0 0.09117109490740741 0.3636867175925926 0.010580467592592593 0.4126257800925926 0.0034773425925925926 0.4949171875 0.10900156250000001 0.4840179699074074 0.09117109490740741 0.3636867175925926
1 0.0128171875 0.7423453125 0.1425257800925926 0.7845117199074074 0.1591359375 0.72881875 0.07656953240740741 0.7079382824074074 0.09142656249999999 0.6427164074074073 0.04119609490740741 0.6301945300925925 0.0128171875 0.7423453125
1 0.0767617175925926 0.76761875 0.039928125 0.9019960949074074 0.1196773449074074 0.9209414074074074 0.14480625 0.7873249999999999 0.0767617175925926 0.76761875
1 0.062303125 0.9201117199074075 0.04680625 0.9960320324074075 0.0999015625 0.99921875 0.1181234375 0.9259179699074074 0.062303125 0.9201117199074075
2 0.5880742199074075 0.9101515625 0.6103398449074073 0.8050562499999999 0.7116007824074074 0.8209125 0.7148226550925926 0.7776546875 0.4949585949074074 0.7345617199074075 0.4946445324074074 0.7552375 0.565178125 0.771828125 0.5518960949074074 0.8373937499999999 0.5013968750000001 0.8208570300925926 0.49207968750000003 0.85833125 0.5140273449074074 0.8813703125000001 0.5880742199074075 0.9101515625