1 0.74609375 0.25390625 0.7764890625 0.33682265509259257 0.9865414050925926 0.41848749999999996 0.9418414074074074 0.1949460949074074 0.74609375 0.25390625
1 0.8932875 0.449996875 0.75390625 0.396484375 0.6958234375000001 0.5207289074074074 0.8359601574074075 0.5855632800925926 0.8932875 0.449996875
1 0.7544328125 0.39751406250000004 0.712890625 0.380859375 0.61725625 0.4798125 0.6864625000000001 0.5227125 0.7544328125 0.39751406250000004
1 0.7117687500000001 0.3797070300925926 0.66796875 0.275390625 0.625846875 0.29800390509259256 0.6745835949074075 0.4116820324074074 0.7117687500000001 0.3797070300925926
1 0.6299289074074074 0.2951351574074074 0.5234375 0.326171875 0.5373914050925926 0.3848421875 0.6488265624999999 0.348815625 0.6299289074074074 0.2951351574074074
1 0.48074374999999997 0.369728125 0.4666976574074074 0.347534375 0.435546875 0.359375 0.4212265625 0.410484375 0.4646226574074074 0.4274976574074074 0.48074374999999997 0.369728125
1 0.5225140625 0.3269726550925926 0.46875 0.34375 0.490165625 0.39968906249999997 0.5397796874999999 0.391075 0.5225140625 0.3269726550925926
1 0.478515625 0.404296875 0.4693984375 0.4339140625 0.6168898449074075 0.48352812500000003 0.6234515625 0.44145937500000004 0.478515625 0.404296875
1 0.6477890625 0.3629148425925926 0.548828125 0.392578125 0.6356585949074074 0.4580539074074074 0.6783140625 0.415359375 0.6477890625 0.3629148425925926
1 0.2825164074074074 0.5805203125 0.3447648425925926 0.42180625 0.2963789074074074 0.3985210949074074 0.205078125 0.4375 0.1743773425925926 0.5334929699074075 0.2825164074074074 0.5805203125
1 0.1849671875 0.7844851550925925 0.24784843750000002 0.6117859375 0.15026875 0.582809375 0.08984375 0.740234375 0.09352890740740741 0.7439578124999999 0.1849671875 0.7844851550925925
1 0.0947875 0.7498546875000001 0.064453125 0.830078125 0.1450039074074074 0.8665085949074074 0.1773070300925926 0.7862625 0.0947875 0.7498546875000001
1 0.149353125 0.8728789074074074 0.06114921990740741 0.8352359375 0.05859375 0.8359375 0.025802344907407408 0.9376296875 0.11273984259259259 0.976890625 0.149353125 0.8728789074074074
1 0.029708594907407408 0.9495312499999999 0.00390625 0.998046875 0.10881015509259259 0.99921875 0.1189039074074074 0.9827273449074073 0.029708594907407408 0.9495312499999999
1 0.9140625 0.466796875 0.8726960925925925 0.5912398449074074 0.9589007824074074 0.630203125 0.9962695324074075 0.5029679675925925 0.9140625 0.466796875
1 0.993934375 0.5201648449074073 0.9716796875 0.5974125 0.99609375 0.603515625 0.993934375 0.5201648449074073
1 0.9715343750000001 0.5952757800925925 0.96484375 0.62890625 0.99921875 0.6489179675925926 0.9959257824074074 0.6044085949074074 0.9715343750000001 0.5952757800925925
1 0.8503265624999999 0.8110124999999999 0.9179914074074075 0.6482617175925925 0.8604968749999999 0.62728125 0.8046875 0.77734375 0.809128125 0.7806624999999999 0.8503265624999999 0.8110124999999999
1 0.99609375 0.693359375 0.9163132824074074 0.6576921874999999 0.8553921875 0.81035625 0.955734375 0.847328125 0.99609375 0.693359375
1 0.9512023449074074 0.8475492199074074 0.99921875 0.8745804675925926 0.99609375 0.70703125 0.9512023449074074 0.8475492199074074
1 0.8240507824074074 0.6189195324074075 0.689453125 0.564453125 0.66399375 0.6397625 0.7944492199074075 0.6913226574074074 0.8240507824074074 0.6189195324074075
1 0.662109375 0.64453125 0.631134375 0.7178648449074074 0.7628554699074074 0.7697679675925926 0.7956234375 0.69095625 0.662109375 0.64453125
1 0.609375 0.541015625 0.5556945324074074 0.6768109375 0.6336671875 0.7154390625 0.6875 0.5630109375 0.609375 0.541015625
1 0.60546875 0.541015625 0.4987109375 0.4924164074074074 0.4813460949074074 0.5355679699074074 0.6018523449074074 0.5833820324074074 0.60546875 0.541015625
1 0.48046875 0.5390625 0.4574125 0.5957867199074074 0.575721875 0.6435320324074074 0.5953445324074074 0.5807570324074074 0.48046875 0.5390625
1 0.45703125 0.599609375 0.4426648425925926 0.6400453125 0.5618132824074075 0.685271875 0.5774992175925926 0.6345671875 0.45703125 0.599609375
1 0.506896875 0.492515625 0.40625 0.453125 0.3538820324074074 0.6050335949074074 0.4425585949074074 0.6412960949074075 0.506896875 0.492515625
1 0.337890625 0.658203125 0.3149640625 0.7214507824074075 0.500984375 0.7896273425925926 0.526825 0.7178953125 0.337890625 0.658203125
1 0.2676390625 0.8840179675925925 0.30520624999999996 0.8933257824074075 0.290496875 0.9332960949074075 0.3293460949074074 0.9619976574074074 0.40383125 0.7566453125 0.318359375 0.7265625 0.2676390625 0.8840179675925925
1 0.4968492199074074 0.8034671875 0.408203125 0.76171875 0.3406375 0.95201875 0.42710078240740745 0.9939726574074074 0.4968492199074074 0.8034671875
1 0.27637500000000004 0.99921875 0.35636875 0.99921875 0.37109375 0.9689945324074074 0.2517851574074074 0.9243929675925926 0.22050468750000002 0.9738921875000001 0.27637500000000004 0.99921875
1 0.356246875 0.99921875 0.4307476574074074 0.99921875 0.373046875 0.97265625 0.356246875 0.99921875
1 0.6294101574074075 0.7733765625000001 0.5546875 0.744140625 0.4575804699074074 0.98060625 0.5278164074074074 0.99921875 0.6294101574074075 0.7733765625000001
1 0.7514742199074074 0.8143578125 0.6672687500000001 0.7850218750000001 0.6123273449074075 0.8968921875 0.698025 0.93616875 0.7514742199074074 0.8143578125
1 0.7238195324074075 0.99921875 0.9462882824074074 0.99921875 0.8064460949074074 0.9445867199074074 0.830584375 0.8897117175925926 0.8919960949074074 0.9337976574074075 0.9229320324074074 0.8667437499999999 0.7941804699074074 0.81773125 0.7238195324074075 0.99921875
1 0.05481796990740741 0.2340765625 0.033153125 0.1722867199074074 0.0013640625 0.183975 0 0.4101585949074074 0.10436328240740742 0.36630781250000005 0.05364296759259259 0.23419843750000002 0.05481796990740741 0.2340765625
1 0.007824219907407406 0.413496875 0.0424140625 0.5053132824074074 0.15068671990740742 0.4555945300925926 0.10953984490740741 0.363375 0.007824219907407406 0.413496875
1 0.5740523449074074 0.99921875 0.6432070300925926 0.99921875 0.5822242175925926 0.9799687499999999 0.5740523449074074 0.99921875
1 0.99921875 0.9052179699074074 0.9250171875 0.8713742199074075 0.8980164074074074 0.9307515625 0.99921875 0.9730234375 0.99921875 0.9052179699074074
0 0.9657710925925926 0.99921875 0.99921875 0.99921875 0.99921875 0.9783023449074074 0.8360476574074075 0.9119335949074073 0.8182625 0.9457054675925926 0.9657710925925926 0.99921875
0 0.1768242199074074 0.312996875 0.3237757824074074 0.3617539074074074 0.3699054675925926 0.3463039074074074 0.4313125 0.2041773425925926 0.31996250000000004 0.073775 0.117753125 0.1556960925925926 0.1768242199074074 0.312996875
3 0.43215 0.2041007824074074 0.5012484375 0.0010429699074074074 0.32447578240740743 0.0745773449074074 0.43215 0.2041007824074074
3 0.6227023425925926 0.220240625 0.5495148449074074 0.0471015625 0.46955625 0.284534375 0.6227023425925926 0.220240625
3 0.6443820324074074 0 0.7290429699074075 0.2115828125 0.9525234374999999 0.12998828240740742 0.9040523425925926 0 0.6443820324074074 0
0 0.7221789074074074 0.1877101574074074 0.6306343750000001 0.22765625 0.6450874999999999 0.2773382824074074 0.7540703125 0.2578820324074074 0.7221789074074074 0.1877101574074074
0 0.0488875 0.7381656249999999 0.1756390625 0.4743234375 0 0.5185851574074074 0.0488875 0.7381656249999999
0 0.1318070324074074 0.363009375 0.17341015740740742 0.4600164074074074 0.294759375 0.37404140740740743 0.16653125000000002 0.3227484375 0.1318070324074074 0.363009375
0 0.004321875 0.056179687500000006 0.005148437499999999 0.15863125 0.203003125 0.1046960949074074 0.09130078240740741 0.0018734374999999999 0.004321875 0.056179687500000006