1 0.3203125 0.533203125 0.308128125 0.7261273449074074 0.474990625 0.7397460925925926 0.4881054699074074 0.5453796875 0.3203125 0.533203125
1 0.546875 0.572265625 0.5270460949074074 0.7444226574074074 0.6354445324074075 0.7491375 0.6505890625 0.5846789074074074 0.546875 0.572265625
1 0.650390625 0.583984375 0.6434093750000001 0.6769710949074074 0.7395023449074074 0.6829601574074075 0.7418898449074075 0.58725 0.650390625 0.583984375
1 0.7480546875 0.5935210949074075 0.728965625 0.7577664074074074 0.8363875 0.7637179699074074 0.8484726574074074 0.5908890625 0.7480546875 0.5935210949074075
1 0.900390625 0.60546875 0.8886796875 0.7622453125 0.99921875 0.7663804699074075 0.99921875 0.6097945324074074 0.900390625 0.60546875
1 0.7347867199074074 0.9310382824074074 0.5647656249999999 0.9187085949074074 0.5637585949074074 0.99921875 0.7419742199074074 0.9991835925925926 0.7347867199074074 0.9310382824074074
1 0.8046875 0.921875 0.8001859375 0.99921875 0.9733890625 0.99921875 0.9738921875000001 0.9281460949074074 0.8046875 0.921875
1 0.390625 0.908203125 0.20201875 0.8930132824074074 0.1890414074074074 0.99921875 0.3934328125 0.99921875 0.390625 0.908203125
1 0.25 0.306640625 0.2343671875 0.46438593749999996 0.33158906250000003 0.4636 0.34028593749999997 0.3044664074074074 0.25 0.306640625
1 0.25390625 0.1171875 0.2445375 0.2305679699074074 0.3493726574074074 0.2355117175925926 0.35405703240740743 0.11079375000000001 0.25390625 0.1171875
1 0.177734375 0.177734375 0.168159375 0.2527390625 0.22803515740740743 0.25441015509259257 0.2334976574074074 0.1729203125 0.177734375 0.177734375
1 0.2293242199074074 0.2690125 0.16015625 0.265625 0.1557390625 0.326759375 0.2251742199074074 0.3329242175925926 0.2293242199074074 0.2690125
1 0.287109375 0.04296875 0.2824398449074074 0.11175546990740741 0.3558578125 0.1160046875 0.3506320324074074 0.04960625 0.287109375 0.04296875
1 0.40625 0.00390625 0.406959375 0.023453125000000002 0.4695664074074074 0.029159375 0.4706265625 0 0.40625 0.00390625
0 0.1496890625 0 0.00390625 0.001953125 0 0.3428570324074074 0.1182171875 0.393875 0.1496890625 0
2 0.0003125 0.469803125 0.034965625 0.49555937499999997 0.03723125 0.5374453125 0.1092375 0.5457914074074074 0.11762968750000001 0.4038851550925926 0.009765625 0.359375 0.0003125 0.469803125
1 0.0353546875 0.5055999999999999 0.001953125 0.478515625 0 0.5690609375 0.026847657407407407 0.5690609375 0.0353546875 0.5055999999999999
1 0.022682032407407408 0.6237109375000001 0 0.623046875 0.0004273449074074074 0.7014843749999999 0.018524219907407408 0.6989671875 0.022682032407407408 0.6237109375000001
3 0 0.8108523449074073 0.020523437500000002 0.7774125 0.054282812500000006 0.731109375 0.0987703125 0.7344742199074075 0.11883515740740741 0.5762710949074075 0.105346875 0.5515976574074074 0.006225782407407408 0.5742796875 0 0.6195523449074074 0.03401953240740741 0.620521875 0.02984609490740741 0.6987304675925926 0 0.7047117199074074 0 0.8108523449074073
0 0 0.81640625 0.0043179699074074075 0.9181210925925926 0.0675203125 0.8974382824074074 0.08006250000000001 0.7460476574074074 0 0.81640625
3 0.1015015625 0.7634046875 0.07582109490740742 0.9093703125 0.0043414074074074075 0.9324414074074073 0.0022890625 0.9644242175925926 0.0991515625 0.9668734375 0.1015015625 0.7634046875
0 0.1359179699074074 0.8139570324074074 0.320434375 0.7939757824074074 0.30534375 0.4763796875 0.23509999999999998 0.4814070324074074 0.23114765740740742 0.3318179675925926 0.1598742199074074 0.33540312499999997 0.15141328240740742 0.399803125 0.1359179699074074 0.8139570324074074
0 0.25132734490740744 0.167778125 0.2498171875 0.08293906250000001 0.2800828125 0.08551015509259259 0.28683437500000003 0 0.166015625 0.001953125 0.16122421990740743 0.173759375 0.25132734490740744 0.167778125
0 0.328125 0.74609375 0.33291640509259257 0.8065265625 0.5088195324074074 0.8084945324074074 0.48928046990740737 0.739371875 0.328125 0.74609375
0 0.5568773449074074 0.8842007824074074 0.5045398449074073 0.8840945324074073 0.501953125 0.884765625 0.5047609375 0.99921875 0.5570523449074074 0.9991835925925926 0.5568773449074074 0.8842007824074074
0 0.556640625 0.83984375 0.5665742199074074 0.9135210949074074 0.7874218749999999 0.9209367199074074 0.7849195324074074 0.8500515625 0.556640625 0.83984375
3 0.744140625 0.93359375 0.7480851574074074 0.99921875 0.7974320300925926 0.99921875 0.7963101574074074 0.9264757800925926 0.744140625 0.93359375
0 0.794921875 0.8515625 0.7935945324074074 0.9177625 0.960990625 0.92488125 0.9588320324074074 0.8574375000000001 0.794921875 0.8515625
0 0.6171875 0.76953125 0.6181796875000001 0.8161390625 0.7491687499999999 0.8250351574074074 0.7449492175925926 0.765434375 0.7246929699074074 0.7606203125 0.724815625 0.6845546874999999 0.644203125 0.6811984375 0.6436382824074074 0.7618867199074074 0.6171875 0.76953125
0 0.99609375 0.779296875 0.9105757824074074 0.7774507824074074 0.8973234375 0.8266828125000001 0.99921875 0.8297273425925925 0.99609375 0.779296875
1 0.4916648449074074 0.0079046875 0.4855507824074074 0.135909375 0.5752492199074074 0.1273195324074074 0.5707476574074074 0.005107032407407407 0.4916648449074074 0.0079046875
1 0.4047140625 0.03319921990740741 0.389084375 0.0818679675925926 0.437209375 0.08218906249999999 0.4404453125 0.0356140625 0.4047140625 0.03319921990740741
3 0.3607390625 0.5061890625 0.466715625 0.5082890624999999 0.4935359375 0.040646875 0.448109375 0.039133592592592595 0.4490046875 0.0943179699074074 0.3904859375 0.08853125 0.3607390625 0.5061890625
2 0.5823390625 0 0.5844757824074074 0.13828046990740742 0.4932453125 0.15018671759259258 0.4743242175925926 0.5091226574074074 0.5136429699074074 0.5080296875 0.4905101550925926 0.7992882824074073 0.5307000000000001 0.7975101574074074 0.5414015625 0.5490406250000001 0.8555835949074074 0.5786085949074073 0.8545710949074073 0.5210226574074074 0.5846296875 0.506615625 0.602396875 0.2682921875 0.8576773449074074 0.2687804699074074 0.8634203125 0.0811945324074074 0.8607773449074074 0 0.5823390625 0
3 0.6166617199074074 0.281890625 0.5973757824074073 0.496265625 0.99921875 0.5352140625 0.99765625 0.004872657407407408 0.8679226574074074 0.0031617175925925923 0.8614320324074074 0.2905242175925926 0.6166617199074074 0.281890625
2 0.8600179699074074 0.545415625 0.8442890624999999 0.7619640625 0.7466554699074074 0.7610875 0.7434624999999999 0.8270226574074074 0.9380078125 0.8365945324074074 0.9327523449074073 0.7774210949074074 0.8794273449074075 0.7759265624999999 0.894353125 0.5483796875 0.8600179699074074 0.545415625