1 0.439453125 0.58203125 0.44934843750000003 0.8211515625 0.6749265625 0.7967375 0.6581039074074074 0.5622023449074074 0.439453125 0.58203125
1 0.15625 0.60546875 0.1738890625 0.8358460949074074 0.39773593749999997 0.81945 0.3765257824074074 0.5872117199074074 0.15625 0.60546875
1 0.001953125 0.62109375 0.0007703125 0.8430179699074074 0.1236265625 0.8356476550925926 0.1023023449074074 0.6023562499999999 0.001953125 0.62109375
1 0.001953125 0.90234375 0 0.99921875 0.1392898449074074 0.99921875 0.1264492199074074 0.8937453125 0.001953125 0.90234375
1 0.1796875 0.89453125 0.1836625 0.99921875 0.42314921990740745 0.99921875 0.407425 0.874275 0.1796875 0.89453125
1 0.453125 0.869140625 0.46338671990740743 0.99921875 0.7002562499999999 0.99921875 0.6776273449074074 0.8461687499999999 0.453125 0.869140625
1 0.8794585949074074 0.9704367199074073 0.8811609374999999 0.99921875 0.99921875 0.9987539074074073 0.9985257824074074 0.9555984375000001 0.8794585949074074 0.9704367199074073
1 0.9357500000000001 0.5923914074074074 0.9990476574074074 0.5884070300925925 0.99921875 0.281946875 0.9131539074074074 0.293153125 0.9108335949074075 0.294490625 0.9357500000000001 0.5923914074074074
1 0.72558125 0.2381164050925926 0.7438726574074074 0.4692835949074074 0.8315867199074073 0.4627023449074074 0.8111679699074074 0.2330625 0.72558125 0.2381164050925926
1 0.397609375 0.4234429675925926 0.4037039074074074 0.5028695324074074 0.5675578125 0.49305859490740744 0.5624070324074074 0.43273125 0.397609375 0.4234429675925926
1 0.41558046990740743 0.3088773425925926 0.39757031249999997 0.4052789074074074 0.5782414074074074 0.4129085949074074 0.5744203125 0.30226093750000005 0.41558046990740743 0.3088773425925926
1 0.3886242199074074 0.1639859375 0.40533125000000003 0.30678437499999994 0.5127585949074074 0.2961757824074074 0.5159523449074074 0.1437289074074074 0.3886242199074074 0.1639859375
1 0.5290226574074074 0.14376875 0.5328617199074074 0.1799476574074074 0.6167109375000001 0.18200078240740739 0.6101867175925926 0.1442601574074074 0.5290226574074074 0.14376875
1 0.5301460949074074 0.184203125 0.5304046875 0.27315 0.6081375 0.273540625 0.5981124999999999 0.18197890740740738 0.5301460949074074 0.184203125
1 0.5842335949074074 0.3095335949074074 0.5960742199074074 0.4820539050925926 0.6468476574074075 0.4769742199074074 0.6295648449074074 0.3030953125 0.5842335949074074 0.3095335949074074
1 0.5081710925925926 0.0034726574074074074 0.5177125 0.06788046990740741 0.6140617199074073 0.050715625 0.6124382824074074 0 0.5081710925925926 0.0034726574074074074
1 0.5969015624999999 0.14156640740740742 0.595065625 0.1265453125 0.6175796875 0.1265453125 0.6100820300925925 0.0553234375 0.5185890625 0.07176875 0.5366539074074074 0.1448992199074074 0.5969015624999999 0.14156640740740742
1 0.4212179675925926 0.09393046759259259 0.42726796990740745 0 0.39241484259259257 0.0011578125 0.389484375 0.1255234375 0.4238320324074074 0.1252203125 0.4212179675925926 0.09393046759259259
1 0.4282992175925926 0.0023148449074074074 0.4300945324074074 0.1243070324074074 0.512928125 0.1185015625 0.4915632824074074 0.0016140625 0.4282992175925926 0.0023148449074074074
1 0.4178046875 0.125528125 0.42255234259259256 0.15915156249999998 0.5106945300925926 0.14185625 0.5085828125 0.10850859259259259 0.4178046875 0.125528125
1 0.23151328240740743 0.035884375 0.23662734259259258 0.11771875 0.31872812500000003 0.10880703240740741 0.2739179699074074 0.024742969907407406 0.23151328240740743 0.035884375
1 0.37897187499999996 0.08368828009259259 0.37682343749999997 0 0.277815625 0.0011578125 0.2784398449074074 0.0342609375 0.31752109490740743 0.1055015625 0.37897187499999996 0.08368828009259259
1 0.2183007824074074 0.0927226574074074 0.2268828125 0.0023148449074074074 0.1278609375 0 0.12594375 0.033044530092592596 0.0720671875 0.034609375 0.08078515740740741 0.08696640740740741 0.08513046990740741 0.1225890625 0.19712109259259258 0.1096796875 0.2183007824074074 0.0927226574074074
1 0.12933515740740742 0.002478125 0.0176984375 0 0.0258328125 0.0295765625 0.07061171759259259 0.031253907407407404 0.1284445324074074 0.03330703240740741 0.12933515740740742 0.002478125
1 0.009260157407407408 0.0023148449074074074 0 0.1418195324074074 0.07091875 0.1336625 0.0784835949074074 0.11649843750000001 0.0711765625 0.08034687500000001 0.03796875 0.047279687499999994 0.018096094907407406 0.029396094907407407 0.009260157407407408 0.0023148449074074074
1 0.1201875 0.1274953125 0.0023148449074074074 0.15395625000000002 0.0015554699074074073 0.21697578009259258 0.11776875 0.20763828009259258 0.1201875 0.1274953125
1 0.1227015625 0.12848984490740742 0.12466015740740742 0.20698281249999997 0.18222187499999998 0.2027320324074074 0.17351250000000001 0.1223265625 0.1227015625 0.12848984490740742
1 0.1849890625 0.2063765625 0.2674835949074074 0.198146875 0.26028515740740743 0.1247546875 0.23041874999999998 0.127775 0.2295328125 0.1070703125 0.2073984375 0.10950312499999999 0.17595000000000002 0.12617499999999998 0.1849890625 0.2063765625
1 0.3752867199074074 0.1851875 0.37118046990740744 0.10283828240740742 0.31854765740740737 0.11209375 0.26359453240740743 0.1243210949074074 0.25929453009259257 0.12848984490740742 0.2679992199074074 0.2011273425925926 0.3752867199074074 0.1851875
1 0.37500625 0.2030398449074074 0.20951953240740742 0.2129921875 0.2106320300925926 0.30381093750000004 0.3830234375 0.30328671990740735 0.37500625 0.2030398449074074
1 0.12104687500000001 0.2195171875 0 0.2349859375 0.00005 0.3285539074074074 0.1255234375 0.3123078125 0.12104687500000001 0.2195171875
1 0.1227015625 0.2210953125 0.1285304699074074 0.3114757824074074 0.2018640625 0.3068453125 0.19731484490740742 0.2104234375 0.1227015625 0.2210953125
1 0.029459375 0.33656640740740745 0.0011578125 0.34148203240740743 0 0.4538203125 0.04421328240740741 0.4429992199074074 0.029459375 0.33656640740740745
1 0.031253907407407404 0.33916640740740744 0.0536546875 0.43951328240740745 0.18709609490740742 0.4150007824074074 0.1835421875 0.32292890740740743 0.031253907407407404 0.33916640740740744
1 0.18521015740740743 0.32411874999999996 0.18934374999999998 0.415484375 0.2764679699074074 0.4038679699074074 0.27551875000000003 0.3247695324074074 0.18521015740740743 0.32411874999999996
1 0.27550078240740744 0.31833046990740743 0.2780734375 0.4058445324074074 0.3833804675925926 0.40113750000000004 0.3851710925925926 0.3133703125 0.27550078240740744 0.31833046990740743
1 0.1366296875 0.47376093750000003 0.1355179675925926 0.45291640509259257 0.114653125 0.4554132824074074 0.11574453240740741 0.4323101574074074 0.055584375000000005 0.4407054675925926 0.06266171759259259 0.48366093750000005 0.1366296875 0.47376093750000003
1 0.007940625 0.46055703240740736 0.0111046875 0.490546875 0.04510546990740741 0.486746875 0.04498125 0.4442109375 0.007940625 0.46055703240740736
1 0.1826351550925926 0.4235007824074074 0.1831570324074074 0.4489359375 0.20382031250000002 0.44556484490740744 0.20248671990740738 0.4206109375 0.1826351550925926 0.4235007824074074
1 0.22101484490740742 0.41953046990740744 0.22182656250000002 0.44855859259259256 0.2577609375 0.4464078125 0.2515929699074074 0.41576718749999997 0.22101484490740742 0.41953046990740744
1 0.2752757824074074 0.4129132824074074 0.2769921875 0.44255625000000004 0.302075 0.44255625000000004 0.2991179699074074 0.40825 0.2752757824074074 0.4129132824074074
1 0.3070382824074074 0.4129132824074074 0.30848593750000003 0.44525468749999997 0.33023437499999997 0.44459296990740743 0.3303382824074074 0.40760937500000005 0.3070382824074074 0.4129132824074074
1 0.6122257824074074 0.2831234375 0.583425 0.2864476574074074 0.5840664074074075 0.3006328125 0.6522234374999999 0.2963320324074074 0.6493546875 0.1978390625 0.6034890625 0.19851640740740742 0.6122257824074074 0.2831234375
1 0.6140765625 0.0026468750000000004 0.6156117175925926 0.034316405092592595 0.6549945324074073 0.033168750000000004 0.6525593749999999 0.0037742199074074076 0.6140765625 0.0026468750000000004
3 0.8020046875 0.0026468750000000004 0.7412976574074074 0.1807273449074074 0.7454226550925925 0.2004601574074074 0.8013898449074075 0.1941421875 0.8035453124999999 0.1580164050925926 0.8145625000000001 0.10065937500000001 0.8506984375000001 0.011486719907407407 0.86519375 0 0.8020046875 0.0026468750000000004
0 0.6560648449074074 0.0034070300925925926 0.6590734374999999 0.0039703125 0.6600453125 0.0455296875 0.6152812499999999 0.043528907407407405 0.6236507824074075 0.125825 0.6060218749999999 0.127965625 0.6196546875000001 0.2015296875 0.7452523449074073 0.198459375 0.7974039074074075 0 0.6560648449074074 0.0034070300925925926
0 0.6259875 0.2996867199074074 0.6409171874999999 0.5008703125 0.75375625 0.4992679699074074 0.7205203124999999 0.1981953125 0.649809375 0.2038101574074074 0.6625421875 0.29570625 0.6259875 0.2996867199074074
0 0.217375 0.42855703240740745 0.2081625 0.4275695300925926 0.20712343749999998 0.45801875000000003 0.1819007824074074 0.4606039050925926 0.18159062499999998 0.4335148449074074 0.1393179699074074 0.4363734375 0.1473203125 0.4824148425925926 0 0.49761328240740743 0.0008375 0.5597273449074074 0.40301875 0.5294695324074075 0.39460234490740737 0.4059703125 0.3412203125 0.4138179699074074 0.3412617175925926 0.45530468749999997 0.2228757824074074 0.46710234490740743 0.217375 0.42855703240740745
1 0.9568476574074074 0.1905757824074074 0.9714625 0.2595289074074074 0.99921875 0.26014375 0.9970570300925926 0.17583125000000002 0.9568476574074074 0.1905757824074074
4 0.9435617199074074 0.0620671875 0.9881785324074074 0.08371795833333334 0.9780226550925926 0.005293750000000001 0.9435617199074074 0.0620671875
4 0.938009375 0.08448828240740741 0.9143007824074074 0.1362421875 0.90904375 0.1889421875 0.914471875 0.2660992199074074 0.9698546874999999 0.2653601574074074 0.9561804699074073 0.18813046759259258 0.99921875 0.16897109490740742 0.9888026574074075 0.08853747453703704 0.9806335949074074 0.106025 0.938009375 0.08448828240740741
3 0.7217039074074074 0.6156171874999999 0.7425742199074074 0.8002164074074074 0.8134195324074075 0.7977296875 0.8032148449074074 0.6471984375 0.7217039074074074 0.6156171874999999
3 0.845678125 0.702746875 0.873078125 0.915696875 0.99921875 0.9065929699074075 0.99921875 0.7917429699074074 0.845678125 0.702746875
3 0.7517140625000001 0.8496484375000001 0.7563617199074074 0.9279640625 0.8292023449074074 0.9264445324074074 0.8225546874999999 0.8402554699074074 0.7517140625000001 0.8496484375000001
0 0.8048273449074074 0.5320851574074075 0.7843140624999999 0.4936015625 0.6458390625 0.5042304675925926 0.6649929699074074 0.5731476574074074 0.7330617175925925 0.6198507824074073 0.8048273449074074 0.5320851574074075
0 0.7225984375000001 0.2091039074074074 0.7263929699074074 0.2346054699074074 0.8248242199074075 0.226334375 0.8218000000000001 0.1901414074074074 0.7225984375000001 0.2091039074074074
0 0.8324289074074074 0.46180859490740744 0.7508867175925926 0.46778984490740744 0.7508867175925926 0.49675546990740743 0.8599312499999999 0.4863078125 0.8303242199074075 0.1854421875 0.8162890625 0.2338765625 0.8152390625 0.2316023449074074 0.8324289074074074 0.46180859490740744
0 0.8642070324074075 0.005293750000000001 0.8306140624999999 0.0711609375 0.8103281250000001 0.12229453240740741 0.8050859375 0.18878671990740742 0.8380015625 0.18790234259259259 0.8362234374999999 0.11362421759259259 0.8576203125 0.05116953240740741 0.8933585949074073 0 0.8642070324074075 0.005293750000000001
0 0.9422898449074074 0 0.9202773449074074 0.029446875 0.9078953125 0.06866875 0.8868859375 0.10705390509259259 0.8764226550925925 0.16567265740740741 0.8806671875 0.21580859490740742 0.8802484375 0.2680015625 0.8816281250000001 0.2958203125 0.883065625 0.32883359490740743 0.886446875 0.3967734375 0.892878125 0.4564265625 0.896884375 0.49968671990740743 0.8973703125 0.5430242199074075 0.9037859374999999 0.6098265624999999 0.9204015624999999 0.6598539074074075 0.9523343750000001 0.6862398425925925 0.9809281249999999 0.7091109375 0.99921875 0.7272460949074074 0.99921875 0.702984375 0.9716125 0.6731554699074074 0.9545265625 0.6492765625 0.9348609375 0.6070820324074074 0.90715625 0.2019484375 0.904003125 0.15055156249999999 0.9269101550925926 0.0880453125 0.9483429699074074 0.04139921990740741 0.9753289074074074 0 0.9422898449074074 0
4 0.9979156250000001 0.62434375 0.9502304699074074 0.6299578124999999 0.99921875 0.6997484374999999 0.9979156250000001 0.62434375
0 0.41881718749999997 0.1274125 0.37188671990740746 0.129696875 0.38152812500000005 0.16068984490740743 0.42009375 0.16034843750000002 0.41881718749999997 0.1274125
3 0.2302789074074074 0.0013234375000000002 0.2301859375 0.0298390625 0.283965625 0.0232171875 0.2807765625 0 0.2302789074074074 0.0013234375000000002
0 0.119109375 0.8562656249999999 0.1207898449074074 0.8950851574074074 0.1922398449074074 0.8874757824074074 0.1922398449074074 0.8494835949074074 0.119109375 0.8562656249999999
0 0.3943851574074074 0.83244375 0.3935476550925926 0.8707359375 0.48171171990740735 0.8582304699074074 0.4782328125 0.8209882824074074 0.3943851574074074 0.83244375
3 0.6617203125000001 0.57834375 0.6815875 0.8102710925925926 0.71346875 0.8102710925925926 0.6884679699074074 0.5671921875 0.6617203125000001 0.57834375
3 0.6855421875 0.8549421875 0.6975 0.99921875 0.7393124999999999 0.99921875 0.7139960949074073 0.8410312499999999 0.6855421875 0.8549421875