1 0.880859375 0 0.8686601574074074 0.028304687499999998 0.9165195324074075 0.0438921875 0.928703125 0 0.880859375 0
1 0.84765625 0.05859375 0.833603125 0.1041640625 0.8651351574074074 0.1254578125 0.8908843750000001 0.0702898449074074 0.84765625 0.05859375
1 0.8545515625 0.1176757824074074 0.83811875 0.1463210925925926 0.8767335949074074 0.1753070324074074 0.8940273449074074 0.1367765625 0.8545515625 0.1176757824074074
1 0.8607125000000001 0.169990625 0.8270320324074073 0.1431015625 0.7994625 0.18935703240740742 0.8446203124999999 0.2108242199074074 0.8607125000000001 0.169990625
1 0.80799375 0.19473593749999998 0.7828531249999999 0.24304609490740742 0.8158234375 0.2720617199074074 0.8479195324074075 0.20852109490740742 0.80799375 0.19473593749999998
1 0.7564984375 0.20863046990740738 0.712803125 0.1883859375 0.7111640625 0.18720468750000002 0.6903140624999999 0.2292742199074074 0.7372164050925926 0.2522835949074074 0.7564984375 0.20863046990740738
1 0.6603492199074075 0.1630101574074074 0.6915078125 0.1385 0.65925625 0.1032179699074074 0.6347757824074074 0.12695546990740741 0.6363640625 0.129371875 0.6603492199074075 0.1630101574074074
1 0.6466101550925926 0.1463210925925926 0.6272320324074074 0.163128125 0.6462445324074074 0.19114687500000002 0.6718390624999999 0.16611171759259258 0.6466101550925926 0.1463210925925926
1 0.6130851574074073 0.22037265740740739 0.6488335925925925 0.19290000000000002 0.6255335949074073 0.16791874999999998 0.6108874999999999 0.18353203009259259 0.6010109375 0.20140624999999998 0.6130851574074073 0.22037265740740739
1 0.757065625 0.2559484375 0.6843382824074075 0.22895468749999998 0.683190625 0.2291648449074074 0.6666148449074074 0.2553429699074074 0.7444281249999999 0.28599375 0.757065625 0.2559484375
1 0.6622945324074074 0.2518554699074074 0.6541414074074074 0.27542812499999997 0.7367164050925926 0.31516015740740744 0.7499125 0.2870398449074074 0.6622945324074074 0.2518554699074074
1 0.7445078125 0.31972890509259255 0.62616875 0.27542812499999997 0.5941398449074073 0.31504687499999995 0.7230445300925926 0.36585781250000005 0.7445078125 0.31972890509259255
1 0.579946875 0.37009375000000005 0.5444007824074074 0.33029843750000004 0.5164273449074074 0.3643070324074074 0.5496039074074074 0.401925 0.579946875 0.37009375000000005
1 0.5530078125 0.4023828125 0.5757609375 0.4398625 0.6092734375 0.4057578125 0.5797578125 0.3734515625 0.5530078125 0.4023828125
1 0.6031835949074074 0.48114140740740746 0.6407851574074074 0.44883125 0.6127742199074073 0.40806093749999994 0.577753125 0.4421914074074074 0.5773664074074074 0.44463671990740744 0.6031835949074074 0.48114140740740746
1 0.5938914074074074 0.5293382824074074 0.513225 0.48159140740740736 0.4808976574074074 0.5236476574074074 0.5689820324074074 0.5713695300925926 0.5938914074074074 0.5293382824074074
1 0.6453874999999999 0.5602789074074074 0.59604375 0.5314898449074074 0.567515625 0.57035625 0.613228125 0.609340625 0.6453874999999999 0.5602789074074074
1 0.4554632824074074 0.5409164074074074 0.43143203009259257 0.5756015625 0.4613804699074074 0.5940804699074074 0.4846554699074074 0.5604882800925926 0.4554632824074074 0.5409164074074074
1 0.4816 0.5658390625 0.46048125 0.6046507800925925 0.5122039050925926 0.6419367199074074 0.5390085949074074 0.6022804675925926 0.4816 0.5658390625
1 0.5414296875 0.5985695324074074 0.5196554699074074 0.638003125 0.5771523449074074 0.6809382824074075 0.6013601574074074 0.6378015625000001 0.5414296875 0.5985695324074074
1 0.4080359375 0.6526578125 0.39162421990740737 0.6874945324074074 0.42000468750000003 0.7019765625 0.44483046990740743 0.6677328125 0.4080359375 0.6526578125
1 0.4030726550925926 0.6912093749999999 0.3830171875 0.7251507824074074 0.40294609259259256 0.7435453125 0.42735546990740736 0.7052124999999999 0.4030726550925926 0.6912093749999999
1 0.46484375 0.7222046875000001 0.42820468749999996 0.7079359375000001 0.406396875 0.7434109375 0.43708046759259256 0.7622640625 0.46484375 0.7222046875000001
1 0.48820625 0.730853125 0.4669367199074074 0.7229984375 0.4314367199074074 0.7707242199074074 0.451828125 0.7815796875 0.48820625 0.730853125
1 0.520134375 0.7146648425925926 0.4968890625 0.7079109375 0.48415078240740744 0.728378125 0.4855851481481481 0.726904425925926 0.474825 0.7411460949074075 0.496065625 0.7549726574074074 0.520134375 0.7146648425925926
1 0.5149859375 0.7619320324074074 0.5561554699074074 0.7107437499999999 0.5283171875 0.6925585949074075 0.5196554699074074 0.7079359375000001 0.5018695324074074 0.7421421875 0.5149859375 0.7619320324074074
1 0.5594632824074074 0.7757171875 0.5034414074074074 0.8086453124999999 0.5116070324074075 0.831196875 0.5715289074074074 0.7933437499999999 0.5594632824074074 0.7757171875
1 0.21883906250000001 0.5453757824074074 0.20549531249999997 0.5949679675925926 0.2255 0.60381875 0.24488281250000002 0.5520117199074074 0.21883906250000001 0.5453757824074074
1 0.2082648449074074 0.5403703125 0.2011914050925926 0.5637664074074075 0.2116859375 0.5698859374999999 0.22334374999999998 0.5437539074074075 0.2082648449074074 0.5403703125
1 0.2582429699074074 0.45516093750000003 0.24207578240740743 0.4938335949074074 0.26284921990740745 0.506375 0.2833921875 0.466415625 0.2582429699074074 0.45516093750000003
1 0.6680234374999999 0.38402031249999996 0.65005625 0.3992945324074074 0.6488226574074074 0.3982710925925926 0.669653125 0.428684375 0.6888093750000001 0.41102890740740744 0.6680234374999999 0.38402031249999996
1 0.6945445324074073 0.4673960949074074 0.6724898449074074 0.4358125 0.6485132800925926 0.471840625 0.6728187499999999 0.4910453125 0.6945445324074073 0.4673960949074074
1 0.6716742199074074 0.4292835949074074 0.6985710949074074 0.4790359375 0.7338875 0.4473054699074074 0.6907187499999999 0.4065375 0.6716742199074074 0.4292835949074074
1 0.7174726574074074 0.5348382824074074 0.6749382824074074 0.5990382800925926 0.7084539074074074 0.6251421875 0.750471875 0.55519375 0.7174726574074074 0.5348382824074074
1 0.7788640625 0.5865890625 0.7541031250000001 0.5900609375 0.7595453125 0.6622984375000001 0.7886453125 0.6561804699074074 0.7788640625 0.5865890625
1 0.8068453124999999 0.36948671990740745 0.7761382824074075 0.41867421990740744 0.8106132824074074 0.44330156249999997 0.844415625 0.39078828240740743 0.8068453124999999 0.36948671990740745
1 0.8210257824074074 0.434996875 0.7991625 0.47011875 0.8346578125 0.4960851574074074 0.8601296875000001 0.454759375 0.8210257824074074 0.434996875
1 0.8434117199074074 0.3988859375 0.82510625 0.43336406250000004 0.8559726574074075 0.4549851550925926 0.8803507800925926 0.4119828125 0.8434117199074074 0.3988859375
1 0.9001070324074075 0.4345695324074074 0.8765226574074073 0.42520312499999996 0.8570148449074074 0.4495851574074074 0.8830515624999999 0.4619101574074074 0.9001070324074075 0.4345695324074074
1 0.8904414074074074 0.553915625 0.8911835925925926 0.5225968750000001 0.8657790138888889 0.5198127361111111 0.8614367175925927 0.5443703125 0.8904414074074074 0.553915625
1 0.8830515624999999 0.5541515625 0.8490898449074074 0.5424039074074074 0.8501382800925925 0.5660015625 0.8858085949074074 0.5718796875 0.8830515624999999 0.5541515625
1 0.8832742175925925 0.5993320324074074 0.8889843749999999 0.57275625 0.8515570300925925 0.568303125 0.8357156250000001 0.5794515625 0.84299375 0.6151539074074074 0.8832742175925925 0.5993320324074074
1 0.8373484375000001 0.6610640625 0.8520476574074074 0.6875914074074074 0.8904445324074074 0.6626070324074074 0.8731335949074074 0.6367523449074075 0.8373484375000001 0.6610640625
1 0.8718039074074073 0.72009375 0.9078632824074074 0.6913914050925926 0.8890164074074074 0.6627953125 0.8553031249999999 0.6912609375000001 0.8549015625 0.6920226574074073 0.8718039074074073 0.72009375
1 0.8846835925925925 0.7549187500000001 0.8659257824074075 0.7693195324074075 0.929171875 0.8590390625 0.9531140625 0.8440617175925925 0.8846835925925925 0.7549187500000001
1 0.7402289074074074 0.7704257800925925 0.7508929699074074 0.7900984375 0.7849562499999999 0.7597203125 0.7734539074074074 0.7406015625 0.7402289074074074 0.7704257800925925
1 0.7320515625 0.901809375 0.7526492199074073 0.8580953125 0.7246585949074074 0.8373132800925925 0.6904070324074074 0.8811578124999999 0.7220796875 0.9128273449074074 0.7320515625 0.901809375
1 0.7336999999999999 0.90671875 0.7647445324074075 0.9361570324074074 0.8050054675925926 0.891978125 0.7566757824074074 0.8524882824074075 0.7336999999999999 0.90671875
1 0.9091515625 0.9413539074074074 0.8536710949074074 0.9834351574074075 0.8585484375 0.99921875 0.9420484375 0.99921875 0.9091515625 0.9413539074074074
1 0.944178125 0.715684375 0.9301351574074075 0.7323289050925926 0.9417648449074074 0.7609351574074075 0.9712031250000001 0.7106476574074074 0.9425937499999999 0.6895460949074074 0.9273132824074074 0.7050109375 0.944178125 0.715684375
1 0.9723539074074075 0.7572242175925926 0.9949054699074075 0.719003125 0.955878125 0.6907226574074073 0.952546875 0.6969929675925925 0.9736414074074075 0.7116640625 0.95698125 0.743059375 0.9723539074074075 0.7572242175925926
1 0.99921875 0.7631757824074074 0.99921875 0.7360203125 0.991921875 0.7299796875 0.9752742199074075 0.7557351574074075 0.9934585949074074 0.7718125 0.99921875 0.7631757824074074
1 0.9426289074074075 0.5533351574074074 0.9377382824074074 0.6056664074074075 0.99921875 0.6210421875000001 0.99921875 0.5489484375 0.9426289074074075 0.5533351574074074
2 0 0.995315625 0.1222226550925926 0.99921875 0.4151382800925926 0.99921875 0.4678875 0.8621140625 0.43679843749999997 0.8078921875 0.326171875 0.759765625 0.2681960949074074 0.6898273449074074 0.2155304699074074 0.6636507800925926 0.1691742199074074 0.7050476574074074 0.12703671990740742 0.74595625 0.0514523425925926 0.7527921875 0 0.7314984375 0 0.995315625
3 0.092575 0.0447921875 0.009765625 0.001953125 0 0.2039335949074074 0.08130625 0.27468906249999997 0.1154171875 0.24620781249999998 0.1555484375 0.1839679699074074 0.1685335949074074 0.1255414074074074 0.153725 0.07575234259259259 0.092575 0.0447921875
3 0.240509375 0.13685624999999998 0.2878265625 0.14244062500000002 0.3433382824074074 0.07321171990740741 0.3974148425925926 0 0.28125 0.00390625 0.22566953240740742 0.09238437499999999 0.240509375 0.13685624999999998
2 0.1964492199074074 0.5838546875 0.2005617199074074 0.53249375 0.2261734375 0.5330578125000001 0.224990625 0.3678132824074074 0.13496406249999998 0.24523124999999998 0.08363359490740742 0.2881164074074074 0.00390625 0.21875 0.0033109375 0.7115328125 0.048858594907407404 0.7348023449074075 0.1026992199074074 0.7396242199074075 0.137946875 0.7092132824074073 0.1804351550925926 0.6751632824074074 0.2163242175925926 0.64981875 0.1964492199074074 0.5838546875
3 0.2785335949074074 0.449425 0.3607789074074074 0.49756640740740743 0.4370882800925926 0.5560226550925926 0.5112992175925926 0.4854890625 0.5443265625 0.4717789050925926 0.4814453125 0.36134375 0.5235445300925926 0.3166046875 0.6136398449074074 0.26336640509259257 0.5540164074074074 0.1801375 0.6068421875 0.1300734375 0.6442492199074074 0.0884703125 0.5496445324074074 0 0.40499843750000003 0.006332032407407407 0.2849125 0.15839375 0.21484375 0.142578125 0.1987078125 0.1063234375 0.1685945300925926 0.1063234375 0.1685945300925926 0.16095 0.1318359375 0.2377703125 0.1935046875 0.31239296990740745 0.2336273449074074 0.3648453125 0.2336273449074074 0.4182890625 0.2785335949074074 0.449425
3 0.291015625 0.46484375 0.2585757800925926 0.5537414074074074 0.2428890625 0.619346875 0.26747890740740743 0.667259375 0.3070679699074074 0.7267609375 0.3544085925925926 0.7505648425925926 0.39672109490740737 0.6585539074074075 0.4361953125 0.5583804699074074 0.291015625 0.46484375
2 0.7263335949074075 0.7718125 0.7631226574074075 0.7320710949074074 0.7932890625 0.759971875 0.808990625 0.7074507824074074 0.8059695324074073 0.6646578125 0.7575226574074074 0.674484375 0.7393875 0.5998992199074074 0.7137296875 0.6311796875 0.666290625 0.6019054699074075 0.64038125 0.645309375 0.6117328125 0.738990625 0.58998125 0.82611875 0.552284375 0.853515625 0.494003125 0.8744124999999999 0.4539640625 0.9265976574074074 0.43359375 0.99609375 0.7165296875 0.99921875 0.737053125 0.9530484375 0.6593929699074074 0.8817445324074074 0.6815945324074074 0.8453828125 0.7075273449074074 0.795128125 0.7453765625000001 0.8015367199074075 0.7263335949074075 0.7718125
3 0.763671875 0.806640625 0.81920625 0.9026031250000001 0.7399828125 0.9431078125 0.714134375 0.9984210949074074 0.8274078125000001 0.9988023449074075 0.9078828125 0.9476546874999999 0.8136671875 0.7460710949074074 0.763671875 0.806640625
3 0.8966976550925926 0.8820039074074074 0.951171875 0.994140625 0.99921875 0.99921875 0.99921875 0.8486710949074074 0.8966976550925926 0.8820039074074074
3 0.8740078124999999 0 0.5859375 0.001953125 0.780403125 0.2243039050925926 0.8740078124999999 0
1 0.8918835949074074 0.3068234375 0.86151875 0.2956164074074074 0.8601148449074074 0.2941210949074074 0.8366242175925926 0.35256953009259256 0.8610765625 0.3712921875 0.8918835949074074 0.3068234375
1 0.935546875 0.125 0.8984148449074074 0.1848601574074074 0.937690625 0.20677968749999998 0.9725421875 0.1367414074074074 0.935546875 0.125
1 0.892578125 0.20703125 0.8637007824074074 0.28169218749999997 0.8892515625 0.30461875 0.929359375 0.2345960949074074 0.892578125 0.20703125
1 0.99921875 0.25963593749999997 0.990234375 0.201171875 0.9691085949074074 0.2452164074074074 0.99921875 0.25963593749999997
1 0.99921875 0.10581171759259259 0.990234375 0.01171875 0.9633179699074075 0.08071875 0.99921875 0.10581171759259259
1 0.9676898449074074 0.35729218749999997 0.92578125 0.39453125 0.9565585949074075 0.4604335949074074 0.99921875 0.4157335949074074 0.9676898449074074 0.35729218749999997
2 0.9043273449074074 0.4049375 0.9464718750000001 0.3426515625 0.99921875 0.2963484375 0.99921875 0.259453125 0.93359375 0.234375 0.8646695324074074 0.36598203240740745 0.9043273449074074 0.4049375
2 0.974609375 0.14453125 0.9363710949074074 0.2132492199074074 0.9713367175925925 0.2380375 0.99921875 0.1482773449074074 0.974609375 0.14453125
3 0.657821875 0.3777234375 0.7356875 0.44663203240740745 0.7681882824074074 0.3923648425925926 0.578125 0.314453125 0.58984375 0.3660125 0.657821875 0.3777234375
3 0.8672484374999999 0.12276484490740741 0.8947375 0.1379851574074074 0.9409335949074075 0.045646874999999996 0.8924101574074074 0.046188282407407404 0.8939820324074075 0.05576328009259259 0.8672484374999999 0.12276484490740741
0 0.9037859374999999 0.5418164074074073 0.9781875 0.5350265625 0.9824445324074075 0.4942242199074074 0.912109375 0.458984375 0.873825 0.4865796875 0.9037859374999999 0.5418164074074073
0 0.7609867199074074 0.43148828240740744 0.708984375 0.494140625 0.7689515625 0.5803601574074074 0.8346632824074075 0.5357054699074074 0.7609867199074074 0.43148828240740744
0 0.7713773449074074 0.394065625 0.8247601574074074 0.36891171990740745 0.8540265625000001 0.3167421875 0.76953125 0.275390625 0.7325515625 0.34465 0.7713773449074074 0.394065625
0 0.5990445324074074 0.7048796875 0.43359375 0.599609375 0.4168546875 0.6411515625 0.5660554699074074 0.7275999999999999 0.5990445324074074 0.7048796875
3 0.698646875 0.1454085949074074 0.611328125 0.236328125 0.6318359375 0.26804374999999997 0.73741875 0.180221875 0.698646875 0.1454085949074074