1 0.0495296875 0.4903335925925926 0.001953125 0.53515625 0.00304375 0.6458359375 0.0919875 0.5414882824074074 0.0495296875 0.4903335925925926
1 0.2744976574074074 0.5072710949074074 0.142578125 0.556640625 0.1601640625 0.6224820324074074 0.296096875 0.5731734375 0.2744976574074074 0.5072710949074074
1 0.252815625 0.663284375 0.11328125 0.7109375 0.147590625 0.7811734375 0.2662734375 0.7684632824074074 0.252815625 0.663284375
1 0 0.8717804675925926 0.09807578240740741 0.8160632800925925 0.0598453125 0.7448273449074074 0 0.779296875 0 0.8717804675925926
1 0.1751859375 0.8316804675925925 0.064453125 0.9140625 0.09603125 0.9708859375000001 0.210609375 0.8995820324074074 0.1751859375 0.8316804675925925
1 0.318359375 0.658203125 0.375328125 0.7309109375 0.47716484259259256 0.6693421875 0.4414828125 0.5851898449074073 0.318359375 0.658203125
1 0.4256945324074074 0.5205945324074074 0.4273578125 0.5211617199074075 0.5230835949074074 0.5768679699074074 0.58515 0.5009632800925926 0.5169617199074074 0.4481117175925926 0.4951007824074074 0.48626796990740745 0.45795625 0.4655609375 0.4256945324074074 0.5205945324074074
1 0.4187570324074074 0.7864 0.2792773449074074 0.8052953125000001 0.2918023449074074 0.8796742199074075 0.4157070324074074 0.8642109375000001 0.4187570324074074 0.7864
1 0.36658359490740744 0.9331828125 0.24706875 0.9578187499999999 0.2353335949074074 0.9972929699074073 0.3659695324074074 0.99921875 0.36658359490740744 0.9331828125
1 0.531440625 0.8622351574074074 0.4182914074074074 0.9325843749999999 0.4537460949074074 0.9895828125 0.5678804699074074 0.9190906249999999 0.531440625 0.8622351574074074
1 0.6692679675925925 0.7155320324074075 0.5897367199074074 0.8229195324074075 0.6411054675925926 0.8757609375000001 0.7314726574074074 0.76256875 0.6692679675925925 0.7155320324074075
1 0.8217335949074075 0.6350625 0.7741140625 0.6981937500000001 0.8383671874999999 0.765153125 0.8939835949074074 0.6871625 0.8217335949074075 0.6350625
1 0.6684210925925925 0.5152671875 0.6060046874999999 0.5924476550925926 0.7151085949074074 0.675940625 0.7756234375 0.6069687500000001 0.6684210925925925 0.5152671875
1 0.8152250000000001 0.444415625 0.7619125000000001 0.5246617199074074 0.81161875 0.578928125 0.8803257824074074 0.4871414074074074 0.8152250000000001 0.444415625
1 0.682465625 0.3570242199074074 0.6249851550925926 0.436540625 0.6880578125 0.4991890625 0.76086875 0.4053851574074074 0.682465625 0.3570242199074074
1 0.811528125 0.3016046875 0.7795367199074074 0.3538421875 0.81511875 0.38770859490740744 0.8581578125 0.33339453240740746 0.811528125 0.3016046875
1 0.8553507800925926 0.2582695324074074 0.8239523449074073 0.2992 0.8549851574074074 0.33997187500000003 0.8925273449074075 0.29629296990740744 0.8553507800925926 0.2582695324074074
1 0.9117085949074074 0.21786796759259258 0.8663023449074074 0.2602976574074074 0.8911554699074075 0.29832109490740744 0.9348562499999999 0.2672875 0.9117085949074074 0.21786796759259258
1 0.9740023449074073 0.204109375 0.9245984375 0.2209820324074074 0.9358835949074075 0.26180703240740744 0.984715625 0.2432023425925926 0.9740023449074073 0.204109375
1 0.928665625 0.103034375 0.93125 0.1618859375 0.99604375 0.16317812499999998 0.9980132824074074 0.1054703125 0.928665625 0.103034375
1 0.8260703125 0.048202342592592595 0.8012281250000001 0.1043898425925926 0.835946875 0.127453125 0.8745429699074074 0.06396718750000001 0.8260703125 0.048202342592592595
1 0.8004023449074075 0.1141023425925926 0.8071062499999999 0.0727953125 0.7733515625 0.06772734490740741 0.6995492199074074 0.1748875 0.7422382824074073 0.2122539074074074 0.8004023449074075 0.1141023425925926
1 0.630259375 0.1949851550925926 0.6100718749999999 0.2264046875 0.6526609375 0.2780328125 0.6800242199074075 0.2355453125 0.630259375 0.1949851550925926
1 0.5121695324074074 0.7972671875 0.613228125 0.6888414074074075 0.5558804699074075 0.642571875 0.46907734490740743 0.7510664074074074 0.4696335925925926 0.7540007824074074 0.5121695324074074 0.7972671875
1 0.9367523425925925 0.3289515625 0.9042625 0.3741773449074074 0.9382296875 0.40638125 0.9818453125 0.36064687500000003 0.9367523425925925 0.3289515625
1 0.9853296874999999 0.3018640625 0.9571351574074074 0.3280835925925926 0.9784929699074074 0.3592382824074074 0.99921875 0.322596875 0.9853296874999999 0.3018640625
1 0.6170781249999999 0.998796875 0.5874007824074075 0.9808289074074075 0.5761789074074074 0.9937398449074074 0.6170781249999999 0.998796875
1 0.937021875 0.7548476574074073 0.8920609374999999 0.8269867199074074 0.91848125 0.8508335949074074 0.9692734375000001 0.7794570324074074 0.937021875 0.7548476574074073
1 0.9381554699074074 0.4974421875 0.8595242199074073 0.5748234375 0.933171875 0.6311171875 0.99921875 0.5485617199074074 0.9381554699074074 0.4974421875
1 0.563596875 0.2572414074074074 0.52330625 0.30368046990740744 0.5947882800925925 0.32741093750000005 0.6214632824074073 0.29701328240740743 0.563596875 0.2572414074074074
1 0.5449976550925926 0.31994921990740743 0.548159375 0.36635546990740736 0.5895882824074073 0.3817820324074074 0.6053484374999999 0.3282 0.5449976550925926 0.31994921990740743
1 0.602790625 0.2320445324074074 0.5843132824074074 0.2562304699074074 0.6215742175925926 0.29746328240740744 0.6450773425925925 0.2686015625 0.602790625 0.2320445324074074
1 0.12499062500000001 0 0.04609453240740741 0.012201562499999999 0.09751093749999999 0.04375390740740741 0.12499062500000001 0
1 0.06156328240740741 0.04866796990740741 0.039315625 0.0908328125 0.0732984375 0.1071859375 0.101875 0.0644601574074074 0.06156328240740741 0.04866796990740741
1 0.146253125 0.019636719907407407 0.1621507824074074 0.0440609375 0.18632656250000001 0.015272655092592593 0.15716249999999998 0 0.1247257824074074 0.016268750000000002 0.1394796875 0.030948437500000002 0.146253125 0.019636719907407407
1 0.18910625 0.02102421990740741 0.15861875 0.06100703240740741 0.18152265740740742 0.0828890625 0.2175234375 0.040554687500000006 0.18910625 0.02102421990740741
1 0.278303125 0.22991015740740742 0.22911562500000002 0.20200156249999998 0.2104007824074074 0.22217890740740742 0.2568867199074074 0.25737421990740744 0.278303125 0.22991015740740742
1 0.3054117199074074 0.1445742199074074 0.2630085949074074 0.2114914074074074 0.279828125 0.23147812499999998 0.3330875 0.1595453125 0.3054117199074074 0.1445742199074074
1 0.3086640625 0.0434625 0.2996132824074074 0.0677859375 0.31926015740740743 0.1035265625 0.3619023449074074 0.06449218749999999 0.3086640625 0.0434625
1 0.32020312500000003 0.01228125 0.31317031250000005 0.0366046875 0.34566015509259257 0.06343828009259259 0.3727476574074074 0.030630469907407407 0.32020312500000003 0.01228125
1 0.3003265625 0.0847390625 0.2765195324074074 0.004253907407407408 0.2422148449074074 0.1106296875 0.3003265625 0.0847390625
1 0.1563726574074074 0.0633796875 0.144640625 0.082246875 0.15977968750000002 0.1096109375 0.18129375 0.0819476574074074 0.1563726574074074 0.0633796875
3 0.7587828125 0.99921875 0.99921875 0.99921875 0.99921875 0.7254476574074075 0.9338617199074074 0.8773945324074075 0.8726695324074074 0.8284828125 0.7544007824074074 0.99546875 0.7587828125 0.99921875
3 0.6521296875 0.7216140625 0.6672523449074075 0.707040625 0.749121875 0.7689750000000001 0.6483414050925925 0.9015179699074074 0.5681992199074074 0.8169062500000001 0.5317679699074074 0.850828125 0.5879132824074074 0.925109375 0.464421875 0.9949148449074074 0.5668421874999999 0.9989750000000001 0.5980062500000001 0.9679226574074073 0.6637515625 0.99921875 0.8325820300925926 0.7925273425925925 0.6452835949074074 0.6653632800925926 0.6521296875 0.7216140625
3 0.27466874999999996 0.80838125 0.189696875 0.8320226574074074 0.2257023449074074 0.9058164050925925 0.1016507824074074 0.9772117175925926 0.05758046990740741 0.9197367175925926 0.11891093750000001 0.8523179699074075 0.1770234375 0.8238078125 0.1694898449074074 0.8043757824074075 0.1269757824074074 0.822871875 0.1048804699074074 0.8062703125 0.1080820300925926 0.8249046875 0.0014179699074074073 0.8862796875 0 0.99921875 0.2310976574074074 0.994865625 0.2457265625 0.9460039074074075 0.3610921875 0.9274804675925926 0.4298234375 0.8635242175925926 0.30453671990740744 0.8905335949074074 0.2777984375 0.8926218749999999 0.27466874999999996 0.80838125
2 0.08003125000000001 0.7476820324074075 0.1407578125 0.60375 0.09818906250000001 0.5347585949074074 0.004253907407407408 0.6551375 0 0.7599789074074074 0.08003125000000001 0.7476820324074075
3 0.4825976574074074 0.0778734375 0.335625 0.1780320324074074 0.2677914074074074 0.2628476574074074 0.20439921759259258 0.23521406250000002 0.18334218749999998 0.2588882824074074 0.1493226574074074 0.2263867199074074 0.1559445324074074 0.1865765625 0.11427343749999999 0.1865765625 0.12209296990740741 0.129821875 0.00390625 0.119140625 0 0.5243453125 0.095046875 0.4477007824074074 0.29441093749999997 0.5014421875 0.40279375 0.5463335949074074 0.5133359375 0.35681953240740744 0.46395859490740743 0.3351742199074074 0.6153414074074074 0.1761320324074074 0.4825976574074074 0.0778734375
2 0.4659421875 0.7297820324074074 0.4241867175925926 0.7130734375000001 0.3785015625 0.7435453125 0.3076328125 0.6595992199074074 0.263671875 0.669921875 0.2796328125 0.7810742175925925 0.357040625 0.7481539074074074 0.36012265740740745 0.7753070324074074 0.43038906250000003 0.7742312499999999 0.4361804699074074 0.8584820324074074 0.532959375 0.8079984375 0.47205390740740744 0.7697984375 0.4659421875 0.7297820324074074
2 0.4149929699074074 0.5734710949074073 0.28957343750000003 0.5162125000000001 0.3271101574074074 0.6333695300925926 0.4149929699074074 0.5734710949074073
3 0.7612304675925926 0.28952812499999997 0.7910460949074074 0.31699375 0.9249265625 0.17746718749999998 0.92388125 0.0874859375 0.99921875 0.07814062499999999 0.9961773449074074 0.0047687499999999996 0.4453125 0.001953125 0.44750234490740737 0.048721092592592594 0.6845398449074074 0.18856015740740742 0.77526875 0.050056250000000004 0.8073734375 0.06357578240740741 0.828521875 0.033790625 0.8948515625 0.05629765740740741 0.7533265625 0.2274703125 0.7612304675925926 0.28952812499999997
3 0.3509367199074074 0.1515734375 0.45305625 0.0860445324074074 0.4345320324074074 0.0017851574074074074 0.36328125 0.00390625 0.3279039074074074 0.1043164074074074 0.3509367199074074 0.1515734375
0 0.0894484375 0.1113554699074074 0.1285476574074074 0.1214710949074074 0.134765625 0.13671875 0.13102734490740742 0.183021875 0.20136874999999999 0.203884375 0.2210085949074074 0.1236484375 0.1711085949074074 0.12617890509259258 0.142696875 0.09721796759259259 0.139759375 0.0572296875 0.1126023449074074 0.05056328240740741 0.0894484375 0.1113554699074074
0 0.05619375 0.0414234375 0.0057843750000000005 0.024103125 0.0004070324074074074 0.10516015509259259 0.02946171759259259 0.1054125 0.05619375 0.0414234375
3 0.5190007824074074 0.4431039074074074 0.60099375 0.5039460949074074 0.631746875 0.4125765625 0.535340625 0.3743882800925926 0.49360624999999997 0.41798203240740744 0.5190007824074074 0.4431039074074074
3 0.6037820324074075 0.3850359375 0.638771875 0.4066859375 0.6774726550925926 0.3283007824074074 0.7398726574074074 0.3749148449074074 0.7547296875 0.3091453125 0.70661875 0.2479070324074074 0.705040625 0.2466765625 0.6037820324074075 0.3850359375
3 0.9532406250000001 0.42246484490740743 0.892234375 0.35689375 0.8796054699074074 0.4052234375 0.9203359375 0.4305976574074074 0.9532406250000001 0.42246484490740743
1 0.99921875 0.5163085949074074 0.994278125 0.41401875 0.9604640625 0.45836328240740737 0.99921875 0.5163085949074074
2 0.5790164050925926 0.6133703125 0.4443679699074074 0.56683125 0.5003031250000001 0.6870531249999999 0.5790164050925926 0.6133703125
2 0.31813906249999996 0.6458242175925926 0.2968101574074074 0.5804445324074075 0.14695625 0.642059375 0.31813906249999996 0.6458242175925926
0 0.1006976550925926 0.46709062500000004 0.0787265625 0.48635546759259257 0.12065234490740741 0.5584601550925926 0.223509375 0.5098164074074074 0.1006976550925926 0.46709062500000004
0 0.2530523449074074 0.1168390625 0.2134367199074074 0.1871945324074074 0.2563945324074074 0.2064867199074074 0.3103617199074074 0.1381953125 0.2530523449074074 0.1168390625
0 0.8424085925925925 0.5619523449074074 0.7995125000000001 0.6175664074074073 0.9078570324074073 0.7110679699074074 0.9595757824074075 0.6555835949074074 0.8424085925925925 0.5619523449074074
0 0.7771585949074074 0.6104929699074074 0.7190359374999999 0.6875453125 0.7483398449074073 0.7240109375 0.8195218750000001 0.6475875 0.7771585949074074 0.6104929699074074
3 0.69279375 0.5021007800925926 0.7484015625 0.548728125 0.8234101574074074 0.4251375 0.7690328125 0.39450078240740744 0.69279375 0.5021007800925926
0 0.7975164074074074 0.6337765625 0.8324242175925926 0.5776976574074074 0.7654039074074075 0.5398648449074074 0.7487773425925925 0.56683125 0.74984375 0.5722367199074074 0.7975164074074074 0.6337765625
0 0.5719773425925926 0.61628125 0.6749304675925926 0.50685 0.6298945324074074 0.46610625 0.6160218749999999 0.5242835925925926 0.5901554699074074 0.49993437500000004 0.5335914050925926 0.5843265625 0.5719773425925926 0.61628125
1 0.19396875 0.1156390625 0.2203976550925926 0.10805859490740742 0.24589375 0.0849578125 0.24980625 0.0587015625 0.218021875 0.043059375 0.1699289074074074 0.10568046759259259 0.19396875 0.1156390625
3 0.24508125 0.05094453240740741 0.2594929699074074 0.00085625 0.18357890740740743 0.0016921875000000001 0.24508125 0.05094453240740741
0 0.9797429699074074 0.7714476574074074 0.9918601550925926 0.6450242199074074 0.9328054699074074 0.7348218750000001 0.9797429699074074 0.7714476574074074