1 0.046028125 0.1133195324074074 0.00390625 0.177734375 0.1957398449074074 0.33035312499999997 0.2480625 0.2773742199074074 0.046028125 0.1133195324074074
1 0.2848742199074074 0.2988054699074074 0.25390625 0.318359375 0.2731859375 0.36174765740740744 0.31239296990740745 0.3405992199074074 0.2848742199074074 0.2988054699074074
1 0.33232890740740745 0.3542484375 0.296875 0.3828125 0.3172992175925926 0.422325 0.359703125 0.39733124999999997 0.33232890740740745 0.3542484375
1 0.3732453125 0.4156265625 0.322265625 0.4609375 0.3627539074074074 0.5098289074074074 0.4129140625 0.47295625 0.3732453125 0.4156265625
1 0.4280976574074074 0.5815515625000001 0.4786289050925926 0.5489453125 0.4538609375 0.5128570300925926 0.408396875 0.54813125 0.4108992199074074 0.5512289074074074 0.4280976574074074 0.5815515625000001
1 0.39434921990740746 0.5625492199074075 0.3327390625 0.6052609375000001 0.3481554699074074 0.6304117199074075 0.4144640625 0.5885992199074074 0.39434921990740746 0.5625492199074075
1 0.4823023449074074 0.5487070324074074 0.39295625 0.6083484375 0.4259929699074074 0.6595523449074073 0.5075429699074074 0.6000914050925926 0.4823023449074074 0.5487070324074074
1 0.5228476574074075 0.6373898449074075 0.4107125 0.7241507824074075 0.4511742199074074 0.7774710949074074 0.5596875 0.6907554699074074 0.5228476574074075 0.6373898449074075
1 0.372 0.6355562499999999 0.3273351550925926 0.6693382824074073 0.3585953125 0.7235476550925926 0.4046960925925926 0.6915757824074075 0.372 0.6355562499999999
1 0.30214453240740746 0.6470101574074074 0.2609414074074074 0.6786023449074073 0.3106429699074074 0.755128125 0.3575671875 0.7245132800925925 0.30214453240740746 0.6470101574074074
1 0.2456335949074074 0.7367359375 0.206128125 0.76815625 0.23563984490740741 0.8137742199074074 0.2775914074074074 0.7798085949074074 0.2456335949074074 0.7367359375
1 0.2785773449074074 0.7096640625 0.2509054699074074 0.73573125 0.2771359375 0.7763976574074074 0.30788984259259256 0.7553726574074074 0.2785773449074074 0.7096640625
1 0.2236164074074074 0.7257007824074074 0.1953203125 0.7457671875 0.2013335925925926 0.7660929699074074 0.23385468750000002 0.7467687500000001 0.2236164074074074 0.7257007824074074
1 0.244759375 0.70823125 0.2269726574074074 0.7233789050925926 0.2335257824074074 0.7415515625 0.2608664074074074 0.7248234375 0.244759375 0.70823125
1 0.1774429699074074 0.635128125 0.1312429699074074 0.6747421875 0.1701210925925926 0.7181953125 0.2168851574074074 0.6823382824074073 0.1774429699074074 0.635128125
1 0.2173859375 0.6869492199074074 0.17331484259259258 0.7201976550925926 0.1891015625 0.7448539074074074 0.2397679699074074 0.7115273449074074 0.2173859375 0.6869492199074074
1 0.1758929699074074 0.5541171875 0.0918695324074074 0.6253328125000001 0.1259320324074074 0.6741507800925925 0.2188453125 0.6079804699074074 0.20003984490740742 0.5867773449074074 0.155175 0.630375 0.142253125 0.6116992199074074 0.1929015625 0.5773835949074074 0.1758929699074074 0.5541171875
1 0.1319875 0.5503539074074074 0.070615625 0.6023593749999999 0.0865921875 0.6237499999999999 0.14975 0.5750585949074074 0.1319875 0.5503539074074074
1 0.1327835949074074 0.5493554675925926 0.12382421990740741 0.5401070324074074 0.14826015740740742 0.5219101574074074 0.1267429699074074 0.4967859375 0.09109765740740741 0.5427273449074074 0.1123796875 0.5667898449074075 0.1327835949074074 0.5493554675925926
1 0.0577234375 0.6004171875 0.1083390625 0.5684234375 0.07823125 0.5380023449074074 0.11917656249999999 0.5114617199074074 0.07560390740740741 0.45990078240740745 0.0041515625 0.5313640625 0.0577234375 0.6004171875
1 0.079053125 0.45709531249999996 0.0041515625 0.3929882824074074 0 0.4591710949074074 0.04516171990740741 0.489803125 0.079053125 0.45709531249999996
1 0.11514921759259258 0.423046875 0.07283125 0.39173984490740743 0.05166163888888889 0.41598294444444445 0.07596640509259259 0.45611718749999997 0.11514921759259258 0.423046875
1 0.10080390740740741 0.4361984375 0.084409375 0.45940859490740743 0.1070359375 0.49254375 0.124084375 0.4629382824074074 0.10080390740740741 0.4361984375
1 0.11485234490740741 0.401290625 0.15418671990740743 0.44618749999999996 0.1712570324074074 0.4282203125 0.194315625 0.4454359375 0.2163476574074074 0.42524687499999997 0.255471875 0.3927234375 0.17695390740740738 0.3226648449074074 0.11485234490740741 0.401290625
1 0.0841828125 0 0.0018671875000000001 0.0018671875000000001 0.0025671875 0.06942812500000001 0.0841828125 0
1 0.1419046875 0 0.16504765740740743 0.03082265740740741 0.22416250000000001 0 0.1419046875 0
1 0.17738125 0.04294453240740741 0.205315625 0.08672109490740741 0.2519289074074074 0.04983750000000001 0.2208367199074074 0.009948437499999999 0.17738125 0.04294453240740741
1 0.21472421990740742 0.1008273449074074 0.2367367199074074 0.13727343749999998 0.2809507824074074 0.10140312500000001 0.252840625 0.060756250000000005 0.21472421990740742 0.1008273449074074
1 0.24833359490740742 0.14750625 0.2846632824074074 0.2027703125 0.3378117199074074 0.1542015625 0.29409375 0.10769062500000001 0.24833359490740742 0.14750625
1 0.3436976574074074 0.03392265509259259 0.30434843749999996 0.06535078240740741 0.35711796990740746 0.15394687499999998 0.3975898449074074 0.127040625 0.3436976574074074 0.03392265509259259
1 0.4177132824074074 0.01223125 0.3435585949074074 0.0037343750000000003 0.3742578125 0.04215703240740741 0.4177132824074074 0.01223125
1 0.3846367175925926 0.05228046759259259 0.41718046990740737 0.09926640740740741 0.4691476574074074 0.04831328240740741 0.430178125 0.012486719907407406 0.3846367175925926 0.05228046759259259
1 0.4685789050925926 0.0013929675925925926 0.44065156250000004 0.0130703125 0.4729335949074074 0.0613390625 0.5029171875 0.041107030092592596 0.4685789050925926 0.0013929675925925926
1 0.3720773449074074 0.1815890625 0.30248125 0.2296617199074074 0.3416257824074074 0.28247500000000003 0.414365625 0.2372835949074074 0.3720773449074074 0.1815890625
1 0.4386382800925926 0.23405234490740742 0.36036328240740745 0.283809375 0.4065320300925926 0.38001953240740743 0.49961328240740743 0.3085132824074074 0.4386382800925926 0.23405234490740742
1 0.4941867199074074 0.32549296990740745 0.4201125 0.38276953009259257 0.4781117199074074 0.4617085925925926 0.5533601574074074 0.37530078240740744 0.4941867199074074 0.32549296990740745
1 0.5359796875 0.5704273449074074 0.6090101574074075 0.514565625 0.5761234375 0.4717882824074074 0.5448851574074074 0.49341406250000003 0.5208671874999999 0.44385390740740743 0.48919765740740745 0.47239374999999995 0.5359796875 0.5704273449074074
1 0.6106585949074074 0.49827109490740745 0.647265625 0.450403125 0.589565625 0.4264 0.5864734375 0.4500023449074074 0.5547898449074075 0.4304476550925926 0.5414789074074075 0.4555890625 0.6106585949074074 0.49827109490740745
1 0.5206773449074075 0.2796523449074074 0.5022679699074074 0.298746875 0.5210054699074074 0.3384242199074074 0.552221875 0.30877578240740744 0.5206773449074075 0.2796523449074074
1 0.552025 0.319321875 0.5377445324074074 0.34169140740740744 0.5992804675925926 0.4065101574074074 0.6165882800925926 0.37905703009259256 0.552025 0.319321875
1 0.6182734375000001 0.381128125 0.601228125 0.4201125 0.6434148449074074 0.4516429675925926 0.6591539074074073 0.4167578125 0.6182734375000001 0.381128125
1 0.651021875 0.33644765740740745 0.6236343750000001 0.3715664074074074 0.6539460949074074 0.41255625 0.6849585925925926 0.37905703009259256 0.651021875 0.33644765740740745
1 0.6540195324074074 0.2778875 0.6236343750000001 0.30434843749999996 0.6568859375 0.35190312500000004 0.6783726574074074 0.33945234490740744 0.6540195324074074 0.2778875
1 0.6647117175925926 0.2539351574074074 0.7142140625000001 0.3492335949074074 0.8357835949074074 0.2879085949074074 0.7853703125 0.21607343750000002 0.7420242199074074 0.23607265740740743 0.7715414074074074 0.2828101574074074 0.7299390625000001 0.30566875 0.6908960925925925 0.2411125 0.6647117175925926 0.2539351574074074
1 0.8327570324074074 0.2016539074074074 0.8593273449074075 0.2778578125 0.9357140625 0.23621874999999998 0.905175 0.1767757800925926 0.8327570324074074 0.2016539074074074
1 0.99921875 0.1805976550925926 0.99921875 0.09315390740740741 0.9634585949074074 0.11763124999999999 0.99921875 0.1805976550925926
1 0.4477046875 0.1905242199074074 0.47269218749999997 0.17107187499999998 0.50746875 0.2232796875 0.5730234375 0.193434375 0.5017578125000001 0.08257109490740741 0.423846875 0.143771875 0.4477046875 0.1905242199074074
1 0.4280554675925926 0.15043125 0.4033085949074074 0.17738125 0.43336562500000003 0.22618281250000002 0.4664859375 0.20508906249999997 0.4280554675925926 0.15043125
1 0.631278125 0.014550782407407406 0.5190726574074074 0.07095234490740741 0.5736148449074074 0.1670898449074074 0.6098203125 0.14292578240740741 0.5856632824074074 0.1042476574074074 0.6060710949074074 0.0938617175925926 0.6297609375 0.15218125 0.6783585949074074 0.13549375 0.631278125 0.014550782407407406
1 0.6516414074074075 0.0093359375 0.691253125 0.113853125 0.7757789050925926 0.07740703240740741 0.7372976550925926 0.0003210925925925926 0.6516414074074075 0.0093359375
1 0.76740625 0 0.7943703125 0.06128828240740741 0.8446601574074074 0.04468046990740741 0.8134875 0 0.76740625 0
1 0.8402257824074074 0.0018671875000000001 0.860225 0.039553125 0.911375 0.019357032407407406 0.9049124999999999 0 0.8402257824074074 0.0018671875000000001
1 0.9864406250000001 0.014135157407407407 0.92985 0 0.9433648449074075 0.03795625 0.9864406250000001 0.014135157407407407
1 0.0037343750000000003 0.6292359375 0.00083125 0.6948929675925926 0.0605734375 0.7716148449074074 0.09410234259259259 0.7181085949074074 0.0037343750000000003 0.6292359375
1 0.3135164050925926 0.7904390625 0.2632703125 0.8271554699074074 0.3084476574074074 0.8900554699074074 0.3589195300925926 0.8515304699074073 0.3135164050925926 0.7904390625
1 0.10537109490740741 0.7380054699074073 0.06721796990740742 0.7804765625000001 0.1056117199074074 0.8361265625000001 0.15342890740740742 0.7993882800925926 0.10537109490740741 0.7380054699074073
1 0.15676171990740742 0.7961648449074075 0.113896875 0.8402257824074074 0.17772343750000003 0.9308632824074075 0.2369992175925926 0.888684375 0.15676171990740742 0.7961648449074075
1 0.24572968750000002 0.8912374999999999 0.18485 0.9354515625 0.2561523449074074 0.99921875 0.3126265625 0.9706796875 0.24572968750000002 0.8912374999999999
1 0.039903125000000005 0.8342664074074074 0.005601562500000001 0.7898117199074074 0 0.8302257824074074 0.0144046875 0.856578125 0.039903125000000005 0.8342664074074074
1 0.045810937499999996 0.8382414074074075 0.0205390625 0.8551632824074075 0.05443203240740741 0.9031039074074074 0.08214843749999999 0.8854898425925926 0.045810937499999996 0.8382414074074075
1 0.0898429675925926 0.8855703125 0.06721796990740742 0.90744375 0.09868984259259259 0.9571351574074074 0.12601171759259258 0.9336132824074075 0.0898429675925926 0.8855703125
1 0.029860155092592593 0.9333875 0.0074687500000000006 0.9597242199074074 0.020969532407407405 0.99921875 0.06651093749999999 0.9832976574074074 0.029860155092592593 0.9333875
1 0.06227265740740741 0.908865625 0.0354765625 0.92985 0.06777265509259259 0.9799640625 0.092075 0.9589953125 0.06227265740740741 0.908865625
1 0.1366460949074074 0.9391273449074075 0.1026945324074074 0.9671929699074074 0.11559687499999999 0.9961921875 0.1614953125 0.9720867199074074 0.1366460949074074 0.9391273449074075
1 0.1162242199074074 0.99921875 0.0992296875 0.9754351574074074 0.07655390740740742 0.9970679699074074 0.1162242199074074 0.99921875
1 0.259565625 0.99921875 0.22876484490740742 0.9748148425925925 0.19791953240740742 0.9952007824074074 0.259565625 0.99921875
1 0.05847578240740741 0.7788328125 0.02875625 0.8061437499999999 0.0706632800925926 0.8625937499999999 0.1018875 0.8351406250000001 0.05847578240740741 0.7788328125
1 0.3460265625 0.8271164074074073 0.38746953240740745 0.7967609375 0.37253281250000003 0.7773765625000001 0.3575742199074074 0.7918031249999999 0.33997187500000003 0.7694453125 0.3191984375 0.7869726574074074 0.3460265625 0.8271164074074073
1 0.3884578125 0.7996960949074073 0.3508304699074074 0.828190625 0.3863164074074074 0.8803273449074075 0.42722656249999996 0.8524132824074074 0.3884578125 0.7996960949074073
1 0.38030234490740744 0.8865578125 0.3441210949074074 0.916378125 0.36391015740740745 0.9432437499999999 0.40042812499999997 0.9105742199074074 0.38030234490740744 0.8865578125
1 0.4046929675925926 0.9126593749999999 0.36904296990740737 0.9441757824074074 0.3840359375 0.9709070324074075 0.4248453125 0.9381773449074075 0.4046929675925926 0.9126593749999999
1 0.43052578240740735 0.8517648449074074 0.3853390625 0.8866625 0.4024882800925926 0.9086382824074074 0.451190625 0.8737484375 0.43052578240740735 0.8517648449074074
1 0.4175210949074074 0.9023742199074074 0.40642734490740745 0.9106265625 0.42515234490740744 0.9425429675925926 0.4393171875 0.9333398425925926 0.4175210949074074 0.9023742199074074
1 0.4102609375 0.9547203125 0.42620078240740744 0.9766953125 0.5117140625 0.9092414050925925 0.483703125 0.8860226574074075 0.4102609375 0.9547203125
1 0.6181062500000001 0.7576093749999999 0.5933453125 0.7802632800925926 0.6417742199074075 0.8435953125 0.6726992199074074 0.8258546875 0.6181062500000001 0.7576093749999999
1 0.6445453125 0.9057476550925926 0.6827492199074073 0.87355 0.6651578125000001 0.8481703125000001 0.6544828125000001 0.8637132824074074 0.6306273449074075 0.8322125 0.6077234374999999 0.8521546875 0.6445453125 0.9057476550925926
1 0.6068960949074074 0.8538429699074074 0.5204945300925926 0.919253125 0.5454960949074074 0.9593406250000001 0.634125 0.8983226574074074 0.6068960949074074 0.8538429699074074
1 0.7015492175925926 0.8668328125 0.6479828125 0.9077507824074075 0.6965656250000001 0.9807054699074074 0.759703125 0.9433898449074074 0.7015492175925926 0.8668328125
1 0.6429351574074075 0.8992664074074074 0.6259359375 0.9144609375 0.6742718750000001 0.9883257824074073 0.6931242199074075 0.976815625 0.6429351574074075 0.8992664074074074
1 0.6220976574074074 0.90493125 0.5847179699074074 0.9422585925925927 0.6041476550925926 0.9737789050925926 0.6452226574074075 0.9470773449074074 0.6220976574074074 0.90493125
1 0.6465968750000001 0.951103125 0.62401875 0.96718125 0.6455265625000001 0.9984429699074074 0.6803265625 0.9952375000000001 0.6465968750000001 0.951103125
1 0.57946875 0.9453140625 0.5521273449074074 0.9623882800925926 0.5773828125 0.99921875 0.6110632800925926 0.9935789074074074 0.57946875 0.9453140625
1 0.5114148449074074 0.9216835949074074 0.4955726574074074 0.9326734375 0.528271875 0.979575 0.547825 0.9644515625 0.5114148449074074 0.9216835949074074
1 0.49428828009259257 0.9358257824074074 0.4687328125 0.952803125 0.49224765740740745 0.9988695324074074 0.537303125 0.99921875 0.49428828009259257 0.9358257824074074
1 0.5841679699074075 0.5961210949074074 0.5439867199074074 0.632384375 0.5717898449074075 0.6756140625 0.6153046875 0.6354054675925925 0.5841679699074075 0.5961210949074074
1 0.6412695324074074 0.5307789074074074 0.5864851574074075 0.5898851574074074 0.6130273425925926 0.6313882824074075 0.672990625 0.5735429699074074 0.6412695324074074 0.5307789074074074
1 0.6776109375 0.5362257824074074 0.6449289074074074 0.5284382800925926 0.6428335949074074 0.52925 0.6709492199074073 0.5617367199074074 0.6819531249999999 0.5567710949074074 0.6776109375 0.5362257824074074
1 0.6607289074074074 0.49075312499999996 0.6468609375 0.5211945324074074 0.6724906249999999 0.535196875 0.68654375 0.5125789074074074 0.6607289074074074 0.49075312499999996
1 0.6637773449074075 0.4865554699074074 0.6926992175925926 0.5118960949074074 0.6813359375 0.5230320324074074 0.6886617199074074 0.5331992199074074 0.7011921875 0.5268367199074074 0.7090773449074074 0.4971632824074074 0.6725664074074075 0.47071484490740745 0.6637773449074075 0.4865554699074074
1 0.6772046875000001 0.4486695324074074 0.6718335949074075 0.4607773449074074 0.7094742199074074 0.4918734375 0.7182531249999999 0.4804007824074074 0.6772046875000001 0.4486695324074074
1 0.7206320324074075 0.3731078125 0.6903609375 0.40761093750000005 0.7024476574074073 0.4266203125 0.7384109375 0.3898507824074074 0.7206320324074075 0.3731078125
1 0.7475835949074074 0.4126046875 0.7088890625 0.4293609375 0.7203367199074074 0.4587289074074074 0.760759375 0.43226562500000004 0.7475835949074074 0.4126046875
1 0.7790914074074075 0.4189867199074074 0.7233890625 0.46319453240740743 0.74083125 0.49119375 0.7953914074074073 0.44735390740740744 0.7790914074074075 0.4189867199074074
1 0.7663882824074074 0.47723515740740746 0.7372875 0.49993828240740745 0.7598117199074074 0.5447476574074074 0.791675 0.522903125 0.7663882824074074 0.47723515740740746
1 0.760759375 0.3723398449074074 0.7812945324074073 0.35925234490740743 0.7988500000000001 0.3941554699074074 0.8258765625000001 0.42910624999999997 0.862803125 0.4021390625 0.8143570300925925 0.31230390740740743 0.7483609375 0.3431664074074074 0.760759375 0.3723398449074074
1 0.80340625 0.39532343750000004 0.77575 0.41163906250000004 0.8073898449074074 0.47460156249999996 0.8367867199074075 0.4568382824074074 0.80340625 0.39532343750000004
1 0.81469375 0.5096242199074075 0.8569945324074074 0.4868257824074074 0.8404648449074074 0.4569070324074074 0.8063609374999999 0.4793054699074074 0.804365625 0.48113046990740743 0.81469375 0.5096242199074075
1 0.8475421875 0.2989523449074074 0.8273054699074074 0.3125554699074074 0.834615625 0.3374679699074074 0.858184375 0.3239273449074074 0.8475421875 0.2989523449074074
1 0.8970046875000001 0.2721328125 0.8498609375 0.2988609375 0.8582156249999999 0.32284843750000003 0.9111023449074074 0.2992289050925926 0.8970046875000001 0.2721328125
1 0.9133234375 0.30352734490740746 0.8893335949074074 0.3181945300925926 0.9478242175925926 0.41990859259259256 0.9640046875 0.41178046759259257 0.9133234375 0.30352734490740746
1 0.9054445324074074 0.41325 0.9075429675925926 0.4149023449074074 0.9184117199074074 0.429565625 0.8863125 0.4489335925925926 0.8993117175925925 0.4724171875 0.9547937499999999 0.44382968749999996 0.9327703125 0.40039843750000004 0.9054445324074074 0.41325
1 0.8785460949074073 0.35960781249999996 0.8522773425925926 0.3721664074074074 0.8710195324074074 0.42771250000000005 0.8998492199074074 0.41279062499999997 0.8785460949074073 0.35960781249999996
1 0.8614242199074075 0.4079929699074074 0.829778125 0.430846875 0.862175 0.49794609490740743 0.8980789050925926 0.4780984375 0.8614242199074075 0.4079929699074074
1 0.9737109375 0.2403890625 0.9029210949074075 0.26966484490740744 0.9318179699074074 0.3349617199074074 0.99921875 0.3004546875 0.9737109375 0.2403890625
1 0.99921875 0.2895304699074074 0.99921875 0.22258203009259261 0.9817 0.23936484490740742 0.99921875 0.2895304699074074
1 0.99921875 0.39466093750000003 0.99921875 0.314078125 0.9726101574074074 0.3348078125 0.99921875 0.39466093750000003
1 0.9979914074074074 0.3887609375 0.9710953125 0.4060117199074074 0.973403125 0.44475000000000003 0.99921875 0.42515624999999996 0.9979914074074074 0.3887609375
1 0.9174914074074074 0.4949039050925926 0.9121179699074075 0.51590625 0.8858070324074073 0.50676875 0.8786820324074074 0.5302390625 0.9808125 0.5692789074074074 0.99921875 0.46400078240740744 0.9862976574074074 0.4581125 0.9766101550925925 0.48517499999999997 0.949790625 0.47690156250000004 0.9485359375 0.4984484375 0.9174914074074074 0.4949039050925926
1 0.9271609375 0.5650835949074074 0.911875 0.6140539074074075 0.9985359375 0.6362039074074074 0.99921875 0.5860445300925926 0.9271609375 0.5650835949074074
1 0.9120109375 0.6226523449074074 0.9073601574074074 0.6513007824074074 0.9646148449074075 0.6611890625 0.9655617199074074 0.6296828124999999 0.9120109375 0.6226523449074074
1 0.8056140625 0.5477796875000001 0.7832390625000001 0.5605382824074074 0.8074312499999999 0.59518125 0.8286640624999999 0.5766054675925926 0.8056140625 0.5477796875000001
1 0.7986195324074075 0.5833515625 0.7680890625000001 0.5999273449074074 0.8050523449074075 0.6589226574074074 0.8390500000000001 0.6387367175925925 0.7986195324074075 0.5833515625
1 0.8451453125 0.6331765625000001 0.7071773449074074 0.75273125 0.7444445324074074 0.8212070300925925 0.894940625 0.6903015625000001 0.8451453125 0.6331765625000001
1 0.7278953125000001 0.826990625 0.7006695300925926 0.844925 0.7646289074074074 0.9404906249999999 0.7915539074074074 0.9233867199074074 0.7278953125000001 0.826990625
1 0.7838804699074075 0.8312226574074074 0.7549007824074074 0.8536023449074074 0.7902445324074073 0.9219671875000001 0.8288039074074075 0.896071875 0.7838804699074075 0.8312226574074074
1 0.8278296875000001 0.8946953125 0.8782265625 0.8660242199074074 0.8573257800925925 0.8267953124999999 0.8233765624999999 0.8439210949074074 0.8076109375 0.8211140625 0.7896085925925925 0.830825 0.8278296875000001 0.8946953125
1 0.8381546875 0.8096914074074074 0.8846242199074075 0.8625921874999999 0.9046726574074073 0.8496789050925926 0.8567203125 0.7968664074074074 0.8381546875 0.8096914074074074
1 0.9120148425925926 0.7782078124999999 0.8720406249999999 0.803709375 0.8806671875 0.8306765625 0.9265515625 0.8057085949074073 0.9120148425925926 0.7782078124999999
1 0.9036476574074074 0.7311109375 0.8818023449074074 0.7483929699074074 0.9028171875 0.77863125 0.9290429699074074 0.7672726574074075 0.9036476574074074 0.7311109375
1 0.9385203124999999 0.7048218749999999 0.9175953125 0.7212773449074074 0.9440500000000001 0.7591289074074075 0.9715085925925926 0.7436179699074074 0.9385203124999999 0.7048218749999999
1 0.9725039074074074 0.7473085925925926 0.9154257800925926 0.777678125 0.9348046875 0.8281601574074074 0.9988359375 0.7878335949074073 0.9725039074074074 0.7473085925925926
1 0.9727242199074074 0.7051265624999999 0.9555570324074074 0.7180234375 0.9719070300925926 0.75046875 0.9949507824074074 0.7314242175925926 0.9727242199074074 0.7051265624999999
1 0.99921875 0.7210148449074074 0.99921875 0.6593515625 0.9750804699074074 0.6811460925925926 0.99921875 0.7210148449074074
1 0.99921875 0.775534375 0.99921875 0.7303101574074075 0.9822828125 0.75093125 0.99921875 0.775534375
1 0.99921875 0.898584375 0.99921875 0.8086406249999999 0.9718265625 0.83299375 0.99921875 0.898584375
1 0.9660179699074075 0.8349132824074075 0.9338640625000001 0.857940625 0.9740085949074073 0.9124554699074074 0.99921875 0.8962539074074074 0.9660179699074075 0.8349132824074075
1 0.99921875 0.9518453125 0.99921875 0.89838125 0.980503125 0.9154257800925926 0.99921875 0.9518453125
1 0.9351140625 0.859084375 0.9024101574074074 0.8774640625000001 0.9219929699074074 0.9254203124999999 0.9620859375 0.9013804699074074 0.9351140625 0.859084375
1 0.902728125 0.8791882824074074 0.873125 0.898071875 0.8950171875 0.9373890625 0.9215984374999999 0.9231835949074074 0.902728125 0.8791882824074074
1 0.8698796875 0.8964828125 0.8470945324074074 0.9143414074074074 0.8757773425925925 0.9528453124999999 0.8987367199074073 0.9380125 0.8698796875 0.8964828125
1 0.8330234375000001 0.9188023449074074 0.777678125 0.9598953125 0.8058828124999999 0.9974421874999999 0.8650921875 0.9604296875 0.8330234375000001 0.9188023449074074
1 0.8069671875 0.99921875 0.7708226574074074 0.9590945324074075 0.7093460949074074 0.9978578124999999 0.8069671875 0.99921875
1 0.9818507824074074 0.9386984374999999 0.966403125 0.9598953125 0.99921875 0.99921875 0.99921875 0.9646617199074073 0.9818507824074074 0.9386984374999999
1 0.9546125000000001 0.9541078125 0.9295257824074074 0.9729109375 0.951184375 0.99921875 0.9938875 0.99921875 0.9546125000000001 0.9541078125
1 0.9044054699074074 0.94194375 0.8818023449074074 0.9566414074074074 0.9140007824074075 0.99921875 0.9501679675925926 0.99921875 0.9044054699074074 0.94194375
1 0.8947382824074074 0.99921875 0.8652562500000001 0.96508125 0.8160320324074074 0.9975984375000001 0.8947382824074074 0.99921875
1 0.65405625 0.6992015625 0.6171242199074074 0.7272882800925926 0.6667828125 0.7950851574074074 0.71103125 0.7658109375000001 0.65405625 0.6992015625
2 0.2805046875 0.395553125 0.21685546759259258 0.4433632824074074 0.2058640625 0.41769453240740745 0.12363125000000001 0.4788742175925926 0.1649617199074074 0.5196484375 0.1365789074074074 0.5409226550925926 0.1476429699074074 0.5622695324074074 0.1896703125 0.5447 0.279203125 0.6226726574074074 0.38746562500000004 0.5607835949074074 0.2805046875 0.395553125
3 0.5740367199074075 0.7836179699074074 0.6131054675925925 0.7582546875 0.561878125 0.6995445324074074 0.4475390625 0.78831875 0.40854375000000004 0.7344132824074074 0.36932812499999995 0.7636953125 0.4664648449074074 0.8680578124999999 0.4349828125 0.8955054699074074 0.4407835925925926 0.9155749999999999 0.49089296990740744 0.8762617199074074 0.5226625 0.9057695324074074 0.6174828124999999 0.829759375 0.5740367199074075 0.7836179699074074
3 0.7009382824074074 0.59131875 0.6322398449074074 0.6463242199074074 0.7018734375 0.7512921874999999 0.7241070300925926 0.7265828125 0.7559929699074074 0.6627679699074074 0.7805492199074074 0.6803125 0.8037484375 0.6675734375 0.7490054675925926 0.570790625 0.7009382824074074 0.59131875
3 0.9900875 0.0973507800925926 0.9577492199074074 0.03755859490740741 0.7992304675925926 0.0974179675925926 0.8365328125 0.19725078240740743 0.91139375 0.17406406249999998 0.94068125 0.23995078240740741 0.99921875 0.2158039074074074 0.949190625 0.11551875 0.9900875 0.0973507800925926
3 0.7324453125 0.29472421990740744 0.7576742199074075 0.2825710925925926 0.7324632824074074 0.23334843749999998 0.8231515625 0.19565546759259259 0.7912710949074074 0.1020148449074074 0.4820046875 0.2347421875 0.6143101574074074 0.3769875 0.64320625 0.34266250000000004 0.61474375 0.305690625 0.6677992199074074 0.272771875 0.6568445324074075 0.24984765740740741 0.7000398449074074 0.2286234375 0.7324453125 0.29472421990740744
3 0.11307656249999999 0.011522657407407409 0.047599219907407404 0.09939921990740741 0.2387085949074074 0.2676875 0.2689125 0.2465015625 0.11307656249999999 0.011522657407407409
3 0.3379585949074074 0.1255179699074074 0.2982882824074074 0.0699351550925926 0.3417289074074074 0.029749219907407407 0.31698125 0.0010078125 0.23110234490740741 0.0058359375 0.3221515625 0.1319460925925926 0.3379585949074074 0.1255179699074074
0 0.2922273449074074 0.224821875 0.25472656250000003 0.26654375 0.28969921990740743 0.2934023449074074 0.3240398449074074 0.2653234375 0.2922273449074074 0.224821875
0 0.10580625 0.41276953240740744 0.177428125 0.32290312499999996 0.03453125 0.212475 0 0.255184375 0.007325782407407407 0.35759687500000004 0.10580625 0.41276953240740744
1 0.8485210949074073 0.5258445324074074 0.8478546875 0.557453125 0.908509375 0.6484265625 0.9242679699074074 0.5527171875 0.8485210949074073 0.5258445324074074
0 0.8882445324074074 0.6781554699074074 0.9067015624999999 0.6603015624999999 0.8283453125 0.5199617199074074 0.8148664074074075 0.5414960949074074 0.8327164074074075 0.570940625 0.8181007824074074 0.5953773425925926 0.8882445324074074 0.6781554699074074
1 0.7282039074074075 0.5145601550925926 0.6941015625 0.5513328125 0.7051789074074074 0.5781492175925925 0.7514140625000001 0.5574492175925926 0.7282039074074075 0.5145601550925926