1 0.2376859375 0 0.0923078125 0.0010296875 0.060546875 0.103515625 0.6917265625 0.3563460949074074 0.7495882800925926 0.202659375 0.2376859375 0
1 0.628525 0.111053125 0.761184375 0.16767109490740742 0.8179625 0.017562499999999998 0.6685257800925926 0 0.628525 0.111053125
1 0.9140625 0.4167710949074074 0.99921875 0.20005 0.99921875 0.0911257824074074 0.857421875 0.033203125 0.7461929699074075 0.332359375 0.9140625 0.4167710949074074
1 0.8852382824074074 0.5005953125 0.701171875 0.431640625 0.5950085949074074 0.738159375 0.7634890624999999 0.7817078125 0.8852382824074074 0.5005953125
1 0.9988476574074073 0.487571875 0.99921875 0.2999265625 0.9453125 0.44921875 0.9988476574074073 0.487571875
1 0.99921875 0.5287093749999999 0.921875 0.494140625 0.81270625 0.7721328125 0.99921875 0.803009375 0.99921875 0.5287093749999999
1 0.99921875 0.8677671875 0.7734375 0.873046875 0.77755 0.9989851574074073 0.99921875 0.99921875 0.99921875 0.8677671875
1 0.0042421875 0.8764953125 0.022049219907407408 0.846878125 0.071228125 0.7945710949074074 0.1116945324074074 0.7385937499999999 0.1412429699074074 0.6681820324074074 0.001953125 0.609375 0.0042421875 0.8764953125
1 0.206565625 0.9904789074074074 0.2746273449074074 0.9818421875 0.2485046875 0.8247296875000001 0.17578125 0.783203125 0.124809375 0.8671492199074073 0.206565625 0.9904789074074074
1 0.23561875000000002 0.6266937499999999 0.547515625 0.7493359374999999 0.6059570324074074 0.581496875 0.297203125 0.4637984375 0.23561875000000002 0.6266937499999999
1 0.3758929675925926 0.2715148449074074 0.33389296759259257 0.35869609490740745 0.3096773449074074 0.437484375 0.6171265625000001 0.5470507824074075 0.6751710949074075 0.3878632824074074 0.3758929675925926 0.2715148449074074
1 0 0.3028484375 0.2687679699074074 0.4175875 0.3263345393518518 0.25911514583333334 0.032310157407407405 0.142371875 0 0.2399445324074074 0 0.3028484375
1 0 0.34424609490740743 0.00390625 0.52734375 0.19271875 0.6094742199074075 0.26168828240740744 0.447921875 0 0.34424609490740743
1 0.38911406249999997 0.9438476574074074 0.35922265740740744 0.91914375 0.359115625 0.8886335949074073 0.4072109375 0.8680039074074074 0.4470523425925926 0.77734375 0.326171875 0.73828125 0.3000640625 0.815834375 0.3191148449074074 0.9430695300925926 0.3734742199074074 0.9941484375 0.6892242199074075 0.99921875 0.7358242199074074 0.8702929699074075 0.501053125 0.8007429699074073 0.44670859490740744 0.9432828125 0.38911406249999997 0.9438476574074074
1 0.43761640740740737 0 0.3331757824074074 0.0021773449074074074 0.42051015740740744 0.03901015740740741 0.43761640740740737 0
1 0 0.0871046875 0.05360703240740741 0 0 0.0021351574074074072 0 0.0871046875
0 0.3295820324074074 0.6648867199074074 0.162109375 0.59765625 0.11659218750000001 0.7402039074074074 0.2921445324074074 0.8259890624999999 0.3295820324074074 0.6648867199074074
1 0.4828109375 0 0.4610828125 0.05232265740740741 0.6309548842592593 0.11302056712962963 0.6723632824074074 0 0.4828109375 0