1 0.08365312500000001 0.22439765509259257 0.1379367199074074 0.19970312499999998 0.1112445324074074 0.1521132824074074 0.15145625000000001 0.04074453240740741 0.1132984375 0 0.0509921875 0.14584140509259258 0.08365312500000001 0.22439765509259257
1 0.2633023425925926 0 0.1310007824074074 0.0017703125 0.1605289074074074 0.0474453125 0.2633023425925926 0
1 0.2298054699074074 0.04519765740740741 0.2018125 0.05310859490740741 0.2214859375 0.11289687500000001 0.2628390625 0.10753125 0.2298054699074074 0.04519765740740741
1 0 0.32003437500000004 0.046366407407407405 0.29819609490740745 0.0053109375000000006 0.21774531249999998 0 0.32003437500000004
1 0.0088515625 0.3221921875 0.04316484490740741 0.39764375 0.0840679699074074 0.3775757824074074 0.0509375 0.2954648449074074 0.0088515625 0.3221921875
1 0.06958750000000001 0.3887507800925926 0.04425703240740741 0.3983140625 0.0561859375 0.5056304699074075 0.09598281250000001 0.4945804699074074 0.06958750000000001 0.3887507800925926
1 0.17216406250000002 0.5862109375 0.1373085925925926 0.4954992199074074 0.09686328240740741 0.49596406249999997 0.1014179699074074 0.49870156250000003 0.1275109375 0.5436148449074074 0.1142351574074074 0.554159375 0.1059539074074074 0.5360429699074074 0.08136171990740741 0.5577492199074074 0.0994015625 0.6138171874999999 0.17216406250000002 0.5862109375
1 0 0.48922031250000003 0.0011132824074074074 0.561434375 0.0350234375 0.5425710949074074 0.04008828240740741 0.5639562499999999 0.055709375 0.598440625 0.0872796875 0.5893210949074074 0.050196875 0.46741875 0 0.48922031250000003
1 0.1237976574074074 0.6331929675925926 0.0030656249999999998 0.6768164074074073 0.02367890740740741 0.7175273425925925 0.1393085949074074 0.6695382824074074 0.1237976574074074 0.6331929675925926
1 0.163296875 0.6679882824074075 0.2235921875 0.7769539074074074 0.2641023449074074 0.7568515625000001 0.1850773425925926 0.6061257824074074 0.1235953125 0.6262468750000001 0.14491171990740742 0.6759679699074075 0.163296875 0.6679882824074075
1 0.15745390740740742 0.8411843750000001 0.1924039074074074 0.8264320324074075 0.21998125 0.8763773425925926 0.266253125 0.8531585925925925 0.226603125 0.7789820324074074 0.1449203125 0.8142515625 0.15745390740740742 0.8411843750000001
1 0.31268828240740737 0.8297742199074074 0.1999070324074074 0.8914039074074074 0.22460078009259257 0.9403976574074073 0.338209375 0.8853273449074074 0.31268828240740737 0.8297742199074074
1 0.1299429699074074 0.8801132824074074 0.06815 0.9068515625000001 0.1080640625 0.9950023449074074 0.16649218750000003 0.9697765625 0.1299429699074074 0.8801132824074074
1 0 0.8389882824074074 0.0701984375 0.80660625 0.048209375000000006 0.7629726574074075 0 0.7859984375000001 0 0.8389882824074074
1 0.2864398449074074 0.6535382824074074 0.2776085949074074 0.6300656250000001 0.3344820324074074 0.6135710949074074 0.316859375 0.5678859375 0.2108109375 0.6042648449074074 0.24902812500000002 0.6739484375000001 0.2864398449074074 0.6535382824074074
1 0.3239367199074074 0.5892007824074074 0.3370304675925926 0.5842171875 0.35844140740740743 0.6157257824074074 0.38895625 0.6014109375 0.36676875 0.5522859375 0.32166875 0.5688265625000001 0.3239367199074074 0.5892007824074074
1 0.33908593750000005 0.6215328125 0.317125 0.635159375 0.3560351574074074 0.7252953125 0.37725703240740743 0.7163398449074074 0.33908593750000005 0.6215328125
1 0.2866132824074074 0.6517421874999999 0.2480164074074074 0.6745921875 0.2821625 0.733790625 0.3043320324074074 0.7269757824074075 0.2817507824074074 0.684940625 0.3287414074074074 0.6702734375 0.31891171990740735 0.6400726574074075 0.2866132824074074 0.6517421874999999
1 0.3331023449074074 0.7244953125 0.28852812499999997 0.7449390625 0.330271875 0.8262695324074074 0.37100625 0.804953125 0.3331023449074074 0.7244953125
1 0.3299429699074074 0.8290679699074074 0.388021875 0.9422648449074074 0.463475 0.9151109374999999 0.4415570324074074 0.861875 0.4053539050925926 0.8746437499999999 0.3702351574074074 0.8106882824074074 0.3299429699074074 0.8290679699074074
1 0.3839945324074074 0.8322820324074074 0.41513125 0.8174804699074074 0.3944921875 0.7710085949074075 0.36704375000000006 0.7845164074074075 0.3657125 0.7851023449074075 0.3839945324074074 0.8322820324074074
1 0.4288304699074074 0.757384375 0.4015140625 0.7685578125 0.4389742199074074 0.8588546874999999 0.4690382824074074 0.8462429699074073 0.4288304699074074 0.757384375
1 0.5525195324074074 0.8104796875 0.4441335949074074 0.8604398449074074 0.46454375 0.9111125 0.57825625 0.8620007824074074 0.5525195324074074 0.8104796875
1 0.4559867199074074 0.6475390625 0.4301679699074074 0.6588484375 0.4393078125 0.690915625 0.4663789074074074 0.6763929699074075 0.523165625 0.8192546875 0.5560460949074074 0.8060625 0.5657070324074074 0.8245242199074073 0.5879695324074073 0.8106101550925926 0.5570460949074074 0.7511671875 0.5329179675925926 0.7629507824074074 0.45375234490740746 0.5913695324074074 0.43168125 0.6009140625 0.4559867199074074 0.6475390625
1 0.5665765625 0.828159375 0.5861914074074074 0.8631445324074074 0.6646789074074073 0.8252460949074073 0.6431773449074074 0.7868265624999999 0.5665765625 0.828159375
1 0.5988570324074074 0.7346578125000001 0.6247289074074074 0.7944265625 0.6460257824074075 0.7818609375 0.6162320324074074 0.724621875 0.5988570324074074 0.7346578125000001
1 0.5980445300925926 0.6752148449074075 0.5120343749999999 0.7112820324074074 0.5351875 0.7590726574074075 0.6144015625 0.7246703124999999 0.5980445300925926 0.6752148449074075
1 0.3859476574074074 0.5639726574074074 0.40090937499999996 0.5975140625 0.4484953125 0.5743164074074074 0.4312851574074074 0.5436148449074074 0.3859476574074074 0.5639726574074074
1 0.5158695324074074 0.5415140625 0.5626851574074073 0.6457953124999999 0.5808171875 0.6323164050925926 0.5147171875 0.4904023449074074 0.42632421990740743 0.523165625 0.4519429675925926 0.5681679699074075 0.5158695324074074 0.5415140625
1 0.5011249999999999 0.6935289074074075 0.609184375 0.65404375 0.6000664074074074 0.6284203125 0.5145078125 0.6663054699074074 0.4760710925925926 0.5640070324074075 0.4496992199074074 0.57436875 0.5011249999999999 0.6935289074074075
1 0.5999703125000001 0.6689835949074074 0.617084375 0.7214742199074075 0.7186171875 0.6735140625 0.6896070300925926 0.6308726574074074 0.5999703125000001 0.6689835949074074
1 0.6684007824074074 0.7651679699074074 0.64226875 0.7146218750000001 0.6204367175925926 0.7254828125 0.644134375 0.7715125 0.6684007824074074 0.7651679699074074
1 0.7385140625 0.7314140625 0.6500609375 0.7736164074074074 0.6623046875 0.8230632800925926 0.7590203125 0.7842046875 0.7385140625 0.7314140625
1 0.7498718750000001 0.7238398449074074 0.7246398449074074 0.6712101574074074 0.69075 0.6912023449074075 0.7120171875 0.7413492199074073 0.7498718750000001 0.7238398449074074
1 0.8038445324074074 0.7062820324074074 0.7402234375 0.73243125 0.757071875 0.7820039074074074 0.8250632800925927 0.7538804699074073 0.8038445324074074 0.7062820324074074
1 0.865053125 0.7001898449074074 0.8188804699074075 0.7214085949074074 0.8148023425925927 0.7224132824074074 0.82448125 0.746028125 0.8773890625 0.7220085949074074 0.865053125 0.7001898449074074
1 0.7747296874999999 0.6745492175925926 0.7892656250000001 0.7107820324074074 0.8086585949074073 0.7024992199074075 0.8154148449074073 0.7193171875 0.8589703125 0.6994078125000001 0.8274070324074074 0.6371812499999999 0.800596875 0.6457210949074074 0.8062101574074073 0.6631179699074075 0.7747296874999999 0.6745492175925926
1 0.8504742199074073 0.6310984374999999 0.8314992199074075 0.6389296875 0.8570789050925925 0.7023203125 0.879384375 0.6917812499999999 0.8504742199074073 0.6310984374999999
1 0.9494546875 0.5571890625 0.8462828125 0.6091054675925925 0.8426296875 0.6122148425925926 0.8580742199074074 0.637103125 0.9649687499999999 0.5851953125 0.9494546875 0.5571890625
1 0.8786976574074075 0.5920046875 0.8503742199074075 0.533453125 0.6843328125 0.608896875 0.69578125 0.6343031250000001 0.8392906250000001 0.57436875 0.8549789074074075 0.6010968750000001 0.8786976574074075 0.5920046875
1 0.6364726550925925 0.488471875 0.663553125 0.4735101550925926 0.6811804699074074 0.5139734375 0.706390625 0.5069382824074075 0.6703664074074075 0.4197585949074074 0.5198257824074074 0.4875453125 0.5815171875 0.6318117199074074 0.6025226574074074 0.6258375 0.5641898449074074 0.5241570324074074 0.5915 0.508290625 0.6084320324074075 0.5492234375 0.6546 0.5355921874999999 0.6364726550925925 0.488471875
1 0.6111015625 0.5532195300925926 0.6431773449074074 0.6292375 0.6853453125 0.6080320324074074 0.6555046875 0.5363664074074074 0.6111015625 0.5532195300925926
1 0.7787648449074075 0.3607367199074074 0.6723226574074075 0.41741875 0.6920460925925925 0.463509375 0.8031796875 0.41355390740740744 0.7787648449074075 0.3607367199074074
1 0.7162437500000001 0.4629960949074074 0.6945851574074074 0.4719617175925926 0.7122039074074074 0.5171695300925926 0.7347835949074074 0.5122773449074074 0.7162437500000001 0.4629960949074074
1 0.7076859375 0.5056859375 0.6823414074074073 0.5164867199074075 0.6979726550925925 0.5546671875 0.7255960949074074 0.5432710925925927 0.7076859375 0.5056859375
1 0.735340625 0.5302703125 0.7210085925925925 0.5365703125 0.7246046875 0.5608023449074074 0.8320203125 0.5214476574074074 0.8103453125 0.47105312499999996 0.7335445324074074 0.50646875 0.735340625 0.5302703125
1 0.99921875 0.6726445324074075 0.99921875 0.5302570324074074 0.9539421875 0.5543328125 0.99921875 0.6726445324074075
1 0.87725 0.36719843750000003 0.8314992199074075 0.3907039050925926 0.9275359375 0.5662289074074074 0.9826695324074074 0.5426882824074074 0.87725 0.36719843750000003
1 0.99921875 0.6991046875 0.987109375 0.7048398449074074 0.9702570324074075 0.8231328124999999 0.99921875 0.8277585949074074 0.99921875 0.6991046875
1 0.9092374999999999 0.7643656249999999 0.685478125 0.8579460949074075 0.7092718749999999 0.9115421875 0.9307664074074075 0.8209054699074074 0.9092374999999999 0.7643656249999999
1 0.99921875 0.8569890625 0.9721921875 0.8557492199074075 0.9377523449074074 0.9981664074074075 0.99921875 0.99921875 0.99921875 0.8569890625
1 0.8182273425925927 0.9716515625 0.7711625 0.9974585949074074 0.9355585949074074 0.99921875 0.9580492199074074 0.9091765625 0.8984320300925925 0.9396328125000001 0.874853125 0.8869710949074074 0.8302382800925926 0.9072593750000001 0.8520203125 0.9538093750000001 0.8182273425925927 0.9716515625
1 0.3961757824074074 0.9596593750000001 0.4230953125 0.99921875 0.560225 0.9437726574074075 0.5341453125 0.899578125 0.3961757824074074 0.9596593750000001
1 0.6306875 0.8666390625 0.5400109375000001 0.90148125 0.5902882800925926 0.99921875 0.68526875 0.9789812499999999 0.6306875 0.8666390625
1 0.1338164074074074 0.2035460925925926 0.08729296990740741 0.22839609490740742 0.1418601574074074 0.35493437499999997 0.1894765625 0.3416359375 0.1338164074074074 0.2035460925925926
1 0.2118601574074074 0.4149484375 0.203171875 0.42612578240740745 0.172259375 0.3438828125 0.1422992199074074 0.357540625 0.186884375 0.460565625 0.21111249999999998 0.4465382824074074 0.22693828240740743 0.4734859375 0.2451929675925926 0.46347578240740744 0.2196140625 0.395703125 0.20198125 0.4021445324074074 0.2118601574074074 0.4149484375
1 0.2305726574074074 0.5692984375 0.2777921875 0.5574898449074074 0.2552078125 0.5021984375 0.2338140625 0.5081773425925926 0.2220804675925926 0.4722109375 0.196109375 0.4866859375 0.2305726574074074 0.5692984375
1 0.28096875 0.5565648449074074 0.4032890625 0.5199953125 0.3517304699074074 0.39048125000000006 0.3025953125 0.4098242199074074 0.33384453240740736 0.475634375 0.258290625 0.50581875 0.28096875 0.5565648449074074
1 0.2630734375 0.302534375 0.3036179675925926 0.40726406249999997 0.349740625 0.3898414074074074 0.3064351574074074 0.2864710949074074 0.2630734375 0.302534375
1 0.2216367175925926 0.32366171990740744 0.199696875 0.33123359490740745 0.237746875 0.4367523449074074 0.2584070324074074 0.42807812500000003 0.2216367175925926 0.32366171990740744
1 0.2912398449074074 0.3932789074074074 0.258290625 0.4065679699074074 0.2618734375 0.4274710949074074 0.299559375 0.41907734490740745 0.2912398449074074 0.3932789074074074
1 0.2581132824074074 0.2445109375 0.17219374999999998 0.2834023449074074 0.18122265740740742 0.3110265625 0.27011718749999997 0.2775210925925926 0.2581132824074074 0.2445109375
1 0.28392500000000004 0.230834375 0.261878125 0.243940625 0.28507890740740743 0.2935851574074074 0.30689765740740743 0.28528437500000003 0.28392500000000004 0.230834375
1 0.24765 0.1540703125 0.2272 0.16501875 0.2597617199074074 0.239625 0.2807578125 0.2315953125 0.24765 0.1540703125
1 0.4086304699074074 0.25180156249999996 0.33324375 0.2812976574074074 0.41664453009259256 0.5012828125 0.5899476574074074 0.4328195324074074 0.5651679699074074 0.380578125 0.4481882824074074 0.433228125 0.395946875 0.2994023449074074 0.4228203125 0.28663125 0.4086304699074074 0.25180156249999996
1 0.5341648449074073 0.296965625 0.5903851574074074 0.429128125 0.6677710949074074 0.3928609375 0.6035289074074074 0.2635039074074074 0.5341648449074073 0.296965625
1 0.7050601550925926 0.274553125 0.6316757824074074 0.31542031249999997 0.6541976574074074 0.3622257824074074 0.7314812500000001 0.31609140740740743 0.7050601550925926 0.274553125
1 0.7523179699074075 0.28148046990740744 0.7402984375 0.2224945324074074 0.7207789050925926 0.22889296990740743 0.6822312500000001 0.12625625000000001 0.6611687500000001 0.13354140740740741 0.7246234375 0.2972648449074074 0.7523179699074075 0.28148046990740744
1 0.6606617199074074 0.20779375000000003 0.6042039074074075 0.240934375 0.6181054699074074 0.2851539074074074 0.6791304699074074 0.26365 0.6606617199074074 0.20779375000000003
1 0.5920632824074074 0.16435859490740742 0.6034773449074073 0.198553125 0.66505 0.1767351574074074 0.6481132824074074 0.14049375 0.5920632824074074 0.16435859490740742
1 0.6475984375 0 0.5920632824074074 0.020544532407407407 0.63945625 0.1288789074074074 0.6916539074074074 0.1097023449074074 0.6475984375 0
1 0.7851671875 0.2572476574074074 0.7262539074074075 0.2966046875 0.7453179699074075 0.3462773449074074 0.8429054699074073 0.291690625 0.7645929699074074 0.09749687500000001 0.7293398449074074 0.1139304675925926 0.7851671875 0.2572476574074074
1 0.8021804699074074 0.08311328240740741 0.8732882800925926 0.27281328240740743 0.9946382824074074 0.1864640625 0.92381875 0.0209421875 0.8021804699074074 0.08311328240740741
1 0.790040625 0 0.8282921875 0.0648703125 0.8777429699074074 0.03751484259259259 0.85324375 0 0.790040625 0
1 0.2892078125 0 0.33442265509259256 0.10534609259259259 0.39375234259259256 0.0808328125 0.3483320324074074 0.0008601574074074074 0.2892078125 0
1 0.32371562499999995 0.1100960949074074 0.33334375 0.1428 0.47181796990740743 0.08214843749999999 0.452965625 0.0515625 0.32371562499999995 0.1100960949074074
1 0.45054531249999996 0.2572195300925926 0.4210695324074074 0.26603125 0.4672 0.41539218749999995 0.5041734375 0.4012359375 0.45054531249999996 0.2572195300925926
1 0.5067273449074075 0.2160953125 0.48008984490740736 0.2307953125 0.5379679699074074 0.38987031250000004 0.56489375 0.3792273449074074 0.5067273449074075 0.2160953125
0 0.4256125 0.6577257824074074 0.452615625 0.6446804699074073 0.42802968750000003 0.5871648449074074 0.3441140625 0.6257140625 0.3974945324074074 0.7611617199074074 0.43177578240740744 0.7530203125 0.4722539074074074 0.842915625 0.5166820300925926 0.8203 0.46222187499999995 0.6815117199074074 0.43731406250000004 0.6941671875 0.4256125 0.6577257824074074
3 0.6863382824074074 0.9706242199074074 0.8773007824074074 0.8774171875 0.9004328125 0.9272265625 0.9695757824074074 0.8922804699074075 0.9354398449074074 0.815184375 0.6729828124999999 0.9299664074074074 0.6863382824074074 0.9706242199074074
3 0.34226484490740744 0.9050140624999999 0.245625 0.9484234375 0.25355546759259256 0.9962585949074074 0.381459375 0.99921875 0.34226484490740744 0.9050140624999999
0 0.8104203125 0.058594532407407404 0.7740328125 0 0.6554936180555556 0.0035702777777777777 0.7077351550925925 0.1196625 0.8104203125 0.058594532407407404
1 0.4569109375 0.0534578125 0.47991640740740743 0.09443359490740741 0.5941796875 0.030877344907407407 0.5700203125 0.002147657407407407 0.4569109375 0.0534578125
1 0.5887945324074074 0.21210390740740742 0.5282515625 0.0667265625 0.473203125 0.0908585949074074 0.52609375 0.2285609375 0.5887945324074074 0.21210390740740742
1 0.3482078125 0.15609296990740743 0.36894375 0.20563671759259258 0.4960835925925926 0.141609375 0.47730781250000004 0.09996875000000001 0.3482078125 0.15609296990740743
3 0.1420453125 0.8152320324074074 0.009575 0.8691953124999999 0.0452859375 0.99921875 0.1056695324074074 0.99921875 0.06225390740740741 0.9022757824074075 0.1307 0.8732226574074075 0.1778601574074074 0.99921875 0.21936875 0.9981546875 0.1420453125 0.8152320324074074
3 0.9448351574074074 0.371196875 0.9041054699074074 0.4026234375 0.9990742199074073 0.4759460949074074 0.99921875 0.3553921875 0.9448351574074074 0.371196875