1 0 0.151221875 0.0589140625 0.002075 0.00390625 0 0 0.151221875
1 0.1535109375 0.1921617199074074 0.037109375 0.15234375 0.014557032407407407 0.20323203240740742 0.1246640625 0.258003125 0.1535109375 0.1921617199074074
1 0.1069945324074074 0 0.0703125 0.1015625 0.2053679699074074 0.1591640625 0.2656632800925926 0.007690625 0.23381796759259257 0 0.1069945324074074 0
1 0.208984375 0.169921875 0.35650625 0.2267835949074074 0.3110960949074074 0.04202265509259259 0.2663039074074074 0.0199203125 0.208984375 0.169921875
1 0 0.3180695324074074 0.0916898449074074 0.34445156250000003 0.1276015625 0.26547265740740744 0.013671875 0.2109375 0 0.245559375 0 0.3180695324074074
1 0.158203125 0.193359375 0.12471015740740742 0.2838976574074074 0.2044757824074074 0.3190078125 0.24585703240740742 0.2273101574074074 0.158203125 0.193359375
1 0.123046875 0.287109375 0.101959375 0.34223906249999997 0.18265546990740741 0.3853757800925926 0.2025453125 0.3212507824074074 0.123046875 0.287109375
1 0.3535539050925926 0.2735515625 0.25390625 0.23828125 0.2152859375 0.3013078125 0.318603125 0.3453671875 0.3535539050925926 0.2735515625
1 0.21586640740740742 0.3083421875 0.193359375 0.3828125 0.2874296875 0.4264601574074074 0.3188703125 0.3572007824074074 0.21586640740740742 0.3083421875
1 0.46473671990740745 0.3993453125 0.35546875 0.3515625 0.324234375 0.4421390625 0.4078523449074074 0.4706648449074074 0.46473671990740745 0.3993453125
1 0.4718703125 0.4005359375 0.419921875 0.46875 0.4956664074074074 0.4965976574074074 0.5363617199074073 0.4502335925925926 0.4718703125 0.4005359375
1 0.10987109259259259 0.39791875000000004 0.00390625 0.357421875 0 0.5347367175925926 0.044914062500000004 0.555534375 0.10987109259259259 0.39791875000000004
1 0.1675265625 0.4246445324074074 0.11328125 0.400390625 0.07878125 0.4776992199074074 0.13261406250000002 0.5060578125 0.1675265625 0.4246445324074074
1 0.05078125 0.55859375 0.1073 0.5856171875 0.1384203125 0.5088421875 0.0856703125 0.4840773449074074 0.05078125 0.55859375
1 0.277465625 0.4702304699074074 0.169921875 0.431640625 0.129440625 0.5347976574074074 0.2262421875 0.5736617199074074 0.277465625 0.4702304699074074
1 0.12890625 0.54296875 0.1140210949074074 0.5769656249999999 0.209815625 0.62520625 0.2242203125 0.5727921875 0.12890625 0.54296875
1 0.0950015625 0.6222 0.041015625 0.599609375 0.004410157407407408 0.6698914074074074 0.06212578240740741 0.6922835949074074 0.0950015625 0.6222
1 0.1953125 0.66015625 0.10019687499999999 0.6206664050925925 0.07361640740740741 0.6823046875000001 0.1723101574074074 0.738815625 0.1953125 0.66015625
1 0 0.758865625 0.0815046875 0.7952117199074074 0.112640625 0.7472992199074073 0.06840546990740741 0.7407992175925926 0.0917132824074074 0.7029117199074074 0.0078125 0.671875 0 0.758865625
1 0.1138304699074074 0.74401875 0.09189609259259258 0.80105625 0.1397625 0.8222046875000001 0.17942031249999998 0.7472226574074073 0.1042859375 0.7080609375 0.08203125 0.734375 0.1138304699074074 0.74401875
1 0.234375 0.671875 0.1966171875 0.7623210949074074 0.38082890740740744 0.8303984375 0.4181289074074074 0.7434234375000001 0.234375 0.671875
1 0.2044523449074074 0.7718351574074075 0.1796875 0.83203125 0.2432171875 0.866790625 0.27326171990740744 0.7950671874999999 0.2044523449074074 0.7718351574074075
1 0.37890625 0.83984375 0.2756804699074074 0.7977140625 0.250121875 0.86418125 0.3580476574074074 0.9087445324074074 0.37890625 0.83984375
1 0 0.9702453125 0.06142421990740741 0.99921875 0.1267015625 0.8526226574074074 0 0.802734375 0 0.9702453125
1 0.1619875 0.8681796875000001 0.1171875 0.994140625 0.23674765509259257 0.99921875 0.2688523425925926 0.9141085949074074 0.1619875 0.8681796875000001
1 0.341796875 0.94921875 0.2745210949074074 0.920059375 0.239959375 0.99921875 0.3230742199074074 0.99921875 0.341796875 0.94921875
1 0.4931179699074074 0.99921875 0.37890625 0.9609375 0.3560179699074074 0.99921875 0.4931179699074074 0.99921875
1 0.310546875 0.484375 0.2845078125 0.5589601574074075 0.3979492175925926 0.6051867199074074 0.4292148449074074 0.5246273449074074 0.310546875 0.484375
1 0.28125 0.55859375 0.24675781249999998 0.6335070324074074 0.35940546759259256 0.6849445324074074 0.394409375 0.6030273425925926 0.28125 0.55859375
1 0.462890625 0.53515625 0.4015046875 0.6945726550925926 0.6244124999999999 0.7830734375 0.5580898449074074 0.569671875 0.462890625 0.53515625
1 0.4453125 0.765625 0.40928671759259255 0.8649671875 0.4747773449074074 0.8940507824074074 0.5095523425925926 0.7870632824074074 0.4453125 0.765625
1 0.412109375 0.87109375 0.39295234490740744 0.9137117175925925 0.450378125 0.9393007824074074 0.4700546875 0.8874742199074075 0.412109375 0.87109375
1 0.4765398449074074 0.8874132800925926 0.455078125 0.939453125 0.5101929699074075 0.97473125 0.5398179699074074 0.9158632824074074 0.4765398449074074 0.8874132800925926
1 0.5390398449074074 0.8647617199074075 0.525390625 0.89453125 0.569221875 0.9398726574074074 0.5979539050925925 0.8857953125 0.5390398449074074 0.8647617199074075
1 0.5611265625 0.9601367199074075 0.543609375 0.9209820324074074 0.521484375 0.97265625 0.57135 0.996734375 0.6213835949074074 0.8880234375 0.6027148449074075 0.8244632824074074 0.5821453125 0.8109515625 0.5614546875 0.8651429699074074 0.5993273449074074 0.8819429699074074 0.5611265625 0.9601367199074075
1 0.517578125 0.783203125 0.4840390625 0.8768234375 0.5199054699074074 0.8953476574074074 0.5543210925925925 0.8012695324074074 0.517578125 0.783203125
1 0.6861726574074074 0.3405 0.7217101574074074 0.2915875 0.7427750000000001 0.20045468749999998 0.6846085949074074 0.1782070324074074 0.591796875 0.228515625 0.6338117199074075 0.35826874999999997 0.6861726574074074 0.3405
1 0.7310789074074074 0.258003125 0.7671585925925926 0.271690625 0.7522507824074074 0.3081742199074074 0.779090625 0.3136828125 0.81848125 0.2187273449074074 0.748046875 0.197265625 0.7310789074074074 0.258003125
1 0.796753125 0.35675078240740743 0.7918398449074074 0.31184375 0.7621539074074074 0.3193359375 0.7630234375 0.3379367199074074 0.6945117199074075 0.3630828125 0.685996875 0.342178125 0.6328125 0.359375 0.6970367199074075 0.5624085949074074 0.79003125 0.5380859375 0.7677992199074074 0.46999375 0.7332531250000001 0.4805828125 0.7010039050925926 0.3997421875 0.77440625 0.3662570324074074 0.796753125 0.35675078240740743
1 0.7487414074074074 0.3957898425925926 0.78125 0.455078125 0.8150632824074074 0.46424140740740744 0.79369375 0.36760703240740744 0.7487414074074074 0.3957898425925926
1 0.775390625 0.47265625 0.7947234375 0.53619375 0.99921875 0.46045703240740743 0.99921875 0.38334687500000003 0.775390625 0.47265625
1 0.9041140624999999 0.24419375 0.82421875 0.21875 0.7934265625 0.2897265625 0.8744203125 0.3255234375 0.9041140624999999 0.24419375
1 0.9845882800925926 0.2687679699074074 0.91015625 0.248046875 0.8725125 0.31595625 0.9490125 0.35586562499999996 0.9845882800925926 0.2687679699074074
1 0.99921875 0.27609218750000003 0.984375 0.275390625 0.951240625 0.33888984490740737 0.9989546875 0.356125 0.99921875 0.27609218750000003
1 0.920371875 0.5686718749999999 0.728515625 0.642578125 0.8090515625 0.8715593749999999 0.9733734374999999 0.7327195324074074 0.920371875 0.5686718749999999
1 0.99921875 0.7002484375 0.99921875 0.5371015625 0.9453125 0.5546875 0.99921875 0.7002484375
1 0.99921875 0.7506023449074074 0.912109375 0.818359375 0.9358976574074075 0.86705 0.99921875 0.8290859374999999 0.99921875 0.7506023449074074
1 0.9383625 0.9244156250000001 0.9688109374999999 0.9058078125 0.90535 0.81485 0.884765625 0.8359375 0.88671875 0.8351976574074074 0.9383625 0.9244156250000001
1 0.87081875 0.8371429675925925 0.814453125 0.88671875 0.8341523449074074 0.9670789074074074 0.92505625 0.9044265625 0.87081875 0.8371429675925925
1 0.83911875 0.9670562500000001 0.8502578125 0.9948734375 0.9453125 0.99921875 0.99921875 0.9565046875 0.9763945324074074 0.9103320324074075 0.8984375 0.953125 0.83911875 0.9670562500000001
1 0.9583742199074075 0.8843460925925926 0.99921875 0.9465335949074074 0.9982226574074075 0.8715210949074075 0.9583742199074075 0.8843460925925926
1 0.7117617199074074 0.99921875 0.6622851574074075 0.8769 0.615234375 0.998046875 0.7117617199074074 0.99921875
1 0.824875 0.07765234490740741 0.7860492199074074 0.009078907407407407 0.7109375 0.03515625 0.7071304699074075 0.114525 0.78809375 0.14100625 0.824875 0.07765234490740741
1 0.798828125 0.009765625 0.84354375 0.0929335949074074 0.99921875 0.03543828009259259 0.9961015625 0 0.798828125 0.009765625
1 0.9044648449074074 0.08933984490740741 0.875 0.173828125 0.998909375 0.22296875000000002 0.99921875 0.095703125 0.9044648449074074 0.08933984490740741
0 0.4827585949074074 0.008469532407407407 0.5584625 0.2175507824074074 0.70510625 0.163078125 0.7046187500000001 0 0.4827585949074074 0.008469532407407407
0 0.456721875 0.2222820324074074 0.3758398449074074 0 0.2752570324074074 0.014821875 0.33546953240740746 0.048451562499999996 0.3727554699074074 0.250915625 0.456721875 0.2222820324074074
1 0.3846835925925926 0.2834507824074074 0.36016562500000004 0.3501695300925926 0.4840492175925926 0.3988929699074074 0.4394382824074074 0.25773671990740743 0.3846835925925926 0.2834507824074074
0 0.8206578125 0.09718281250000001 0.790540625 0.15833359490740742 0.8636179699074075 0.18842421990740743 0.886890625 0.09985625000000001 0.8206578125 0.09718281250000001
0 0.4467726574074074 0.2429578125 0.4723234375 0.309765625 0.5821867175925926 0.2743242199074074 0.5457531250000001 0.1858039074074074 0.4467726574074074 0.2429578125
3 0.7263742199074074 0.6470335925925925 0.6897304699074075 0.6573359375000001 0.79716875 0.9978351574074075 0.8441937500000001 0.99921875 0.7263742199074074 0.6470335925925925
0 0.6870304699074075 0.5857984374999999 0.7002703124999999 0.6089765625 0.99921875 0.4997453125 0.99921875 0.473103125 0.6870304699074075 0.5857984374999999
2 0.9975875000000001 0.375303125 0.7963617175925926 0.30774687500000003 0.821690625 0.4531789074074074 0.9975875000000001 0.375303125
3 0.5439554699074074 0.24970703240740738 0.6645273449074074 0.5909867199074074 0.7030015625 0.5744304699074074 0.5686679699074074 0.23427890740740742 0.5439554699074074 0.24970703240740738
0 0.9991515624999999 0.0901140625 0.99921875 0.03256484490740741 0.9149999999999999 0.07493515740740742 0.9991515624999999 0.0901140625