1 0.501953125 0.029296875 0.5550078125 0.0992429699074074 0.5933609375000001 0.06311796990740741 0.5391695300925926 0.0054015625 0.501953125 0.029296875
1 0.4295046875 0.10199765509259259 0.408203125 0.134765625 0.447525 0.1764523449074074 0.4886015625 0.148109375 0.4295046875 0.10199765509259259
1 0.468765625 0.0432742199074074 0.435546875 0.1015625 0.4912414074074074 0.1508023449074074 0.532928125 0.09663359490740742 0.468765625 0.0432742199074074
1 0.4988632824074074 0.1786117199074074 0.451171875 0.224609375 0.4922257800925926 0.2743984375 0.5455171875 0.23422265740740741 0.4988632824074074 0.1786117199074074
1 0.525390625 0.1640625 0.5694429675925926 0.21987890740740743 0.6414562500000001 0.15503671990740742 0.5972515625 0.10266874999999999 0.525390625 0.1640625
1 0.5359195300925926 0.292725 0.498046875 0.32421875 0.558715625 0.4289703125 0.6099015625 0.3963703125 0.5359195300925926 0.292725
1 0.6006789074074074 0.2370523449074074 0.6324046875 0.2887726574074074 0.7082554699074074 0.23635234490740742 0.6792671874999999 0.1866234375 0.6006789074074074 0.2370523449074074
1 0.38258828240740744 0.4057289074074074 0.3322328125 0.44425 0.361828125 0.49533593750000005 0.41638984490740744 0.45921718749999996 0.38258828240740744 0.4057289074074074
1 0.3666015625 0.49898593750000003 0.40133359490740744 0.5405101550925926 0.4494015625 0.4999304699074074 0.4183742199074074 0.4593507824074074 0.3666015625 0.49898593750000003
1 0.243128125 0.4951671875 0.259134375 0.51736875 0.2961882824074074 0.4929242199074074 0.27716875 0.4690078125 0.243128125 0.4951671875
1 0.25458437500000003 0.5244445324074074 0.2771390625 0.5612546875000001 0.29385625 0.5471179699074074 0.2700140625 0.5137437499999999 0.25458437500000003 0.5244445324074074
1 0.311915625 0.48580937500000004 0.273678125 0.5104421874999999 0.3088625 0.5699515625 0.35317656249999996 0.5405992199074073 0.311915625 0.48580937500000004
1 0.2959148449074074 0.5508523449074074 0.285134375 0.565178125 0.303571875 0.5872203125 0.318315625 0.5758835925925926 0.2959148449074074 0.5508523449074074
1 0.30677421990740744 0.591909375 0.32618125000000003 0.6169148425925925 0.36288281250000004 0.5860664074074075 0.3389851574074074 0.5519460949074074 0.30677421990740744 0.591909375
1 0.3995484375 0.6099835949074075 0.3666015625 0.6313695324074075 0.395078125 0.6865476574074074 0.43420625 0.6630390625000001 0.3995484375 0.6099835949074075
1 0.43793046990740736 0.581025 0.4009710949074074 0.6046382824074074 0.4294820300925926 0.6587125 0.4704 0.6284257824074074 0.43793046990740736 0.581025
1 0.47362187499999997 0.5389140625000001 0.44170390740740745 0.576634375 0.4688632800925926 0.6214351574074074 0.5064742199074074 0.5942117199074074 0.47362187499999997 0.5389140625000001
1 0.4620710949074074 0.5104421874999999 0.4792359375 0.5390874999999999 0.51503125 0.49770312499999997 0.49339218749999997 0.4812992199074074 0.4620710949074074 0.5104421874999999
1 0.7114539074074074 0.3662929699074074 0.6427554699074074 0.4058820300925926 0.7185164074074074 0.5201210949074074 0.7784234375 0.4633742199074074 0.7114539074074074 0.3662929699074074
1 0.70441875 0.7373835925925926 0.676775 0.7607078125 0.7124867199074074 0.7992421875 0.7407953125 0.7719296875 0.70441875 0.7373835925925926
1 0.7033359374999999 0.732021875 0.7452359375000001 0.7714234375000001 0.7680867199074074 0.738221875 0.7252609375 0.7039375 0.7033359374999999 0.732021875
1 0.7426460949074074 0.6873992175925926 0.7829609375 0.723646875 0.8138296875000001 0.6863242199074073 0.7642726574074075 0.6592195324074075 0.7426460949074074 0.6873992175925926
1 0.7670820324074074 0.6534015625 0.8127671875 0.6861421875 0.8304468749999999 0.6597796875 0.7957390625 0.6237445324074073 0.7670820324074074 0.6534015625
1 0.8170171875 0.613028125 0.8558125 0.6504382824074073 0.8840296875 0.6171992199074074 0.8379296875000001 0.5884304699074074 0.8170171875 0.613028125
1 0.839328125 0.5854046875 0.8816929699074074 0.6153523449074074 0.9033320324074074 0.5848156250000001 0.86589375 0.5498257824074074 0.839328125 0.5854046875
1 0.8871382824074074 0.5259085949074074 0.9221695324074074 0.5616789050925926 0.950959375 0.5217414074074074 0.9166460949074073 0.49445390509259257 0.8871382824074074 0.5259085949074074
1 0.9442476550925926 0.4721242175925926 0.9747539050925925 0.50379375 0.99921875 0.465834375 0.99921875 0.4172484375 0.9442476550925926 0.4721242175925926
1 0.7205421875 0.8816835949074074 0.7716781250000001 0.9426195324074074 0.8111703124999999 0.9213921875 0.7532484375 0.8517242199074074 0.7205421875 0.8816835949074074
1 0.7960984375000001 0.818890625 0.8495492199074074 0.8757570324074074 0.8785359375 0.8414601550925925 0.8231578125 0.7902984375000001 0.7960984375000001 0.818890625
1 0.86773125 0.8905234375 0.9491632824074074 0.9716820324074074 0.9755929699074074 0.930759375 0.8986632824074073 0.861925 0.86773125 0.8905234375
1 0.7944703125000001 0.9686679675925925 0.8134789074074074 0.99921875 0.8766976574074073 0.99921875 0.8350179699074074 0.9447625000000001 0.7944703125000001 0.9686679675925925
1 0.8758710949074073 0.7033015625 0.916596875 0.7467617199074075 0.9505242199074074 0.7119890624999999 0.9106257824074073 0.6739593749999999 0.8758710949074073 0.7033015625
1 0.99921875 0.7641867199074075 0.9632624999999999 0.7350289074074075 0.9312234375 0.7570265625 0.990875 0.8195453125 0.99921875 0.7995578125 0.99921875 0.7641867199074075
1 0.9984171875 0.6077007824074074 0.9589 0.6284132824074073 0.99921875 0.6784875 0.9984171875 0.6077007824074074
1 0.27009140740740745 0.8391960949074074 0.23280625 0.866103125 0.2724445324074074 0.922384375 0.3053609375 0.9025171875 0.27009140740740745 0.8391960949074074
1 0.315834375 0.9002914074074074 0.35002890740740744 0.8761445324074074 0.3077328125 0.8166328125 0.27240625 0.8328625000000001 0.315834375 0.9002914074074074
1 0.6878867199074074 0.99921875 0.6035984375 0.8865867175925927 0.4737515625 0.9914601574074074 0.6878867199074074 0.99921875
1 0.915828125 0.2793304699074074 0.8595117175925926 0.2769859375 0.8472078125000001 0.33449062500000004 0.903784375 0.3499398449074074 0.915828125 0.2793304699074074
1 0.9409132800925926 0.26195625 0.9078945324074075 0.22446093749999999 0.862290625 0.2608898449074074 0.8729820324074075 0.2756070324074074 0.916671875 0.278396875 0.9409132800925926 0.26195625
1 0.9547929699074075 0.285471875 0.93279375 0.26466093749999997 0.9177851574074074 0.2796804675925926 0.9171492199074074 0.3064679699074074 0.9348890625 0.3092679699074074 0.9547929699074075 0.285471875
1 0.761653125 0.23080390509259258 0.8036773449074074 0.2695242199074074 0.891003125 0.1784859375 0.8516734375 0.1370242199074074 0.761653125 0.23080390509259258
1 0.7314398449074074 0.045168749999999994 0.68698125 0.0801023449074074 0.76961875 0.167571875 0.8161882824074075 0.1267882800925926 0.7844257824074075 0.10210625000000001 0.7954570300925925 0.0875484375 0.8006015624999999 0.0606765625 0.7534382824074074 0.0031820324074074073 0.7164734375 0.0324515625 0.7314398449074074 0.045168749999999994
1 0.6030125 0 0.6313171875 0.0312265625 0.6694109374999999 0 0.6030125 0
3 0 0 0 0.1112851550925926 0.155921875 0 0 0
3 0.342490625 0.1537078125 0.3199453125 0.0009632824074074074 0.2081945324074074 0 0.0015703124999999999 0.17898828009259257 0 0.4443429699074074 0.342490625 0.1537078125
3 0 0.7847796875 0.2709359375 0.5529054699074074 0.230371875 0.4915375 0.2789515625 0.4529359375 0.2936164074074074 0.4729421875 0.4286179675925926 0.3635945324074074 0.34855625 0.1601476574074074 0 0.4570695300925926 0 0.7847796875
3 0.0015703124999999999 0.7928875 0 0.99921875 0.4219085949074074 0.73289375 0.3933523449074074 0.68796875 0.36195703240740745 0.625490625 0.33478125 0.6297898425925926 0.2821414074074074 0.5606632824074074 0.0015703124999999999 0.7928875
3 0.1946828125 0.8720476574074074 0.009420312500000002 0.9954273425925926 0.3053546875 0.99921875 0.1946828125 0.8720476574074074
3 0.5827734375 0.7861960949074074 0.5485203125 0.76305 0.534340625 0.7340523449074075 0.5511820324074074 0.6524390625 0.3093046875 0.8101585949074074 0.43415624999999997 0.9630382824074074 0.5827734375 0.7861960949074074
3 0.34431875 0.99921875 0.4176640625 0.9557640625 0.357590625 0.8791062500000001 0.3161304699074074 0.9199406250000001 0.3070171875 0.90239375 0.25906250000000003 0.9404742199074073 0.34431875 0.99921875
3 0.4374554675925926 0 0.3438460949074074 0.004710157407407407 0.3767195324074074 0.10309765740740741 0.4374554675925926 0
3 0.99921875 0.13573203240740742 0.9527531250000001 0.00041093749999999995 0.7583460949074073 0.00785 0.9833695324074073 0.3258023425925926 0.99921875 0.2945179699074074 0.99921875 0.13573203240740742
1 0.9991617175925925 0 0.9640257800925925 0.0031398449074074076 0.99921875 0.13379375000000002 0.9991617175925925 0
3 0.41548671990740743 0.24754453240740742 0.4702429675925926 0.20474765740740739 0.4066492175925926 0.1381664074074074 0.41548671990740743 0.24754453240740742
3 0.6334578125 0.38486406250000005 0.533825 0.45061093750000003 0.6354875 0.6828046875 0.7415226574074074 0.5800992199074074 0.6334578125 0.38486406250000005
1 0.6129726574074075 0.29446875 0.5652265625 0.329715625 0.5831476574074075 0.35681796990740744 0.6350460949074075 0.32147265740740744 0.6129726574074075 0.29446875
3 0.8748867199074074 0.42579062500000003 0.8100726574074074 0.3640851574074074 0.8052578125 0.3098320324074074 0.7262570324074075 0.22135625 0.6276312500000001 0.2963757800925926 0.6399281250000001 0.3208164074074074 0.5872078125 0.35483671990740745 0.6128257824074075 0.38986875000000004 0.6335124999999999 0.3769898449074074 0.6457664074074074 0.3986390625 0.7139976574074074 0.3600742199074074 0.776965625 0.45266562499999996 0.81289375 0.5005039074074075 0.8748867199074074 0.42579062500000003
3 0.5526664074074075 0 0.6390570324074074 0.0935789074074074 0.6652085949074075 0.05922109490740741 0.5928070324074075 0 0.5526664074074075 0
3 0.6390203125 0.02983125 0.6694835949074074 0.0592703125 0.7341015624999999 0 0.6683421875 0.0030171875000000003 0.6390203125 0.02983125
0 0.8408234375 0.257259375 0.8054476574074074 0.29831406250000003 0.827478125 0.38031328240740736 0.8748687500000001 0.4291453125 0.9021367175925926 0.40505468749999995 0.865496875 0.35435234490740736 0.8496796875 0.32537968749999996 0.8664539050925926 0.27454218750000003 0.8408234375 0.257259375
0 0.6704648449074073 0.0712601574074074 0.6437304699074075 0.0957742175925926 0.75780625 0.21867578009259261 0.7744453125 0.1920828125 0.6704648449074073 0.0712601574074074
0 0.6476375 0.8630070300925925 0.593690625 0.8126234375 0.4160695324074074 0.9954273425925926 0.6476375 0.8630070300925925
0 0.5573765625 0.6939726574074073 0.5996945324074074 0.8170335949074073 0.6722492199074074 0.7921148449074075 0.6521203125 0.6827921875 0.5573765625 0.6939726574074073
3 0.9427742199074074 0.6241109375 0.9106429699074075 0.6672812499999999 0.99921875 0.7682445324074074 0.99921875 0.6803695324074075 0.9427742199074074 0.6241109375
1 0.7702609375 0.8357234375 0.755115625 0.85015625 0.7775515624999999 0.8801007824074074 0.79553125 0.8690039074074074 0.7702609375 0.8357234375
1 0.8056726574074075 0.8366539050925925 0.792871875 0.8540625 0.8163320324074074 0.8839171874999999 0.8368749999999999 0.86424375 0.8056726574074075 0.8366539050925925
1 0.7792015625 0.8820539074074074 0.7933625 0.8982898449074074 0.8153398425925926 0.8840625000000001 0.7988804699074074 0.8662578124999999 0.7792015625 0.8820539074074074
3 0.7668335949074074 0.8273726574074074 0.79045625 0.8516695324074074 0.8057234375 0.8328039074074075 0.7818234375 0.8098148449074074 0.7668335949074074 0.8273726574074074
3 0.8240875000000001 0.7876617199074074 0.8737109375000001 0.8312734374999999 0.8897734374999999 0.8166320324074073 0.8287203125 0.7566875000000001 0.7876640625 0.8045890625 0.7981914074074075 0.8150226574074074 0.8240875000000001 0.7876617199074074
3 0.8305210949074074 0.9428804699074074 0.8325679675925926 0.8694867199074074 0.794825 0.8983273425925925 0.8305210949074074 0.9428804699074074
3 0.99921875 0.9318039074074074 0.9167476550925926 0.8399523425925927 0.8996296874999999 0.8553640625 0.9800078125 0.9258968750000001 0.9814242175925926 0.9387867175925926 0.9471039074074074 0.979403125 0.9273539074074074 0.9554445324074075 0.8961640625 0.99921875 0.9562476574074075 0.99921875 0.99921875 0.9318039074074074
3 0.8718656250000001 0.7002828125 0.8538242199074074 0.7307953125 0.99921875 0.8772046875 0.99921875 0.8368070324074074 0.8718656250000001 0.7002828125
0 0.4517875 0.226334375 0.4183617199074074 0.2538375 0.45579609490740736 0.32966406249999997 0.5024601574074075 0.2935085925925926 0.4517875 0.226334375
0 0.4512671875 0.17941015740740743 0.47227578240740736 0.2017171875 0.5569710949074074 0.12932421990740742 0.5303523449074073 0.0995773449074074 0.4512671875 0.17941015740740743
3 0.7072375 0.23525546990740742 0.7196132824074074 0.2208289074074074 0.6760679699074074 0.1663179675925926 0.7072375 0.23525546990740742
3 0.5899375 0.0955804699074074 0.653384375 0.1732953125 0.6693109375 0.15484453009259258 0.6031578125 0.0823390625 0.5899375 0.0955804699074074
0 0.3728085949074074 0.17691874999999999 0.418928125 0.11430390740740741 0.4081125 0.08624375000000001 0.34941875 0.1183007824074074 0.3497890625 0.1210859375 0.3728085949074074 0.17691874999999999
3 0.4518976550925926 0.39303750000000004 0.4026929699074074 0.42619687500000003 0.4550375 0.5065210949074074 0.4951 0.48528593750000004 0.4518976550925926 0.39303750000000004
3 0.5320726574074074 0.5784335949074074 0.40074062499999996 0.6942773449074074 0.3987757824074074 0.693353125 0.4228085949074074 0.7287546874999999 0.55131875 0.63490625 0.5320726574074074 0.5784335949074074
0 0.5139101550925926 0.5091117199074074 0.47950625 0.5420726550925926 0.5060617199074074 0.5948507824074073 0.5439695300925925 0.571546875 0.5139101550925926 0.5091117199074074