1 0 0.09089687499999999 0.03276796759259259 0.07198359490740741 0.005859375 0.009765625 0 0.09089687499999999
1 0.0390625 0.005859375 0.0610960949074074 0.06308749999999999 0.1509625 0.0222171875 0.1398085949074074 0 0.0390625 0.005859375
1 0.0667875 0.09620703240740741 0.005859375 0.130859375 0.0016328125 0.1734164074074074 0.08733359490740741 0.1264648449074074 0.0667875 0.09620703240740741
1 0.13888515509259258 0.0712664074074074 0.076171875 0.099609375 0.0975421875 0.1428679699074074 0.15753906250000002 0.12137578009259259 0.13888515509259258 0.0712664074074074
1 0.25342578240740743 0 0.19140625 0.02734375 0.21923046990740738 0.0871960949074074 0.3319546875 0.025009375 0.3037796875 0 0.25342578240740743 0
1 0.4320679699074074 0.1175617199074074 0.40243515740740743 0.073440625 0.3249515625 0.1001359375 0.29885859259259256 0.0474703125 0.2578125 0.08203125 0.2841953125 0.16490156250000002 0.4320679699074074 0.1175617199074074
1 0.0675640625 0.1417054699074074 0.08019296990740742 0.1792382824074074 0.10534218749999999 0.16822812499999998 0.0892921875 0.1283414050925926 0.0675640625 0.1417054699074074
1 0.051740625 0.2156921875 0.015546094907407406 0.2295984375 0.027765625 0.2533351574074074 0.062442187499999996 0.2363507824074074 0.051740625 0.2156921875
1 0.1194796875 0.2160453125 0.10229218749999999 0.1686554675925926 0.0838085949074074 0.17714375 0.089065625 0.1935695324074074 0.05261640740740741 0.20986718750000002 0.06595000000000001 0.23889921990740742 0.1194796875 0.2160453125
1 0.237 0.2191304699074074 0.2143398449074074 0.1707273449074074 0.15007578240740743 0.1877445324074074 0.14483046990740742 0.201690625 0.15332500000000002 0.24154531250000003 0.237 0.2191304699074074
1 0 0.3351929699074074 0.011178124999999999 0.34690390740740745 0.03786484490740741 0.3185265625 0 0.27145234490740744 0 0.3351929699074074
1 0.032471875000000004 0.39339140509259257 0.0011960949074074074 0.40000390740740743 0.000046875 0.4545796875 0.0465296875 0.4399375 0.032471875000000004 0.39339140509259257
1 0.03467890740740741 0.3952203125 0.04839375 0.4402695324074074 0.1426257824074074 0.41278671759259256 0.12197421990740741 0.3682328125 0.03467890740740741 0.3952203125
1 0.15426171990740742 0.3324398449074074 0.16486015740740742 0.3798898449074074 0.2194484375 0.3632296875 0.20431562499999997 0.31621875000000005 0.15426171990740742 0.3324398449074074
1 0.2612882824074074 0.3109148449074074 0.2681898449074074 0.3353617175925926 0.3210398425925926 0.32065625000000003 0.3084835949074074 0.293178125 0.2612882824074074 0.3109148449074074
1 0.34092968749999997 0.3581476550925926 0.32695078240740744 0.30382187499999996 0.31614453240740736 0.3070117199074074 0.32498671759259257 0.3241578125 0.28460625 0.3324398449074074 0.2966609375 0.372 0.34092968749999997 0.3581476550925926
1 0.02046484490740741 0.5093914050925926 0.0227203125 0.5213804699074074 0.008209375 0.526646875 0.01720625 0.5599898449074074 0.0909039074074074 0.5415453125 0.08028125 0.5068273449074074 0.0644414074074074 0.5114351574074074 0.0595296875 0.500325 0.02046484490740741 0.5093914050925926
1 0.1230367199074074 0.4891585949074074 0.135128125 0.534534375 0.1807867199074074 0.520803125 0.1653789074074074 0.4740820324074074 0.1230367199074074 0.4891585949074074
1 0.18296171759259258 0.462784375 0.195246875 0.5047109375 0.2347625 0.4941234375 0.22067187500000002 0.4508007800925926 0.18296171759259258 0.462784375
1 0.24720234490740742 0.4529445324074074 0.2541710949074074 0.4683203125 0.23617578240740741 0.46995937499999996 0.2484304675925926 0.5086164074074074 0.2746195324074074 0.49957734259259257 0.27156015509259257 0.4918210925925926 0.3132828125 0.481646875 0.299965625 0.4357359375 0.27580625000000003 0.44148203009259257 0.2778054699074074 0.4487921875 0.24720234490740742 0.4529445324074074
1 0.30792499999999995 0.4310953125 0.3271101574074074 0.484875 0.38640625 0.45603515740740747 0.37012890740740745 0.4117007800925926 0.30792499999999995 0.4310953125
1 0.3988078125 0.3976125 0.4139078125 0.4509828125 0.46489843750000004 0.4323726574074074 0.4488507800925926 0.3767601574074074 0.3988078125 0.3976125
1 0.28815234490740743 0.24962656249999998 0.3283921875 0.2379039074074074 0.34593437499999996 0.29819062500000004 0.3973273449074074 0.284625 0.36134765740740743 0.165503125 0.27145234490740744 0.1919296875 0.28815234490740743 0.24962656249999998
1 0.41913671990740736 0.2780296875 0.43314375 0.3283429699074074 0.5243789074074074 0.2972375 0.5094148449074074 0.2514179699074074 0.41913671990740736 0.2780296875
1 0.5299679699074075 0.2429140625 0.54303125 0.2915617199074074 0.6338835949074074 0.26687734490740744 0.617246875 0.217490625 0.5299679699074075 0.2429140625
1 0.6176437499999999 0.212259375 0.6340539074074074 0.2635882800925926 0.731490625 0.2323875 0.7154101574074074 0.1849234375 0.6176437499999999 0.212259375
1 0.7151039074074075 0.18296171759259258 0.7308085949074075 0.23545859490740742 0.8194140625 0.2051375 0.8009882824074074 0.15629375 0.7151039074074075 0.18296171759259258
1 0.7802765625 0.0777289074074074 0.8192109375000001 0.204225 0.8719203125 0.18738984490740743 0.8278804675925926 0.052756250000000005 0.7802765625 0.0777289074074074
1 0.7760867199074073 0.08413046990740741 0.7615867199074075 0.0639414074074074 0.5812835949074073 0.1402359375 0.555909375 0.0814210949074074 0.5315398449074075 0.0919382800925926 0.5655695324074075 0.1772039050925926 0.7760867199074073 0.08413046990740741
1 0.4316929699074074 0.1345304699074074 0.4478695324074074 0.18254765740740742 0.5518382800925926 0.1470984375 0.5324179699074074 0.097284375 0.4316929699074074 0.1345304699074074
1 0.38445781250000005 0.15067421759259259 0.40212656249999995 0.2025710949074074 0.4507539074074074 0.1854257824074074 0.4317539050925926 0.13434374999999998 0.38445781250000005 0.15067421759259259
1 0.4544140625 0.19970312499999998 0.4616609375 0.2207 0.5145835949074075 0.2020101574074074 0.5036390625 0.17902109490740742 0.4544140625 0.19970312499999998
1 0.507628125 0.0227203125 0.5249515625 0.0708570324074074 0.5806671875 0.04845 0.5618398425925926 0.0010132824074074074 0.507628125 0.0227203125
1 0.5088570324074074 0.022311719907407407 0.475340625 0.036472657407407405 0.49378750000000005 0.0865640625 0.5280273449074074 0.07187578240740741 0.5088570324074074 0.022311719907407407
1 0.468165625 0.01614375 0.47516328009259257 0.0377453125 0.5095132824074073 0.021681250000000003 0.5014460949074074 0.0036437500000000003 0.468165625 0.01614375
1 0.33681640740740737 0 0.3067296875 0.0011960949074074074 0.32668906249999996 0.020508594907407404 0.33681640740740737 0
1 0.3378210949074074 0.0011960949074074074 0.35101015740740743 0.038806249999999994 0.3903789050925926 0.026065625000000002 0.3799804699074074 0 0.3378210949074074 0.0011960949074074074
1 0.38146875 0.0023914074074074076 0.3920507824074074 0.0272796875 0.4168179699074074 0.014824219907407407 0.4103921875 0 0.38146875 0.0023914074074074076
1 0.4537859375 0.000084375 0.4107664050925926 0 0.4181210949074074 0.014952344907407407 0.4537859375 0.000084375
1 0.3497789074074074 0.042451562500000005 0.3562367199074074 0.06031953240740741 0.387321875 0.04758046990740741 0.3790351574074074 0.031075000000000002 0.3497789074074074 0.042451562500000005
1 0.35635625 0.06517265740740741 0.3659695324074074 0.08876171759259259 0.39907656249999995 0.07323515740740741 0.3877140625 0.04921328240740741 0.35635625 0.06517265740740741
1 0.21093984490740741 0 0.1662046875 0.0016789074074074076 0.1742546875 0.01696875 0.21093984490740741 0
1 0.5379882824074074 0.349309375 0.48686250000000003 0.365146875 0.5015554699074074 0.41639375 0.550553125 0.4010351574074074 0.5379882824074074 0.349309375
1 0.5489789074074074 0.3533945324074074 0.5697351550925925 0.4144984375 0.6244445324074074 0.39462812500000005 0.60433125 0.33408515740740746 0.5489789074074074 0.3533945324074074
1 0.6144539074074075 0.3382851574074074 0.630540625 0.386515625 0.6864242199074074 0.36884531249999997 0.6696195324074075 0.3207195324074074 0.6144539074074075 0.3382851574074074
1 0.810884375 0.3276320324074074 0.8092546875000001 0.32056875 0.7500359375000001 0.33696718750000004 0.7514492199074074 0.3469054699074074 0.7185414074074075 0.3517164074074074 0.7317460949074074 0.39511640740740744 0.7630601574074075 0.3894304699074074 0.7677390625 0.39895312499999996 0.8398015625 0.372403125 0.8458835949074074 0.35687734490740736 0.8587765625 0.356565625 0.84436875 0.3185789074074074 0.810884375 0.3276320324074074
1 0.5617375 0.42086640740740744 0.5422640625 0.42894218749999996 0.557078125 0.4769601574074074 0.5751914074074074 0.4715 0.5760734375 0.4836289050925926 0.5973835925925925 0.4731429699074074 0.5833890625 0.4351492199074074 0.5678890625 0.438884375 0.5617375 0.42086640740740744
1 0.2119523425925926 0.5428195324074074 0.1683585949074074 0.554053125 0.1815203125 0.6118367199074074 0.24162734490740742 0.5949171875 0.23623125 0.570784375 0.2408734375 0.5668171875 0.2265820300925926 0.5271820324074074 0.2072859375 0.5318992199074074 0.2119523425925926 0.5428195324074074
1 0.3459125 0.490084375 0.3265414074074074 0.4960992199074074 0.3434101574074074 0.5592695324074074 0.36476875 0.5438773449074075 0.3459125 0.490084375
1 0.40175000000000005 0.4805875 0.4234640625 0.5502265625 0.45306171990740746 0.5409 0.42946406249999997 0.46942265740740746 0.40175000000000005 0.4805875
1 0.000940625 0.6097515625 0.0009773425925925926 0.679384375 0.03475 0.6684343749999999 0.015059375 0.602459375 0.000940625 0.6097515625
1 0.022583594907407405 0.6059882824074074 0.036569530092592596 0.6636296875 0.09467109490740741 0.6482726550925926 0.0725796875 0.5920789074074074 0.022583594907407405 0.6059882824074074
1 0.0884515625 0.579640625 0.108421875 0.6455203125 0.1721210949074074 0.627884375 0.1454398449074074 0.5593765625 0.0884515625 0.579640625
1 0 0.7320789074074073 0.001 0.8175679699074074 0.077553125 0.7973734375 0.0505109375 0.7130164050925926 0 0.7320789074074073
1 0.0639859375 0.7104359375 0.0814898449074074 0.7655164074074073 0.16202421759259258 0.7378679675925925 0.14350625 0.6834085949074074 0.0639859375 0.7104359375
1 0.0828054699074074 0.7678359375 0.1005078125 0.8231734375 0.1375804699074074 0.8101460949074074 0.11862500000000001 0.7542171875 0.0828054699074074 0.7678359375
1 0.1609070324074074 0.6982039074074073 0.1805015625 0.7645679699074074 0.2257859375 0.7496632800925925 0.205415625 0.6790976574074074 0.1609070324074074 0.6982039074074073
1 0.3988414050925926 0.6846953124999999 0.3788382824074074 0.6130414074074074 0.356203125 0.6152359375 0.3615289050925926 0.6316 0.3302820324074074 0.6436273425925926 0.34397421990740745 0.7003648449074075 0.3988414050925926 0.6846953124999999
1 0.3291835949074074 0.7896695324074074 0.3495351574074074 0.7930398449074074 0.40623671759259256 0.7766062499999999 0.38878828240740737 0.7175484375000001 0.3573351574074074 0.7256390625 0.3523585949074074 0.7377578124999999 0.31710859490740745 0.747134375 0.3291835949074074 0.7896695324074074
1 0.5792914074074074 0.6687835949074074 0.5641843750000001 0.6670960949074074 0.44037656249999996 0.7066726574074074 0.4601554699074074 0.7687140625 0.5999710949074074 0.723709375 0.5792914074074074 0.6687835949074074
1 0.5554804699074074 0.6333421874999999 0.5351609375 0.57275625 0.4573140625 0.6022242199074074 0.4718992175925926 0.6483390625 0.490909375 0.6572234375 0.5554804699074074 0.6333421874999999
1 0.41402890740740744 0.6699742199074074 0.4192375 0.6972187500000001 0.46271718749999996 0.6858679675925926 0.45385859490740743 0.6587304699074075 0.41402890740740744 0.6699742199074074
1 0.58716875 0.5721125 0.594534375 0.605715625 0.6487835949074074 0.590278125 0.63525 0.555171875 0.58716875 0.5721125
1 0.5956375 0.6069289074074073 0.601084375 0.6295929699074074 0.6428070324074073 0.6185039074074075 0.6362648449074074 0.5958171875 0.5956375 0.6069289074074073
1 0.6011617199074074 0.6283789074074074 0.6109296875 0.6622898449074074 0.6470828125 0.6512109375 0.64000625 0.6204851574074075 0.6011617199074074 0.6283789074074074
1 0.6110507824074074 0.6818929699074074 0.6150851574074074 0.6831632800925925 0.63675 0.6772523449074074 0.650665625 0.6665242199074074 0.6470921875000001 0.6482390625 0.6042093749999999 0.6625210949074074 0.6110507824074074 0.6818929699074074
1 0.6173960949074073 0.6866328125000001 0.6262 0.7153546875000001 0.6749773449074075 0.7006140625 0.6650015625 0.66161875 0.6173960949074073 0.6866328125000001
1 0.6742179699074073 0.5328804699074075 0.6930953125 0.5975453125 0.7523453125 0.5736851574074074 0.7583679699074074 0.588428125 0.7825281249999999 0.5824539074074074 0.7735546875 0.558446875 0.7567734375 0.5644226574074074 0.7436257824074074 0.5106117175925926 0.6742179699074073 0.5328804699074075
1 0.7186242199074074 0.6231265625 0.7325484375 0.6782765624999999 0.832209375 0.6471984375 0.813878125 0.5913265625 0.7186242199074074 0.6231265625
1 0.8343132824074074 0.5424039074074074 0.8279851574074074 0.5231140625 0.844809375 0.519684375 0.8355375 0.4949757800925926 0.791203125 0.5080507800925926 0.8073765625 0.5487648449074074 0.8343132824074074 0.5424039074074074
1 0.8341367175925926 0.5476117199074074 0.875571875 0.537371875 0.8660148449074073 0.5152601574074074 0.8475468749999999 0.5195109375 0.8282609375 0.525171875 0.8341367175925926 0.5476117199074074
1 0.8670476574074074 0.5133476574074074 0.87126875 0.5195179675925926 0.913784375 0.49913124999999997 0.8955054699074074 0.4507671875 0.8432499999999999 0.4674640625 0.8595031249999999 0.5153476574074074 0.8670476574074074 0.5133476574074074
1 0.9399265625 0.6000445324074074 0.9272960949074074 0.6030359375000001 0.9143609374999999 0.5572171875 0.8680796875 0.5710796875 0.8821374999999999 0.620846875 0.8881507824074073 0.619190625 0.8928171874999999 0.6371656250000001 0.8892945324074074 0.6376226574074074 0.892403125 0.646890625 0.9504429699074074 0.6285726550925926 0.9399265625 0.6000445324074074
1 0.4860859375 0.815078125 0.4922601550925926 0.8364421875 0.5108695324074074 0.82960625 0.5041359375 0.8102023425925926 0.4860859375 0.815078125
1 0.569065625 0.963715625 0.5817875 0.9612499999999999 0.563203125 0.9159351574074074 0.5741085949074074 0.9113242175925926 0.55465625 0.8640789050925926 0.45457187499999996 0.9096210949074075 0.46840781249999996 0.9544179675925926 0.5006960949074074 0.94155 0.5160265625 0.9823679699074075 0.5274898449074074 0.9756007824074074 0.5350851574074075 0.99921875 0.584028125 0.99921875 0.569065625 0.963715625
1 0.35255625 0.9412625 0.41408593749999995 0.9215320300925925 0.40325468750000004 0.878246875 0.2420882824074074 0.9210812500000001 0.258315625 0.9678226574074074 0.230165625 0.9744109375 0.2391539074074074 0.99921875 0.33410625 0.99921875 0.3247335949074074 0.9738718749999999 0.3611679699074074 0.9638351574074073 0.35255625 0.9412625
1 0.1172054699074074 0.9480203125000001 0.13226484490740742 0.998434375 0.1952695300925926 0.99921875 0.1705296875 0.9313859375 0.1172054699074074 0.9480203125000001
1 0.09491250000000001 0.80681875 0.0835609375 0.8107804675925926 0.09491250000000001 0.8436156250000001 0.1061617199074074 0.8468609375 0.09491250000000001 0.80681875
1 0.99921875 0.09387734490740741 0.989334375 0.034549219907407405 0.948640625 0.04455703240740741 0.9435796875 0.03036015740740741 0.8962445324074074 0.040565624999999994 0.9178351574074074 0.11767109490740742 0.99921875 0.09387734490740741
1 0.99921875 0.3008148449074074 0.99921875 0.2309640625 0.9837140624999999 0.2408578125 0.99921875 0.3008148449074074
1 0.6059476574074074 0.0012679699074074073 0.6259132824074074 0.0561046875 0.7170867199074074 0.0187875 0.7075945300925925 0 0.6059476574074074 0.0012679699074074073
2 0.5757742199074074 0.9673171875000001 0.5883117199074074 0.99921875 0.7713210949074074 0.99921875 0.7817007824074074 0.9720992199074074 0.8250749999999999 0.985796875 0.8242734374999999 0.99921875 0.9007460949074074 0.99921875 0.8361195324074074 0.8332648449074074 0.9258679699074074 0.8051320324074075 0.8953375 0.7092171875 0.511296875 0.8106101550925926 0.5161484375 0.8315453125 0.4934117199074074 0.8414171875 0.4899710949074074 0.8317171875 0.4364765625 0.8522492175925926 0.4541492199074074 0.90935625 0.5578109375 0.8582414074074074 0.5893875 0.9582929699074074 0.5757742199074074 0.9673171875000001
3 0.7846109375 0.975921875 0.7762749999999999 0.9987078125000001 0.8190976574074074 0.99921875 0.8210539074074075 0.9913078125 0.7846109375 0.975921875
3 0.8986875 0.7090976574074075 0.9307046875 0.8087765625000001 0.9912523449074074 0.788415625 0.9537359375 0.6874453125000001 0.8986875 0.7090976574074075
3 0.38357187499999995 0.99921875 0.5196585949074074 0.99921875 0.4997210949074074 0.9490851574074074 0.4660070324074074 0.959246875 0.45331484490740737 0.9197421874999999 0.3582804699074074 0.9449656249999999 0.38357187499999995 0.99921875
3 0.3844054699074074 0.7068578125 0.41311328009259257 0.8107476574074075 0.46997500000000003 0.7926609375 0.43499296990740743 0.6968453124999999 0.3844054699074074 0.7068578125
3 0.4635257824074074 0.7710499999999999 0.47117109490740744 0.7904921874999999 0.5926007800925925 0.7575210949074075 0.5819289074074074 0.7286148449074075 0.4635257824074074 0.7710499999999999
3 0.570109375 0.6313414050925926 0.49486328009259256 0.6592273449074073 0.4575546875 0.6613265625000001 0.46676796990740743 0.6888476574074074 0.5778414074074074 0.6593617199074074 0.570109375 0.6313414050925926
3 0.5650382824074074 0.5486171875 0.5706195324074074 0.5761617175925926 0.6443453124999999 0.554175 0.6329132824074074 0.5282859375 0.5650382824074074 0.5486171875
3 0.6502 0.5335960949074073 0.636928125 0.5389140625000001 0.6381875 0.5956421875000001 0.6542679675925925 0.6654140624999999 0.69251875 0.6503749999999999 0.6502 0.5335960949074073
3 0.6223820300925925 0.7182617175925926 0.6240812499999999 0.74358125 0.7096515625 0.7176492199074075 0.687509375 0.6523320324074073 0.6665515624999999 0.6643125 0.6796664050925926 0.7057265625 0.6223820300925925 0.7182617175925926
2 0.724771875 0.6807335949074074 0.7279242199074074 0.7152320300925926 0.8549992199074075 0.6806492175925926 0.8417234375 0.6445960925925925 0.724771875 0.6807335949074074
2 0.8126539050925926 0.552609375 0.78633125 0.5056375 0.8434117199074074 0.49008203240740744 0.8388484374999999 0.4593242175925926 0.7598539074074074 0.4866648449074074 0.7817828124999999 0.5611085949074074 0.8126539050925926 0.552609375
2 0.9815109375 0.5454187500000001 0.9487562500000001 0.431153125 0.9024632824074075 0.4403578125 0.9183218750000001 0.5015898449074074 0.8748023449074074 0.525478125 0.8854617199074073 0.5623851574074075 0.9815109375 0.5454187500000001
2 0.9789890625 0.5456492199074074 0.9210804699074074 0.5650382824074074 0.9387257824074074 0.6007328125 0.9526718750000001 0.61450625 0.9553367199074074 0.631528125 0.8857742199074075 0.6525328125000001 0.8913140625000001 0.6652570324074074 0.98326875 0.6384414074074074 0.9979406249999999 0.6164976574074074 0.9789890625 0.5456492199074074
2 0.203771875 0.6523695324074075 0.22576249999999998 0.7502609375 0.2660953125 0.7426421875 0.2416351574074074 0.638278125 0.203771875 0.6523695324074075
3 0.26060781250000004 0.7477015625 0.1806335949074074 0.7688109375000001 0.2034015625 0.8745226574074074 0.27953046990740743 0.8521124999999999 0.26060781250000004 0.7477015625
2 0.1448054699074074 0.8001601574074074 0.16734609490740743 0.8795492199074074 0.2037929699074074 0.8724898449074074 0.1790007824074074 0.7867890625 0.1448054699074074 0.8001601574074074
2 0.0011953125 0.7932210949074074 0 0.9080093749999999 0.0121203125 0.92611875 0.12764375 0.8931742199074074 0.08780390740740741 0.8222523425925926 0.05075625 0.8359882824074073 0.0011953125 0.7932210949074074
3 0.24407890509259259 0.6449054699074074 0.2694367199074074 0.729740625 0.34405234490740744 0.7040851574074074 0.3213679675925926 0.6261460949074075 0.24407890509259259 0.6449054699074074
3 0.8236898449074075 0.591090625 0.8380117199074074 0.6515273449074074 0.8707757824074074 0.6394210949074074 0.838053125 0.5459437500000001 0.7852320300925926 0.562053125 0.7918304699074074 0.5973476574074075 0.8236898449074075 0.591090625
3 0.6777476574074074 0.6001203125000001 0.6832085949074075 0.6179 0.75895 0.5928281249999999 0.7521914050925926 0.5764304699074074 0.6777476574074074 0.6001203125000001
3 0.4294351574074074 0.462365625 0.45647890740740743 0.5447101574074074 0.51473125 0.5237203125 0.4908484375 0.44038125 0.4294351574074074 0.462365625
2 0.674015625 0.3149882824074074 0.6924023449074075 0.369115625 0.677678125 0.37790625000000005 0.6751992175925926 0.43739843749999996 0.643890625 0.45221249999999996 0.6450804675925925 0.4866265625 0.7396914074074075 0.45897109259259256 0.701090625 0.3078335949074074 0.674015625 0.3149882824074074
3 0.8730789074074075 0.35093906249999995 0.8464445324074075 0.2649960949074074 0.7046187500000001 0.306778125 0.71841875 0.3508460949074074 0.7498351550925926 0.3445070324074074 0.7471328125 0.33109218749999997 0.8102867175925925 0.3151054699074074 0.8130914074074075 0.3259664074074074 0.8472226550925925 0.318359375 0.859290625 0.35213125 0.8730789074074075 0.35093906249999995
3 0.729996875 0.4053054699074074 0.7441851574074073 0.4607648449074074 0.8905351550925926 0.4134367175925926 0.8731632800925927 0.3562546875 0.729996875 0.4053054699074074
0 0.5400101574074074 0.4389 0.4928257824074074 0.4598460949074074 0.5045789074074074 0.4881578125 0.5161570324074074 0.522875 0.5679804699074074 0.5106117175925926 0.5400101574074074 0.4389
0 0.2269109375 0.5195070324074075 0.2464226574074074 0.6079546874999999 0.3469273449074074 0.5762289074074074 0.31338515509259257 0.47833203240740746 0.2269109375 0.5195070324074075
0 0.422484375 0.5486554699074074 0.387396875 0.4463375 0.3448453125 0.479946875 0.370159375 0.5466023449074074 0.33181484490740737 0.5792554699074074 0.422484375 0.5486554699074074
0 0.5635460949074074 0.4165015625 0.5723859375 0.4390984375 0.6411703125 0.42476718750000003 0.6259007824074074 0.3932226550925926 0.5635460949074074 0.4165015625
3 0.5702375000000001 0.5072929699074075 0.6458851550925926 0.48238125 0.6337789050925926 0.42864843750000003 0.5880523449074074 0.4380953125 0.6055781250000001 0.477246875 0.5646914050925926 0.4875625 0.5635460949074074 0.4866648449074074 0.5702375000000001 0.5072929699074075
0 0.296890625 0.8435023425925926 0.41492656250000004 0.8099015625 0.40402187500000003 0.7737125 0.3472125 0.7957867199074073 0.328453125 0.7906492199074074 0.308559375 0.7294984375 0.26647109490740745 0.7441789074074074 0.296890625 0.8435023425925926
0 0.7225328125 0 0.7460742199074074 0.05033671990740741 0.8272359375 0 0.7225328125 0
0 0.838228125 0.8352421875 0.9048218750000001 0.99921875 0.9488695324074073 0.99921875 0.8788726574074074 0.82280625 0.838228125 0.8352421875
1 0.9300375000000001 0.8285242175925925 0.9712593749999999 0.9293140625 0.99921875 0.916978125 0.99921875 0.7615507800925926 0.9300375000000001 0.8285242175925925
0 0.9576546874999999 0.6911835949074074 0.985278125 0.7703242199074074 0.99921875 0.7631046875 0.99921875 0.6649710949074075 0.9576546874999999 0.6911835949074074
0 0.37695 0.6079640624999999 0.3974554675925926 0.6736421874999999 0.4738804699074074 0.64776875 0.453603125 0.582434375 0.37695 0.6079640624999999
3 0.09343671990740741 0.5408054699074074 0.0031046875 0.5669773449074074 0.0013320324074074074 0.6055789074074075 0.10205859259259259 0.5765570324074074 0.09343671990740741 0.5408054699074074
2 0.0758742199074074 0.48674921990740744 0.09197187500000001 0.5379820324074074 0.131315625 0.5388476574074074 0.1114679699074074 0.46954062500000004 0.0758742199074074 0.48674921990740744
3 0.9359507824074074 0.228265625 0.9725039074074074 0.38214609490740736 0.99921875 0.3753195300925926 0.99921875 0.3112289050925926 0.9795617175925926 0.2405164050925926 0.99921875 0.2287460949074074 0.99921875 0.2106351574074074 0.9359507824074074 0.228265625
0 0.8472382800925926 0.241640625 0.6885078125 0.2882703125 0.6809179699074074 0.31072343750000003 0.8498937500000001 0.2648765625 0.8472382800925926 0.241640625
0 0.43563515740740744 0.34494765740740746 0.84744375 0.22909453240740743 0.8427460925925926 0.2070539074074074 0.4781820300925926 0.3173445324074074 0.4335640625 0.327428125 0.43563515740740744 0.34494765740740746
0 0.3315726574074074 0.3031164074074074 0.35024218749999997 0.36594375 0.4194726550925926 0.3493695324074074 0.3974296875 0.2857765625 0.3315726574074074 0.3031164074074074
0 0.5159171875 0.1991914074074074 0.5278085949074074 0.24311171990740743 0.6141398449074074 0.21332734490740743 0.597928125 0.16418750000000001 0.5159171875 0.1991914074074074
0 0.602521875 0.1655015625 0.6176101574074074 0.21314140740740742 0.7981945324074075 0.1527625 0.779046875 0.089659375 0.602521875 0.1655015625
0 0.4088234375 0.07573125 0.437528125 0.127596875 0.5104078125 0.100784375 0.460409375 0.0038953125 0.3875609375 0.03692578240740741 0.40105 0.07573125 0.4088234375 0.07573125
2 0.1124125 0.9299890624999999 0.0936148449074074 0.9390265624999999 0.0391453125 0.9481125 0 0.9960203125 0.1302578125 0.99921875 0.1124125 0.9299890624999999
0 0.2138460949074074 0.9841570324074075 0.2542101574074074 0.9660000000000001 0.2359757800925926 0.9034945324074074 0.192975 0.9188304699074074 0.19259921759259258 0.9200226574074074 0.2138460949074074 0.9841570324074075
0 0.3974601574074074 0.8626304699074074 0.4186648449074074 0.9304546875 0.4548210949074074 0.916896875 0.43400781250000003 0.8527281250000001 0.3974601574074074 0.8626304699074074
3 0 0.3753585949074074 0.16061875 0.3227117199074074 0.1127296875 0.2174140625 0.0279625 0.2618328125 0.00008984490740740741 0.2181992199074074 0 0.265425 0.043927344907407406 0.3207226574074074 0.011050782407407408 0.35249375 0 0.34332578240740735 0 0.3753585949074074
2 0.29651875 0.2820617175925926 0.254921875 0.2152875 0.15299375 0.24350859259259258 0.1136875 0.1727382824074074 0.1171390625 0.21938203240740742 0.16649843749999998 0.3254117199074074 0.29651875 0.2820617175925926
3 0.19181875 0.12115703240740741 0.11239921990740741 0.163859375 0.139871875 0.19395625000000002 0.2293664074074074 0.16950625 0.19181875 0.12115703240740741
0 0.1637507824074074 0.0482226574074074 0.1394835925925926 0.06838749999999999 0.1609390625 0.1388773449074074 0.1993703125 0.11745390740740741 0.1637507824074074 0.0482226574074074
0 0.09682578240740741 0.1449 0.1043984375 0.16842968749999998 0.1603015625 0.1371164074074074 0.1528882824074074 0.11927578240740741 0.09682578240740741 0.1449
0 0.0651289050925926 0.140646875 0.0006773425925925926 0.17672421990740741 0.015949217592592595 0.2276179699074074 0.0871796875 0.1960265625 0.0651289050925926 0.140646875
3 0.2504648449074074 0.0715796875 0.209690625 0.0941546875 0.2569554699074074 0.1882375 0.284725 0.17579296759259258 0.2504648449074074 0.0715796875
3 0.5261703125 0.2496375 0.5128695324074074 0.20450156249999998 0.462784375 0.2244601574074074 0.44592031249999997 0.1937890625 0.3920429699074074 0.20719375 0.417159375 0.2777289074074074 0.5261703125 0.2496375
3 0.6257210925925926 0.0587046875 0.6017734374999999 0 0.5626734375 0.0013539074074074074 0.5833382824074074 0.05056875 0.5515726574074075 0.0626296875 0.55729375 0.08226015740740741 0.5799265625 0.0733890625 0.5925296875 0.1154992199074074 0.73308125 0.049954687500000004 0.7190343750000001 0.0219953125 0.6257210925925926 0.0587046875
0 0.8524742199074075 0.03182421990740741 0.8815523449074075 0.12791484490740743 0.902965625 0.1193554699074074 0.8678937499999999 0.023934375 0.8524742199074075 0.03182421990740741
3 0.99921875 0.03190078009259259 0.99919375 0 0.8929835925925926 0.000015625 0.8605992199074074 0.008125 0.9229453125 0.1824929699074074 0.99921875 0.1560859375 0.99921875 0.093953125 0.9148390624999999 0.12065156249999999 0.8945578125 0.0395546875 0.9462953125 0.030234374999999997 0.9516828125000001 0.04332421759259259 0.99921875 0.03190078009259259
0 0.8592453125 0.1936515625 0.8706632824074073 0.25192265740740744 0.9325734375000001 0.245965625 0.9315070324074074 0.18132656249999998 0.8592453125 0.1936515625
3 0.1309625 0.384190625 0.146309375 0.42942890740740736 0.2521789074074074 0.3993023449074074 0.2437898425925926 0.3565359375 0.1309625 0.384190625
3 0.20560234259259258 0.3154164074074074 0.2216585949074074 0.3621929699074074 0.2485703125 0.35528281250000004 0.2342945324074074 0.3047609375 0.20560234259259258 0.3154164074074074
0 0.1887617199074074 0.5175609375 0.1336445324074074 0.5431960949074074 0.09384218750000001 0.5405 0.10285 0.5748375 0.1993789074074074 0.5445195324074074 0.1887617199074074 0.5175609375