1 0.001953125 0.1640625 0.03635390740740741 0.18966640740740742 0.1396710949074074 0 0.0020984375 0.005447657407407407 0.001953125 0.1640625
1 0.2403539074074074 0.1606609375 0.26411953240740743 0.1191398425925926 0.2369367175925926 0.10266328240740741 0.2561367199074074 0.0735101574074074 0.1382945300925926 0.0220890625 0.0739609375 0.15323671759259258 0.1298273449074074 0.17802265740740741 0.1691734375 0.19880625 0.1816171875 0.18555625 0.2458945324074074 0.22598593749999998 0.2747554699074074 0.175959375 0.2403539074074074 0.1606609375
1 0.31780703240740743 0.2662242199074074 0.07298906250000001 0.15366093749999998 0.04541171990740741 0.1961085949074074 0.3357507824074074 0.3463710949074074 0.3858554675925926 0.24100703009259258 0.2876265625 0.18798671759259258 0.27490859490740743 0.21023359490740742 0.3356640625 0.2336421875 0.31780703240740743 0.2662242199074074
1 0.2639835949074074 0 0.46110625 0.0899632824074074 0.4937109375 0.024940625 0.43975390740740744 0 0.2639835949074074 0
1 0.4606953125 0.09477890740740741 0.4084335925925926 0.0705578125 0.3366265625 0.209921875 0.38357187499999995 0.24054609490740742 0.4606953125 0.09477890740740741
0 0.375103125 0.13678593749999998 0.4011476574074074 0.0862578125 0.21892734259259258 0 0.1916492199074074 0.0410140625 0.18915781250000002 0.0423609375 0.375103125 0.13678593749999998
1 0.515296875 0.012200782407407407 0.4760726574074074 0.0986007824074074 0.640546875 0.1804179699074074 0.6905320324074075 0.0966046875 0.515296875 0.012200782407407407
1 0.4764578125 0.09657421990740742 0.35356875000000004 0.3505804675925926 0.4000835949074074 0.3825023449074074 0.5319015625 0.1253828125 0.4764578125 0.09657421990740742
1 0.5159109375 0.16134687499999997 0.622978125 0.216553125 0.6402867199074074 0.17565624999999999 0.5341460949074074 0.1247023449074074 0.5159109375 0.16134687499999997
1 0.531959375 0.231865625 0.494 0.2071609375 0.40498125 0.37588046990740737 0.445671875 0.4015070324074074 0.531959375 0.231865625
1 0.809896875 0.1637898449074074 0.6912015625000001 0.0976046875 0.6648242199074075 0.13948203240740742 0.7806289074074074 0.20740234490740742 0.809896875 0.1637898449074074
1 0.6660414074074075 0.1394234375 0.6304476550925926 0.2081570300925926 0.7147273449074073 0.234675 0.740778125 0.18181484490740743 0.6660414074074075 0.1394234375
1 0.7139570324074074 0.277190625 0.6815921875000001 0.2652117199074074 0.6726671875 0.28793593749999996 0.723321875 0.32337421990740745 0.7834140624999999 0.20895468749999999 0.7419960949074074 0.18724218750000002 0.7139570324074074 0.277190625
1 0.6792499999999999 0.26592343749999997 0.6159984375 0.22392578240740743 0.59995 0.2436117199074074 0.66965625 0.2877648449074074 0.6792499999999999 0.26592343749999997
1 0.5917953125 0.32802734490740737 0.6302921875 0.2611226574074074 0.60056875 0.24401171759259258 0.5737710949074074 0.2327960949074074 0.5387953125 0.3011710949074074 0.5917953125 0.32802734490740737
1 0.6312179699074074 0.3780710949074074 0.6799773449074074 0.41298046990740744 0.7247570300925926 0.3249539074074074 0.6293195324074075 0.264596875 0.6192585949074074 0.2891226574074074 0.6679828125 0.3171804699074074 0.6312179699074074 0.3780710949074074
1 0.5328234374999999 0.3351039074074074 0.5696078125 0.3557085949074074 0.5638734375 0.3740445324074074 0.6129984374999999 0.4039703125 0.6434765625 0.35238984490740743 0.5129234375 0.2828546875 0.5328234374999999 0.3351039074074074
1 0.6689937499999999 0.4441734375 0.6154875 0.4085679675925926 0.574703125 0.4620375 0.6372804699074074 0.49924453240740746 0.6689937499999999 0.4441734375
1 0.6114921875 0.406621875 0.5140867199074074 0.3568429699074074 0.5323578125 0.3252945324074074 0.5105242199074074 0.2809007824074074 0.4494242199074074 0.3980242199074074 0.5774882824074075 0.46054453240740745 0.6114921875 0.406621875
1 0.8785789050925926 0 0.5622078125 0.0018429675925925927 0.8229914074074074 0.1344671875 0.8785789050925926 0
1 0.9364195324074074 0.1832648449074074 0.9613757824074075 0.13509375 0.9199375000000001 0.109690625 0.9421507824074075 0.0682234375 0.878240625 0.04786796990740741 0.8442328125 0.13271796759259258 0.9364195324074074 0.1832648449074074
1 0.9041039050925925 0 0.8829421875 0.038709375 0.9406320324074074 0.0696929699074074 0.992309375 0.00118125 0.9041039050925925 0
1 0.93944375 0.184978125 0.99921875 0.21997968750000002 0.9935765625 0.051108594907407406 0.9603609375 0.1253445324074074 0.9609804699074074 0.1279226574074074 0.93944375 0.184978125
1 0.99921875 0.3855742199074074 0.8482437500000001 0.3170914074074074 0.7722 0.4891734375 0.7447664074074074 0.4707765625 0.8569273425925926 0.2550023449074074 0.99921875 0.3283671875 0.9972273449074074 0.25621875 0.8284851574074075 0.16681875000000002 0.6572242175925926 0.4996789074074074 0.99921875 0.6775148449074074 0.99921875 0.615209375 0.9662367199074074 0.6042148449074074 0.99921875 0.5449695324074074 0.99921875 0.3855742199074074
1 0.8733257824074074 0.3925664074074074 0.9480914074074074 0.4286640625 0.9228210949074074 0.48704453240740736 0.9522085949074074 0.5034796874999999 0.99921875 0.39132734490740745 0.8529874999999999 0.324628125 0.7936867175925926 0.45427500000000004 0.835640625 0.47620937500000005 0.8733257824074074 0.3925664074074074
1 0.9629265625000001 0.6000289074074074 0.9979523425925926 0.5384726574074075 0.9389328124999999 0.5151765625 0.9149351574074074 0.5646085925925926 0.7986359375 0.5121976574074074 0.8199445324074075 0.4696054699074074 0.7894015625 0.456190625 0.7412296875000001 0.5428289074074074 0.9980617199074074 0.6754757824074075 0.9970703125 0.6172921875 0.9629265625000001 0.6000289074074074
1 0.9633296875 0.48495625000000003 0.9496882824074073 0.5108742199074074 0.9986203125 0.5397242199074074 0.9981453125 0.504021875 0.9633296875 0.48495625000000003
1 0 0.27495234490740744 0.029713282407407407 0.2341140625 0.006716405092592592 0.204859375 0 0.27495234490740744
1 0.2206671875 0.38611875 0.25047265740740743 0.4057703125 0.2272921875 0.4434859375 0.2742304675925926 0.4776992199074074 0.3312570324074074 0.3721734375 0.0403 0.23508437499999998 0 0.3036289050925926 0.008474217592592592 0.4119226574074074 0.06536953240740741 0.3190039050925926 0.1793046875 0.359015625 0.15659609490740742 0.3904476574074074 0.18808046990740743 0.422903125 0.2206671875 0.38611875
1 0.00670625 0.4135304675925926 0.03574765740740741 0.43112500000000004 0.04989296990740741 0.4001796875 0.1706320300925926 0.4623492199074074 0.19108750000000002 0.4236671875 0.15442734490740742 0.3940148449074074 0.1745804675925926 0.36331171759259256 0.06553984490740741 0.3217414074074074 0.00670625 0.4135304675925926
1 0.33401171990740736 0.386553125 0.2601351574074074 0.5364554699074074 0.333528125 0.56660625 0.3996734375 0.4198695324074074 0.33401171990740736 0.386553125
1 0.2797164050925926 0.4690390625 0.1964039074074074 0.4253328125 0.11654140740740741 0.5084109375 0.22790312499999998 0.5755390625 0.2797164050925926 0.4690390625
1 0.1570859375 0.6007492199074074 0.0812695324074074 0.5893921875 0.06741640740740741 0.6276789050925926 0.1779710949074074 0.68470625 0.2296085949074074 0.5783335949074074 0.18014140740740742 0.5479289074074074 0.1570859375 0.6007492199074074
1 0 0.59265625 0.058707812500000005 0.6265015625000001 0.08061015740740742 0.5831617199074074 0.1529375 0.5969914050925925 0.18022421990740742 0.5484664074074074 0.003753125 0.4453492199074074 0 0.59265625
1 0.379046875 0.4691171875 0.5231976574074074 0.5390210949074073 0.54709375 0.4932132824074074 0.4022734375 0.4232515625 0.379046875 0.4691171875
1 0.482859375 0.5692453125 0.3609882824074074 0.51410625 0.331778125 0.5666320324074073 0.4494265625 0.6304492175925925 0.482859375 0.5692453125
1 0.6067640625 0.5271742199074074 0.5494609375 0.49610468750000003 0.515034375 0.5391617199074075 0.4966484375 0.5829296875 0.56234375 0.6192046875 0.6067640625 0.5271742199074074
1 0.5326664074074073 0.6059773449074074 0.5178906249999999 0.632471875 0.5488664050925925 0.6607828124999999 0.5660703125 0.6198140625 0.5326664074074073 0.6059773449074074
1 0.5261703125 0.6143289050925925 0.5127578125 0.6051546875 0.48944218749999996 0.6090695324074075 0.4728578125 0.6319539074074074 0.4804664050925926 0.6556609375 0.508690625 0.6690117199074074 0.5298890625 0.6588398449074074 0.5393867175925926 0.6410234375 0.5261703125 0.6143289050925925
1 0.5362148449074075 0.6781609375000001 0.46028281249999997 0.6412406249999999 0.41631953240740743 0.7174773449074074 0.49547031249999995 0.7664546875 0.5362148449074075 0.6781609375000001
1 0.46156953240740745 0.7604914050925926 0.37958749999999997 0.7207976574074074 0.36445 0.7609335949074074 0.47033125 0.8177875 0.49791718749999997 0.7706992199074074 0.4649226574074074 0.749815625 0.46156953240740745 0.7604914050925926
1 0.21369531249999998 0.6845554675925926 0.3618289074074074 0.76150625 0.3811460949074074 0.6969382800925926 0.3032859375 0.659725 0.33501875000000003 0.59873125 0.276540625 0.5660734374999999 0.21369531249999998 0.6845554675925926
1 0.8803992199074074 0.6565789074074074 0.6345898425925925 0.533028125 0.5960742199074074 0.6057617199074073 0.8508148425925925 0.7253539074074075 0.8803992199074074 0.6565789074074074
1 0.9382304675925925 0.6900414074074074 0.893340625 0.664121875 0.77761875 0.8782617199074074 0.8226335949074075 0.9055320324074074 0.9382304675925925 0.6900414074074074
1 0.6987296875 0.7343515625 0.8179773449074075 0.7940414074074075 0.8597757800925926 0.7330882824074074 0.7351664074074074 0.6749992199074074 0.7364593749999999 0.6779523449074074 0.6987296875 0.7343515625
1 0.8183421875 0.7996679699074074 0.7191421875 0.7525656249999999 0.6631359375 0.8527804675925926 0.6797929699074075 0.8694671875 0.6942390625 0.8599578125 0.7130898449074075 0.8725 0.743034375 0.8278648425925925 0.7902132824074074 0.8491507824074075 0.8183421875 0.7996679699074074
1 0.6921375 0.7933125 0.5390867175925925 0.7223765624999999 0.4735882800925926 0.8422179699074074 0.6293757824074073 0.922984375 0.6921375 0.7933125
1 0.7787992199074074 0.9989953125 0.8225960949074074 0.9131796875 0.7715257824074074 0.8959375 0.78140625 0.8780796875 0.7474484375 0.8596539074074074 0.6996125 0.9288976574074075 0.6655070324074074 0.9119414074074074 0.680328125 0.8711648425925925 0.66268125 0.85320625 0.6296664074074074 0.9217546874999999 0.706321875 0.9669492175925926 0.7254296875 0.934709375 0.7700226574074074 0.95238125 0.749065625 0.9786578125 0.7787992199074074 0.9989953125
1 0.99921875 0.72313125 0.9766062499999999 0.7071273449074075 0.9376898449074075 0.7892976574074074 0.9863960949074074 0.8145054699074074 0.99921875 0.72313125
1 0.9948414050925926 0.8246445324074074 0.9382515625000001 0.7943632824074074 0.829171875 0.99921875 0.99921875 0.99921875 0.9948414050925926 0.8246445324074074
1 0.4047796875 0.99921875 0.7738484375 0.99921875 0.47817187499999997 0.8530109375 0.4047796875 0.99921875
1 0.3484273449074074 0.7889179699074075 0.1949226574074074 0.7003445324074073 0.13954375 0.7762148449074074 0.16262265740740742 0.7868125 0.189690625 0.7459570324074074 0.2108390625 0.7596015625 0.1876804675925926 0.8044460949074074 0.236996875 0.885959375 0.3484273449074074 0.7889179699074075
1 0.2851414074074074 0.9535585949074075 0.3364125 0.9714695324074074 0.31941171759259257 0.99921875 0.3862515625 0.99921875 0.4624695324074074 0.8429039050925925 0.3687601550925926 0.7983046874999999 0.2851414074074074 0.9535585949074075
1 0.2019109375 0.8925601574074074 0.1357523449074074 0.8530109375 0.06907890740740741 0.9667679699074073 0.14348515740740742 0.99921875 0.2019109375 0.8925601574074074
1 0.25882499999999997 0.99921875 0.2866851574074074 0.9703453125 0.2701984375 0.9513742199074074 0.32452499999999995 0.84041875 0.21247734490740738 0.8983062500000001 0.17627500000000002 0.9948414050925926 0.25882499999999997 0.99921875
1 0.09526093749999999 0.6550648449074075 0.004052344907407407 0.60379375 0 0.7596890625 0.028136719907407407 0.7739507824074074 0.09526093749999999 0.6550648449074075
1 0.17280078240740743 0.6945351574074075 0.09928125 0.6605257824074073 0.046103125 0.7433609375000001 0.1234132824074074 0.78354375 0.17280078240740743 0.6945351574074075
1 0.05064609490740741 0.843109375 0.002025782407407407 0.8226179699074074 0 0.8516570324074074 0.027946875 0.8684125 0 0.9304554699074075 0.029434375 0.9652804699074075 0.12638906249999998 0.7838445324074074 0.0958546875 0.7580820324074075 0.05064609490740741 0.843109375
0 0.3151648449074074 0.653390625 0.4167804699074074 0.7121320324074074 0.45343046990740743 0.6355054699074074 0.29059375 0.5498609375 0.28088124999999997 0.5617624999999999 0.352159375 0.5970351574074074 0.3151648449074074 0.653390625
3 0.5150546875 0.1669390625 0.4952601574074074 0.2033859375 0.5380148449074075 0.2276882824074074 0.5118085949074074 0.276609375 0.5391984375000001 0.29305625 0.573109375 0.22875078240740743 0.5988023449074075 0.24166718750000002 0.6164289074074074 0.2160789074074074 0.5150546875 0.1669390625
3 0.014571875 0.43878671990740736 0.11438515740740741 0.4981445324074074 0.1583671875 0.46213828240740745 0.05164296759259259 0.41282343749999995 0.014571875 0.43878671990740736
0 0.5420242199074073 0.7168515624999999 0.6939749999999999 0.791103125 0.7172789050925926 0.7560476574074074 0.6902625 0.7344445324074074 0.7342460949074074 0.6791828125 0.5883328125 0.6180929699074075 0.5420242199074073 0.7168515624999999