3 0.99921875 0.1745226574074074 0.99921875 0.0035781249999999997 0.541015625 0 0.505584375 0.09318515740740742 0.56523125 0.1601257824074074 0.6251679699074074 0.1612015625 0.8572085949074074 0.078765625 0.8800046875 0.08442656250000001 0.9306257824074073 0.24129453240740742 0.99921875 0.1745226574074074
3 0.423828125 0.794921875 0.34160625 0.8616101574074074 0.270828125 0.99921875 0.5344851574074074 0.99921875 0.8796999999999999 0.99921875 0.6693726574074075 0.6327132824074074 0.5138015625 0.6878429699074075 0.423828125 0.794921875
3 0.734375 0.724609375 0.8823851574074074 0.9969250000000001 0.9979632824074074 0.99921875 0.99921875 0.7014390625 0.9312289050925926 0.7202375000000001 0.9281007824074075 0.6727375 0.86418125 0.6665804675925926 0.734375 0.724609375
3 0.720703125 0.564453125 0.7125242199074074 0.6036296875 0.7321015625 0.6410367199074074 0.7731171875 0.6620867199074074 0.831046875 0.6639484375 0.9982226574074075 0.6358945324074073 0.99921875 0.4606859375 0.720703125 0.564453125
3 0.6417539074074073 0.48955546990740745 0.5625 0.521484375 0.5931476574074074 0.6326445300925926 0.68345625 0.6141585949074074 0.6417539074074073 0.48955546990740745
3 0.450134375 0.4497835925925926 0.4051742199074074 0.4700929699074074 0.4329375 0.5489046875 0.361328125 0.580078125 0.2646101574074074 0.6285015625 0.28455390740740744 0.689728125 0.3984835949074074 0.6874695324074074 0.5858914074074074 0.6447296875 0.5553515625000001 0.5219648449074074 0.47488437499999997 0.5505140625 0.450134375 0.4497835925925926
3 0.08439609490740742 0.9960859375 0.00390625 0.763671875 0 0.99921875 0.08439609490740742 0.9960859375
1 0.0930484375 0.59855625 0.03515625 0.6328125 0.060996875000000006 0.6871945324074075 0.1260070300925926 0.6524507824074074 0.0930484375 0.59855625
1 0.21936796990740742 0.5670320324074074 0.142578125 0.599609375 0.1571804699074074 0.6594546875 0.2387921875 0.6278687500000001 0.21936796990740742 0.5670320324074074
1 0.3129726574074074 0.5270382824074075 0.248046875 0.564453125 0.25932343750000003 0.6191249999999999 0.336975 0.59648125 0.3129726574074074 0.5270382824074075
1 0.4060671875 0.4960171875 0.345703125 0.50390625 0.3521804699074074 0.5715257824074074 0.4192578125 0.5476226574074075 0.4060671875 0.4960171875
1 0.5167539074074073 0.45229375 0.466796875 0.478515625 0.4720304675925926 0.5388640625 0.5350953125 0.5250320324074074 0.5167539074074073 0.45229375
1 0.5981289074074074 0.4099804675925926 0.544921875 0.44140625 0.56523125 0.5053710949074074 0.6184234375000001 0.4720382800925926 0.5981289074074074 0.4099804675925926
1 0.7241210925925926 0.3673632824074074 0.654296875 0.39453125 0.671546875 0.48674765740740744 0.7480625000000001 0.46904765740740745 0.7241210925925926 0.3673632824074074
1 0.8442 0.3358992199074074 0.76171875 0.37109375 0.776496875 0.44043750000000004 0.8697203125 0.40469374999999996 0.8442 0.3358992199074074
1 0.9254382800925925 0.3024976574074074 0.86328125 0.33203125 0.8871539074074074 0.4005734375 0.956375 0.3765867175925926 0.9254382800925925 0.3024976574074074
1 0.8587414074074075 0.116546875 0.794921875 0.14453125 0.830146875 0.25135078240740744 0.9059296875 0.22964453240740743 0.8587414074074075 0.116546875
1 0.7717820324074074 0.14835390509259258 0.6875 0.177734375 0.72531875 0.3065640625 0.8219226550925925 0.276771875 0.7717820324074074 0.14835390509259258
1 0.6660617199074074 0.19479375 0.599609375 0.220703125 0.6143875 0.26983671990740743 0.6898882824074074 0.2580640625 0.6660617199074074 0.19479375
1 0.669075 0.2599335949074074 0.6015625 0.279296875 0.6144101574074073 0.3164445300925926 0.6790695324074074 0.29975156249999996 0.669075 0.2599335949074074
1 0.5537414074074074 0.25196875 0.46484375 0.279296875 0.4890445300925926 0.3542328125 0.5778046875 0.3368679675925926 0.5537414074074074 0.25196875
1 0.4515078125 0.23682421990740743 0.357421875 0.28515625 0.37143671990740745 0.3308640625 0.47202265740740745 0.2868421875 0.4515078125 0.23682421990740743
1 0.45043203240740737 0.3119585949074074 0.376953125 0.33984375 0.39413437500000004 0.4002914074074074 0.4776 0.37002578009259257 0.45043203240740737 0.3119585949074074
1 0.352684375 0.3196257824074074 0.271484375 0.3515625 0.302025 0.4540179699074074 0.3883820324074074 0.4241179699074074 0.352684375 0.3196257824074074
1 0.2130125 0.3043515625 0.1484375 0.326171875 0.19790625 0.4650882824074074 0.25576015740740743 0.44656406249999997 0.2130125 0.3043515625
1 0.1279601550925926 0.3384015625 0 0.37890625 0.02008046759259259 0.4318695324074074 0.1466671875 0.39377578240740746 0.1279601550925926 0.3384015625
1 0.15111562499999998 0.41918203240740737 0.04296875 0.4609375 0.07893359490740741 0.5141296875 0.1761320324074074 0.48136875 0.15111562499999998 0.41918203240740737
1 0 0.5608523449074074 0.052985937500000004 0.5290984375 0.001953125 0.478515625 0 0.5608523449074074
1 0.16333515740740742 0.18913828240740743 0.0443328125 0.150346875 0.056132032407407405 0.2182921875 0.1560015625 0.258265625 0.16333515740740742 0.18913828240740743
1 0.0470734375 0.1485929699074074 0.0038546875 0.13685468750000002 0.0031171874999999997 0.29363125 0.060046875 0.2280882800925926 0.0470734375 0.1485929699074074
1 0.13452734490740742 0.9946554699074075 0.22829140740740742 0.96475625 0.20530390740740742 0.9065242199074075 0.1117960949074074 0.9406320324074074 0.1137390625 0.9450296874999999 0.13452734490740742 0.9946554699074075
1 0.12914453240740742 0.7710101574074074 0.1346859375 0.8146804675925926 0.2427398449074074 0.8003820324074075 0.2374617199074074 0.7623140625 0.12914453240740742 0.7710101574074074
3 0.2144609375 0.835434375 0.08780468749999999 0.8384476550925926 0.1223382824074074 0.9199101550925926 0.2347171875 0.8769625 0.2636695324074074 0.9567578124999999 0.342159375 0.8436054699074075 0.3406460925925926 0.7581351550925925 0.2439171875 0.744503125 0.25859140740740744 0.8064218750000001 0.2144609375 0.835434375
2 0.4829117199074074 0.6997265625 0.3357234375 0.7093234375 0.3516015625 0.8436796875 0.4829117199074074 0.6997265625
2 0 0.5905289050925926 0.00265 0.6696640625 0.03267109490740741 0.7180453125 0.05448125 0.6891335949074074 0.024089844907407405 0.6315726574074074 0.1303210949074074 0.586890625 0.1080875 0.5365320300925925 0 0.5905289050925926
2 0.152353125 0.7362710949074075 0.1794289074074074 0.6915820324074075 0.14667734490740741 0.6456085949074074 0.08608281250000001 0.6869414074074074 0.09296953240740741 0.7409992199074075 0.152353125 0.7362710949074075
2 0.3537539074074074 0.2804148425925926 0.4469515625 0.2368890625 0.46821015509259256 0.2632929699074074 0.685865625 0.1953070324074074 0.6779164074074074 0.15428359490740742 0.631034375 0.16595859490740741 0.5615835949074074 0.165709375 0.49581718750000003 0.08653359490740742 0.538421875 0 0.003442969907407407 0.001721875 0 0.1169789074074074 0.1824085949074074 0.185125 0.16197031250000002 0.25782499999999997 0.23181875000000002 0.2866695324074074 0.2584101574074074 0.33644999999999997 0.302003125 0.3342640625 0.3537539074074074 0.2804148425925926
0 0.99921875 0.30543984490740744 0.990175 0.21519375000000002 0.9090960949074074 0.25670156250000004 0.99921875 0.30543984490740744
3 0.131653125 0.5516234375 0.148196875 0.5866820324074075 0.40544375 0.477840625 0.39182500000000003 0.4573359375 0.131653125 0.5516234375
0 0.07129375 0.24201406250000002 0.0137734375 0.32711484490740744 0.0052320324074074075 0.36546249999999997 0.2200695324074074 0.2899515625 0.07129375 0.24201406250000002