1 0.0647203125 0.0812679675925926 0.01953125 0.154296875 0.08500703240740741 0.2005921875 0.1404492199074074 0.1284023449074074 0.0647203125 0.0812679675925926
1 0.0748671875 0.238334375 0.009765625 0.1875 0 0.3009570324074074 0.022430469907407408 0.32221249999999996 0.0748671875 0.238334375
1 0.15438046990740742 0.18482968749999998 0.12159765740740741 0.2486570324074074 0.17408749999999998 0.2951890625 0.21082343750000002 0.22671484490740743 0.15438046990740742 0.18482968749999998
1 0.0930859375 0.2692335949074074 0.0390625 0.353515625 0.102340625 0.4079210949074074 0.1706085925925926 0.3180007824074074 0.0930859375 0.2692335949074074
1 0.000571875 0.5113523425925925 0.046012500000000005 0.538596875 0.09938828240740741 0.458725 0.0630953125 0.41992968750000004 0.04708125 0.4381484375 0.014816407407407407 0.41806015740740743 0.001953125 0.447265625 0.000571875 0.5113523425925925
1 0.4314648425925926 0.2274398449074074 0.3919679699074074 0.20010390509259257 0.3526765625 0.2251585925925926 0.341796875 0.25 0.39439375 0.2794421875 0.4314648425925926 0.2274398449074074
1 0.3369140625 0.2686007824074074 0.305396875 0.312621875 0.28125 0.328125 0.33647890740740743 0.372253125 0.3743742199074074 0.30205546990740745 0.3369140625 0.2686007824074074
1 0.23828125 0.41015625 0.28373750000000003 0.43491328240740745 0.310615625 0.3895109375 0.2595367199074074 0.35932187499999996 0.23828125 0.41015625
1 0.16796875 0.490234375 0.2221375 0.5172656250000001 0.2560726574074074 0.46193671990740737 0.20961796990740741 0.43744687499999996 0.16796875 0.490234375
1 0.15399921990740742 0.5159374999999999 0.11328125 0.59375 0.16576406249999998 0.6325375 0.2171328125 0.5523984375 0.15399921990740742 0.5159374999999999
1 0.07526406249999999 0.6199648449074074 0.0546875 0.669921875 0.10399609490740741 0.7063976574074075 0.1326523449074074 0.6476437500000001 0.07526406249999999 0.6199648449074074
1 0.037178125 0.6900789074074074 0 0.75390625 0.06295 0.7959210949074075 0.0998304699074074 0.7262804699074074 0.037178125 0.6900789074074074
1 0.0914765625 0.9839632800925926 0.11872109259259259 0.93653125 0.07274609490740741 0.9155273425925926 0.09864843749999999 0.880790625 0.05701484490740741 0.859496875 0.0234375 0.939453125 0.0914765625 0.9839632800925926
1 0.185546875 0.88671875 0.1571195324074074 0.9434734375 0.2160492199074074 0.9629742199074074 0.2409671875 0.9123460949074074 0.185546875 0.88671875
1 0.21484375 0.7890625 0.186928125 0.8477859375 0.256309375 0.8803632824074074 0.2765804699074074 0.8245546875 0.21484375 0.7890625
1 0.248046875 0.708984375 0.2314609375 0.7619015625000001 0.29479218749999997 0.7911914074074075 0.3079375 0.736396875 0.248046875 0.708984375
1 0.29210625 0.5681460949074074 0.263671875 0.630859375 0.3232882824074074 0.6669695324074074 0.35256953009259256 0.59133125 0.29210625 0.5681460949074074
1 0.35559843750000003 0.4577179699074074 0.328125 0.505859375 0.3545914074074074 0.5378039074074074 0.367325 0.5198210949074075 0.411209375 0.5449140625 0.4607007824074074 0.45940390740740744 0.401703125 0.4217835949074074 0.37838750000000004 0.47531875 0.35559843750000003 0.4577179699074074
1 0.5494679675925925 0.37685859490740736 0.4866203125 0.28939140740740743 0.4474 0.316328125 0.4684195324074074 0.34864609490740744 0.43641875 0.357978125 0.49257578009259256 0.4685140625 0.5494679675925925 0.37685859490740736
1 0.5077296875 0.218209375 0.54628125 0.2739710949074074 0.5978867175925926 0.23337968750000002 0.5579976574074075 0.1813007824074074 0.5077296875 0.218209375
1 0.6047117175925926 0.16401406249999997 0.6288117199074074 0.2204046875 0.6902726574074074 0.18453750000000002 0.645709375 0.1305476574074074 0.6047117175925926 0.16401406249999997
1 0.6041992199074074 0.282478125 0.561925 0.313765625 0.5888445324074074 0.35835625 0.6342328125000001 0.3288132800925926 0.6041992199074074 0.282478125
1 0.6655648449074074 0.2446945324074074 0.6175476574074075 0.276684375 0.648578125 0.32998828009259257 0.6900273449074074 0.2989242199074074 0.6655648449074074 0.2446945324074074
1 0.7514937500000001 0.1735515625 0.6945625 0.2096523449074074 0.7163734374999999 0.2611515625 0.7887867199074073 0.22630468750000002 0.7514937500000001 0.1735515625
1 0.8684484375000001 0.1087703125 0.8590109374999999 0.04995625 0.7920234375 0.056747657407407406 0.7901179675925926 0.08129375 0.7974890625 0.124965625 0.8684484375000001 0.1087703125
1 0.2561765625 0.0045296875 0.24388125000000002 0.032803124999999995 0.2732078125 0.05437421990740741 0.2941546875 0.020796875 0.2561765625 0.0045296875
1 0.32089609490740745 0.8871 0.36313125 0.9161484375 0.3881007800925926 0.848146875 0.35161562500000004 0.821628125 0.32089609490740745 0.8871
1 0.3601453125 0.92490625 0.313765625 0.9013625 0.2829234375 0.9569117199074073 0.33578828240740743 0.9837476574074074 0.3601453125 0.92490625
1 0.38568281249999997 0.9329898449074073 0.3608304699074074 0.9969179699074074 0.4277953125 0.99921875 0.4302070300925926 0.9380484375 0.38568281249999997 0.9329898449074073
1 0.4449765625 0.8414617175925926 0.44601796990740744 0.907825 0.5121859375000001 0.9035015625 0.51745625 0.8550664074074074 0.4449765625 0.8414617175925926
1 0.43499296990740743 0.7815609375 0.4318007824074074 0.8426929699074074 0.4878625 0.8420914074074074 0.48174609490740744 0.7895945324074073 0.43499296990740743 0.7815609375
1 0.4866429699074074 0.7802187500000001 0.48639765740740737 0.7364960949074074 0.540615625 0.7364960949074074 0.5370499999999999 0.7006234375 0.439271875 0.7073984375 0.43956093749999997 0.7777890625 0.4866429699074074 0.7802187500000001
1 0.4891890625 0.7530367199074074 0.488609375 0.8125640625 0.5737023449074075 0.8179234375 0.5762429699074074 0.7474265625000001 0.4891890625 0.7530367199074074
1 0.5419585949074074 0.6047117175925926 0.6347453125 0.7021390625 0.7431312499999999 0.5991624999999999 0.6495757800925926 0.5084703125 0.5419585949074074 0.6047117175925926
1 0.6474976574074075 0.506303125 0.694334375 0.5540976574074075 0.7318664074074074 0.523021875 0.7041499999999999 0.4925984375 0.7446687500000001 0.457321875 0.7172148449074074 0.4270539074074074 0.638371875 0.49588515509259257 0.6474976574074075 0.506303125
1 0.749721875 0.44900390740740737 0.713103125 0.4906148449074074 0.7731429699074075 0.5680421875 0.8225531249999999 0.52140625 0.749721875 0.44900390740740737
1 0.8265976574074074 0.40394531250000004 0.8043804699074074 0.4207304675925926 0.8431273449074075 0.4744921875 0.870509375 0.4514945324074074 0.8265976574074074 0.40394531250000004
1 0.99921875 0.282065625 0.9612632824074074 0.3151914074074074 0.978065625 0.3532367199074074 0.99921875 0.3378210949074074 0.99921875 0.282065625
1 0.9979820324074075 0.4951609375 0.99921875 0.41016796990740745 0.9626890625 0.4649429675925926 0.9979820324074075 0.4951609375
1 0.9134125 0.5152726574074075 0.8485929699074075 0.6075640625 0.9132898449074075 0.6666734375 0.9799429699074074 0.572878125 0.9134125 0.5152726574074075
1 0.8199460949074074 0.6307617199074074 0.7587414074074075 0.7116765625 0.8128203125 0.7651710949074074 0.8829273449074074 0.6896820324074073 0.8199460949074074 0.6307617199074074
1 0.7390531250000001 0.736540625 0.7031195324074074 0.7815609375 0.7430921875000001 0.8306421875 0.7906585949074073 0.7793992199074075 0.7390531250000001 0.736540625
1 0.70435625 0.7876335949074075 0.6474976574074075 0.8542976574074074 0.6900664074074073 0.8946101574074073 0.7383851574074074 0.8383250000000001 0.70435625 0.7876335949074075
3 0 0.17471562499999999 0.0724804699074074 0.06886484490740741 0.03285737731481481 0.001518773148148148 0.029872657407407407 0 0 0.0007296875 0 0.17471562499999999
3 0.2270734375 0.058190624999999996 0.25224375 0 0.08842499999999999 0.009983594907407408 0.15386875 0.06733828240740741 0.2604328125 0.0872328125 0.2270734375 0.058190624999999996
3 0.5106039074074074 0.0031421875000000004 0.4534273425925926 0.017114844907407407 0.39975 0.027365624999999998 0.3608304699074074 0.02281953240740741 0.33519218749999996 0.043778125 0.33813906250000003 0.07078671990740741 0.44683125 0.058646875 0.5312398425925926 0.04805078240740741 0.6974203125 0.035365625000000005 0.8558460925925926 0.013565625000000001 0.9077859375 0.000590625 0.5106039074074074 0.0031421875000000004
3 0.9593914074074074 0 0.918109375 0.0293484375 0.8585757824074074 0.04563828240740741 0.8805210949074074 0.1240578125 0.8108703125 0.1495953125 0.7741679675925925 0.059582812500000006 0.7087742199074074 0.066753125 0.749771875 0.162559375 0.799628125 0.22538515740740742 0.8943148449074074 0.16580234490740742 0.962065625 0.1142578125 0.99921875 0.0825085949074074 0.9984164074074073 0 0.9593914074074074 0
3 0.5566882824074074 0.07609609490740742 0.5885945324074074 0.157278125 0.6496539050925926 0.1262359375 0.6976265625000001 0.19981953240740744 0.7476273425925926 0.1711054699074074 0.7160890625 0.06560546759259259 0.6427179675925926 0.06831875 0.5566882824074074 0.07609609490740742
3 0.3322054699074074 0.246778125 0.346540625 0.2167 0.36123671759259257 0.22890625 0.3908359375 0.1858132824074074 0.4557007824074074 0.2207390625 0.48956171990740743 0.16529531249999999 0.5225875 0.1566765625 0.5737976574074074 0.14170703240740742 0.5490890625 0.0798671875 0.32256250000000003 0.10217421990740741 0.2638148449074074 0.1023859375 0.22179140509259257 0.11402968749999999 0.1946492199074074 0.144403125 0.1764710949074074 0.185334375 0.3092914074074074 0.290528125 0.3322054699074074 0.246778125
3 0.1371945324074074 0.45831953240740736 0.0500453125 0.5822265624999999 0.0872992175925926 0.6287671875 0.30660625 0.2914476574074074 0.25383125 0.2474359375 0.1198015625 0.44069765509259257 0.1371945324074074 0.45831953240740736
3 0.23247187500000002 0.5191390625 0.26647187499999997 0.5413398425925926 0.3075367199074074 0.47018593750000004 0.2730460949074074 0.45283124999999996 0.23247187500000002 0.5191390625
2 0.09840859259259259 0.8771171875 0.1307984375 0.9288109375 0.1005640625 0.9782664074074074 0.1287429675925926 0.99921875 0.17949062500000001 0.8862148449074074 0.1797578125 0.8298625000000001 0.138715625 0.78329375 0.09840859259259259 0.8771171875
3 0.2410453125 0.6221828125000001 0.2066101574074074 0.669915625 0.14547265740740742 0.7829875000000001 0.18014218750000002 0.8368210949074074 0.2520710949074074 0.7048242175925926 0.29378750000000003 0.7240335949074074 0.3105226574074074 0.694328125 0.25753593750000003 0.6792304699074074 0.27233828240740743 0.6502890625 0.2410453125 0.6221828125000001
3 0.537875 0.3030914050925926 0.4834835949074074 0.225340625 0.40051875000000003 0.3581226574074074 0.4225195324074074 0.38149374999999996 0.46266484490740745 0.3488578125 0.4408203125 0.31324687500000004 0.489328125 0.2840710949074074 0.516075 0.31776562500000005 0.537875 0.3030914050925926
3 0.99921875 0.1187875 0.601859375 0.395059375 0.6043664074074074 0.400753125 0.99921875 0.1910671875 0.99921875 0.1187875
3 0.99921875 0.38425703240740744 0.9526390625 0.3189796875 0.99921875 0.2801773449074074 0.9940656250000001 0.2196359375 0.5260140625 0.5259023449074074 0.54895 0.601653125 0.7198554699074073 0.42592343750000006 0.8291382824074075 0.4056 0.8740695324074074 0.4479460925925926 0.892971875 0.4679625 0.9394078125 0.47250859490740743 0.99921875 0.38425703240740744
0 0.7986757824074074 0.4193046875 0.7413429699074073 0.4308367199074074 0.823684375 0.5154171875 0.8572835949074075 0.47878203240740735 0.7986757824074074 0.4193046875
3 0.6146140625000001 0.7497390625 0.629465625 0.8090499999999999 0.9120726574074074 0.48722734490740743 0.6146140625000001 0.7497390625
0 0.6455109375 0.7180687499999999 0.561440625 0.6431835949074075 0.5563070324074074 0.7468695324074074 0.6455109375 0.7180687499999999
3 0.433353125 0.61118125 0.4002460949074074 0.6900328125 0.3871039074074074 0.7691453125000001 0.4335710949074074 0.8006554699074074 0.430303125 0.7016249999999999 0.5425890624999999 0.692075 0.5173429699074075 0.5313249999999999 0.433353125 0.61118125
0 0.356009375 0.7969882824074075 0.3980570300925926 0.8452828124999999 0.3803609375 0.8946914050925926 0.42582421990740743 0.9014765625000001 0.4335 0.820575 0.384734375 0.7805226574074074 0.3922546875 0.6882390625 0.356009375 0.7969882824074075
0 0.36891640740740744 0.5280984375 0.3472078125 0.5601640625 0.41304375 0.5987367199074074 0.4812070324074074 0.46866171759259256 0.4526328125 0.45653203240740736 0.43108828240740743 0.4854921875 0.4465703125 0.4913617199074074 0.4159929699074074 0.5516390625 0.36891640740740744 0.5280984375
0 0.3592359375 0.6162945324074074 0.305340625 0.726021875 0.325990625 0.768784375 0.390040625 0.6047445324074074 0.3592359375 0.6162945324074074
0 0.9959664074074075 0.6012367175925926 0.8302 0.7877109375000001 0.9070601574074074 0.9180179699074074 0.99921875 0.7688679675925926 0.9959664074074075 0.6012367175925926
2 0.8190375000000001 0.7881164074074074 0.6945382824074074 0.9158921875 0.8441249999999999 0.9845703125 0.9012492199074074 0.9092070324074074 0.8190375000000001 0.7881164074074074
3 0.6255281250000001 0.9468632824074074 0.5742367199074074 0.9944890625 0.7326960949074075 0.99921875 0.690665625 0.9487742199074073 0.6255281250000001 0.9468632824074074
3 0.9496328125 0.47743203240740745 0.9239125 0.5100765625 0.99921875 0.578009375 0.99921875 0.5203710949074074 0.9496328125 0.47743203240740745
3 0.5969492199074075 0.8564554699074074 0.5994242199074074 0.7448304699074074 0.5795101574074074 0.7444640625 0.5747289074074075 0.824428125 0.49652421990740736 0.8196148449074074 0.4940984375 0.8527132824074074 0.5969492199074075 0.8564554699074074
3 0.5340914050925926 0.915953125 0.440578125 0.9175210925925925 0.4355953125 0.9966492199074074 0.5325507800925926 0.99921875 0.5340914050925926 0.915953125
3 0.001759375 0.9482039074074073 0.0683960949074074 0.8506765625 0.007342187500000001 0.7734085949074073 0.001759375 0.9482039074074073
0 0 0.7129093750000001 0.0635203125 0.6268171875 0.0024476574074074075 0.5262117199074074 0 0.7129093750000001