1 0.37356562499999996 0.033271875 0.3805085949074074 0.0006710949074074074 0.3046875 0.001953125 0.37356562499999996 0.033271875
1 0.38671875 0.0546875 0.38858046759259257 0.1345898449074074 0.4592132824074074 0.143959375 0.4582976574074074 0.06240078240740741 0.38671875 0.0546875
1 0.65234375 0 0.6494976574074074 0.049659375000000006 0.712440625 0.0529171875 0.7119296875000001 0 0.65234375 0
1 0.5903320324074074 0.08153515740740741 0.55078125 0.080078125 0.5561140625 0.1831054675925926 0.6008375 0.1836164074074074 0.5903320324074074 0.08153515740740741
1 0.7187117199074073 0.0758664050925926 0.646484375 0.083984375 0.6526335949074074 0.14561484490740742 0.7196882824074073 0.1357726550925926 0.7187117199074073 0.0758664050925926
1 0.771484375 0.08984375 0.7849125 0.1432265625 0.8531109375 0.1282421875 0.8381960949074073 0.0815203125 0.771484375 0.08984375
1 0.7305601574074074 0.1914671875 0.6875 0.22265625 0.6985320324074074 0.2551953125 0.7530820324074073 0.231521875 0.7305601574074074 0.1914671875
1 0.70703125 0.25390625 0.7350460949074075 0.3087007824074074 0.7895890625 0.28709375 0.7482070324074074 0.2244265625 0.70703125 0.25390625
1 0.732421875 0.318359375 0.7413789074074074 0.374878125 0.80949375 0.3777164050925926 0.7833328125 0.28941328240740744 0.732421875 0.318359375
1 0.75 0.38671875 0.7458421875 0.41752656250000003 0.8039320300925925 0.42810859490740744 0.8007734375 0.382484375 0.75 0.38671875
1 0.744140625 0.412109375 0.7309570324074074 0.4426726574074074 0.7861859375 0.4650953125 0.8014601574074075 0.42770390740740744 0.744140625 0.412109375
1 0.732421875 0.447265625 0.7299804675925926 0.47951484490740737 0.7845687499999999 0.49474296759259256 0.7874757824074075 0.468421875 0.732421875 0.447265625
1 0.7240296875 0.52319375 0.7063976574074075 0.503784375 0.6808398449074075 0.5417171875 0.7136460949074075 0.5726085949074075 0.7643359375000001 0.5579296874999999 0.7804335949074074 0.4991070324074074 0.7265625 0.478515625 0.7240296875 0.52319375
1 0.6615679699074074 0.45537578240740745 0.623046875 0.494140625 0.6685484375 0.5472492199074074 0.7076109375 0.5041429699074074 0.6615679699074074 0.45537578240740745
1 0.5986710949074074 0.3831710949074074 0.55078125 0.42578125 0.6149289074074075 0.4999234375 0.6731945324074075 0.453003125 0.5986710949074074 0.3831710949074074
1 0.520065625 0.3104703125 0.47265625 0.369140625 0.5333789074074075 0.43183125 0.5923617175925926 0.3793109375 0.520065625 0.3104703125
1 0.45565781250000004 0.2603148425925926 0.408203125 0.306640625 0.4615710949074074 0.3704070324074074 0.5129703125 0.3184664074074074 0.45565781250000004 0.2603148425925926
1 0.3980945324074074 0.210815625 0.34765625 0.25390625 0.397575 0.30762500000000004 0.4497226574074074 0.2685851574074074 0.3980945324074074 0.210815625
1 0.2972796875 0.1351546875 0.265625 0.177734375 0.3451078125 0.2600328125 0.39145625 0.21459218749999998 0.2972796875 0.1351546875
1 0.2653882824074074 0.0942765625 0.236328125 0.123046875 0.2661820324074074 0.16477968750000002 0.2981796875 0.1354523449074074 0.2653882824074074 0.0942765625
1 0 0.098953125 0.0367890625 0.05669375 0.001953125 0.01171875 0 0.098953125
1 0.07785 0.07891875 0.037109375 0.130859375 0.0762859375 0.1829453125 0.1269835925925926 0.1313476574074074 0.07785 0.07891875
1 0.091796875 0.173828125 0.1295015625 0.2097703125 0.17459140740740742 0.158203125 0.12766249999999998 0.12689999999999999 0.091796875 0.173828125
1 0.13671875 0.2109375 0.1697460949074074 0.2435914074074074 0.21025859259259258 0.199340625 0.17298906249999998 0.16886171759259258 0.13671875 0.2109375
1 0.171875 0.244140625 0.20120234490740743 0.27438359490740744 0.24505625 0.2209398449074074 0.2055890625 0.1976164074074074 0.171875 0.244140625
1 0.205078125 0.283203125 0.2330929675925926 0.309165625 0.2831117199074074 0.2528460925925926 0.243896875 0.2279507824074074 0.205078125 0.283203125
1 0.234375 0.314453125 0.2606351574074074 0.33880625 0.31082187499999997 0.2786867199074074 0.2783429699074074 0.2603070324074074 0.234375 0.314453125
1 0.26953125 0.341796875 0.3044742175925926 0.3761671875 0.352615625 0.31760390740740746 0.30864687500000004 0.2868804699074074 0.26953125 0.341796875
1 0.125 0.2109375 0.087646875 0.2537078125 0.12652578240740742 0.2952648449074074 0.1700820324074074 0.242584375 0.125 0.2109375
1 0.1026382824074074 0.226959375 0.009765625 0.169921875 0 0.2020265625 0.07321171990740741 0.2624054699074074 0.1026382824074074 0.226959375
1 0.0009539074074074074 0.25572968749999997 0.02834296990740741 0.2328265625 0 0.205078125 0.0009539074074074074 0.25572968749999997
1 0 0.3470460949074074 0.051582032407407406 0.4065625 0.1042554699074074 0.34805312499999996 0 0.279296875 0 0.3470460949074074
1 0 0.48264296990740746 0.044417967592592596 0.42467499999999997 0.00390625 0.388671875 0 0.48264296990740746
1 0.0807875 0.400596875 0.052734375 0.439453125 0.07578281249999999 0.46385937499999996 0.1107257824074074 0.42180625 0.0807875 0.400596875
1 0.26953125 0.353515625 0.24620078240740742 0.39004531249999996 0.2774507824074074 0.4167859375 0.30455 0.3798984375 0.26953125 0.353515625
1 0.2561570300925926 0.4520492199074074 0.2780226574074074 0.4112015625 0.244140625 0.388671875 0.22020703240740738 0.3729859375 0.2065429675925926 0.3956453125 0.2561570300925926 0.4520492199074074
1 0.20856484490740743 0.4025265625 0.171875 0.458984375 0.2105632824074074 0.494865625 0.252815625 0.4508664074074074 0.20856484490740743 0.4025265625
1 0.14926171990740741 0.5760195324074074 0.2104335949074074 0.5030289074074075 0.16683984490740741 0.4583585925925926 0.134765625 0.501953125 0.103065625 0.5420914074074075 0.14926171990740741 0.5760195324074074
1 0.10399609490740741 0.5416796875000001 0.072265625 0.591796875 0.10858125 0.6279828125 0.156059375 0.5826109375 0.10399609490740741 0.5416796875000001
1 0.062095312500000006 0.585021875 0.044921875 0.619140625 0.0827710949074074 0.663940625 0.11252578009259259 0.6283648449074074 0.062095312500000006 0.585021875
1 0.050926562499999994 0.6135867175925925 0.005859375 0.634765625 0.0002671875 0.68684375 0.07476015740740741 0.6713867175925926 0.050926562499999994 0.6135867175925925
1 0.11973593749999999 0.9560015625 0.1390914074074074 0.9108734374999999 0.05094140740740741 0.8807601574074074 0.041015625 0.921875 0.04103125 0.9271164074074074 0.11973593749999999 0.9560015625
1 0.03125 0.95703125 0.017944532407407406 0.997665625 0.1164859375 0.9991835925925926 0.1120679699074074 0.9733273449074075 0.03125 0.95703125
1 0.2920609375 0.9605867175925925 0.32046484259259256 0.8586734375 0.2324140625 0.836509375 0.14817812500000002 0.830940625 0.111328125 0.857421875 0.0992507800925926 0.902534375 0.2920609375 0.9605867175925925
1 0.3929671875 0.8907773425925926 0.33555625 0.869346875 0.33203125 0.869140625 0.3214953125 0.922928125 0.3842929699074074 0.9413984375 0.3929671875 0.8907773425925926
1 0.46328749999999996 0.9579242199074074 0.5297320324074074 0.9659195324074075 0.5275882824074074 0.9163132824074074 0.4485015625 0.901253125 0.3984375 0.96484375 0.44087187499999997 0.9973828124999999 0.46328749999999996 0.9579242199074074
1 0.529296875 0.91796875 0.5314484375 0.9851148449074074 0.5827179699074074 0.9876023449074074 0.593215625 0.918296875 0.529296875 0.91796875
1 0.595703125 0.921875 0.5882648449074074 0.978309375 0.6340867175925925 0.9896085949074075 0.6465304699074074 0.9232406249999999 0.595703125 0.921875
1 0.7037507824074074 0.9326554699074074 0.6484375 0.927734375 0.6349257824074074 0.9830929699074075 0.6953351574074075 0.99921875 0.7037507824074074 0.9326554699074074
1 0.759765625 0.94140625 0.7541429675925926 0.99921875 0.8344117199074075 0.997840625 0.8344117199074075 0.9511492199074074 0.759765625 0.94140625
1 0.9216921874999999 0.9575960925925926 0.837890625 0.953125 0.8317492175925926 0.99921875 0.9200515625 0.99921875 0.9216921874999999 0.9575960925925926
1 0.92578125 0.958984375 0.9250109375 0.99921875 0.99921875 0.9977265625 0.99921875 0.9637218750000001 0.92578125 0.958984375
1 0.2534867199074074 0.5249484375 0.208984375 0.580078125 0.26306953240740744 0.627678125 0.31710781250000003 0.5693585949074074 0.2534867199074074 0.5249484375
1 0.20980859490740741 0.5874632824074074 0.1640625 0.6484375 0.193878125 0.6891406250000001 0.25137343749999996 0.6256101574074074 0.20980859490740741 0.5874632824074074
1 0.133971875 0.7314375 0.17655937500000002 0.7607421875 0.1983875 0.6957320324074074 0.16015625 0.650390625 0.1324921875 0.7011414074074074 0.133971875 0.7314375
1 0.19936953240740743 0.7055953125000001 0.1839554675925926 0.7552523449074073 0.2428984375 0.7777460925925926 0.2623960949074074 0.7260640625 0.19936953240740743 0.7055953125000001
1 0.2679476574074074 0.7290398449074075 0.24872812500000002 0.7772757824074075 0.3048632824074074 0.7979625 0.3249882824074074 0.7474242199074075 0.2679476574074074 0.7290398449074075
1 0.3807078125 0.8226921875000001 0.37380078240740744 0.7614875 0.3282493263888889 0.754801162037037 0.3098523425925926 0.8041515625000001 0.3807078125 0.8226921875000001
1 0.4272179699074074 0.7845476574074075 0.42655 0.7584304699074074 0.3950945324074074 0.7504554699074073 0.37827421990740745 0.798003125 0.40977031249999996 0.827965625 0.4272179699074074 0.7845476574074075
1 0.4071789050925926 0.8334562499999999 0.4768101574074074 0.8578976550925925 0.5097734375 0.8136898425925926 0.46595546990740744 0.7815664050925926 0.4577828125 0.7970664074074074 0.4300921875 0.7889343750000001 0.4071789050925926 0.8334562499999999
1 0.37568281249999996 0.6917749999999999 0.4240398449074074 0.7238226574074075 0.46579843750000005 0.6630476574074073 0.42434921990740737 0.6337226574074074 0.37568281249999996 0.6917749999999999
1 0.4098664074074074 0.6434734375 0.42372656249999996 0.6270734375000001 0.4598023449074074 0.6630320324074075 0.47982109490740743 0.6312273449074075 0.3751515625 0.552796875 0.3445921875 0.5959109374999999 0.4098664074074074 0.6434734375
1 0.262978125 0.5078203125 0.3333273425925926 0.5562125 0.3599960949074074 0.5218875 0.28776406250000003 0.46620312500000005 0.262978125 0.5078203125
1 0.3109757824074074 0.4376273449074074 0.2927734375 0.4637742175925926 0.3433625 0.5066109375000001 0.3610335925925926 0.48264453240740746 0.3109757824074074 0.4376273449074074
1 0.3567320324074074 0.39064140740740744 0.3160921875 0.43527421990740744 0.36025390740740737 0.4799523449074074 0.3926507824074074 0.4364789050925926 0.3567320324074074 0.39064140740740744
1 0.39225625000000003 0.3540851550925926 0.3614328125 0.38734218750000005 0.39053515509259257 0.4424546875 0.43597734490740736 0.3882632800925926 0.39225625000000003 0.3540851550925926
1 0.3938195324074074 0.44822890509259256 0.4279820324074074 0.4790210949074074 0.4683945324074074 0.4237617199074074 0.43291093750000004 0.3944117199074074 0.3938195324074074 0.44822890509259256
1 0.43527421990740744 0.4793195324074074 0.48374296990740745 0.5223835949074074 0.521159375 0.4724679699074074 0.46880937500000003 0.43028984259259256 0.43527421990740744 0.4793195324074074
1 0.4870929699074074 0.52595625 0.5283046874999999 0.5637828125 0.5680382824074074 0.5161796875 0.5252734375 0.48292812500000004 0.4870929699074074 0.52595625
1 0.5363203125 0.5700023449074074 0.5689445324074074 0.5958046875 0.6064625 0.5462992199074074 0.565665625 0.51691875 0.5363203125 0.5700023449074074
1 0.5596382824074074 0.6101609375 0.5828960949074075 0.6414546875 0.62924375 0.5688125 0.6010023449074074 0.5469265625 0.5596382824074074 0.6101609375
1 0.6317335949074073 0.5721984375 0.5907296875 0.6386617175925926 0.6137695324074074 0.6649906250000001 0.6595406250000001 0.5949242199074075 0.6317335949074073 0.5721984375
1 0.5840546875 0.6316625 0.5596382824074074 0.6619796875 0.581828125 0.6996085949074073 0.6092554699074073 0.6679304699074073 0.5840546875 0.6316625
1 0.5513445324074074 0.6649601574074074 0.5065242199074075 0.720275 0.541259375 0.761178125 0.5858257824074075 0.7087171875 0.5513445324074074 0.6649601574074074
1 0.49900000000000005 0.724703125 0.46895625 0.7733890625000001 0.5051429699074075 0.80405 0.5377570300925926 0.7643460949074075 0.49900000000000005 0.724703125
1 0.9431648449074074 0.6683859375 0.8951625 0.7254570324074074 0.9272906249999999 0.762590625 0.9819632824074075 0.7080390625 0.9431648449074074 0.6683859375
1 0.8413757824074074 0.5619257824074074 0.8135484374999999 0.5997976574074074 0.8922578125 0.6668578125000001 0.9146804699074074 0.6323007824074074 0.8413757824074074 0.5619257824074074
1 0.8760695324074074 0.7923304699074074 0.8342757824074073 0.8485257824074074 0.8733164074074075 0.9026210949074075 0.9290921875 0.8407023425925926 0.8760695324074074 0.7923304699074074
1 0.7921984375 0.7115359375 0.7526617199074074 0.7565484375000001 0.8265335949074074 0.8407734375000001 0.8752898449074074 0.7935398449074074 0.7921984375 0.7115359375
1 0.6945179699074074 0.6370164050925925 0.6593890625 0.6736390624999999 0.7399953125000001 0.7607328125 0.775484375 0.7256648425925926 0.6945179699074074 0.6370164050925925
1 0.6675359375 0.5995343750000001 0.6334039074074075 0.6450171875 0.65195 0.6746359375 0.7007171875 0.6331249999999999 0.6675359375 0.5995343750000001
1 0.7267523449074075 0.8342757824074073 0.723625 0.8860789074074075 0.8117062500000001 0.900653125 0.8123539074074074 0.8468054699074073 0.7267523449074075 0.8342757824074073
1 0.551865625 0.7539570324074073 0.5967414050925925 0.7930789074074075 0.6339960949074074 0.7380625000000001 0.5889632824074075 0.7017445324074074 0.551865625 0.7539570324074073
1 0.49814921990740746 0.8492343750000001 0.5903296875 0.8625023449074075 0.5917820324074073 0.8251117199074074 0.5879617199074074 0.7974914074074073 0.5454796875 0.7652164050925926 0.5272515624999999 0.7915257824074075 0.49814921990740746 0.8492343750000001
1 0.5985023449074075 0.8096617199074074 0.5937859375000001 0.8591117199074074 0.6592773449074074 0.8687671875 0.6606289074074074 0.8119945324074074 0.5985023449074075 0.8096617199074074
1 0.6610789074074075 0.871459375 0.720078125 0.8840039074074073 0.7254671874999999 0.8124 0.7462195300925926 0.7936 0.7288171874999999 0.784284375 0.7089757824074074 0.804859375 0.6632750000000001 0.8161390625 0.6610789074074075 0.871459375
2 0.1437960949074074 0 0.1555210949074074 0.05296171759259259 0.1588757824074074 0.0995078125 0.2084679699074074 0.1443421875 0.260265625 0.094821875 0.284221875 0.10095 0.30881484490740746 0.0126 0.2779265625 0 0.1437960949074074 0
2 0.4570695300925926 0.17910234490740742 0.471546875 0.2277632824074074 0.5963359375 0.3409078125 0.6230398425925926 0.3233585925925926 0.6209953125 0.1806710949074074 0.5603218750000001 0.1896382824074074 0.5394421875000001 0.1772757824074074 0.5392851574074075 0.08525703240740741 0.543875 0.0677335925925926 0.5994992199074074 0.07176640740740742 0.6060976550925926 0.15345625 0.6382867199074075 0.1552070300925926 0.6262585949074074 0.08358203240740741 0.6526992199074074 0.0768117199074074 0.6324976574074074 0 0.386046875 0.0012953125 0.37301640740740744 0.03913203240740741 0.3172507824074074 0.024557812499999998 0.3567273425925926 0.08909296990740741 0.38568749999999996 0.11771953240740742 0.38588984490740735 0.052865625 0.47093984490740737 0.055497657407407405 0.45930078009259256 0.14123046990740742 0.4570695300925926 0.17910234490740742
2 0.7342624999999999 0.37093125 0.7180335949074075 0.29789453240740743 0.6805515624999999 0.2162554699074074 0.7337812499999999 0.19061953240740742 0.7230484375 0.1437453125 0.6244117175925926 0.16970546990740742 0.6424265625 0.229878125 0.6691859375 0.3028898449074074 0.6222812499999999 0.39624375 0.7070828124999999 0.4766023449074074 0.7143242199074074 0.454346875 0.7272585949074073 0.4337609375 0.7342624999999999 0.37093125
1 0.6426640625 0.23282343749999998 0.6270023449074074 0.2474328125 0.6469351574074074 0.3163804699074074 0.6650914074074074 0.30317265509259256 0.6426640625 0.23282343749999998
3 0.6496578125 0.341875 0.6352000000000001 0.290734375 0.6352000000000001 0.32055546759259257 0.6023882824074074 0.3510695324074074 0.6157734374999999 0.3872460949074074 0.6496578125 0.341875
2 0.9426742199074073 0.5552664074074074 0.99921875 0.5336890625 0.99921875 0.0014929699074074073 0.8096617199074074 0.0012953125 0.8475796875 0.07575390740740741 0.8754164074074074 0.12104453240740741 0.7739203125 0.161471875 0.8593148449074074 0.4169960949074074 0.9170281250000001 0.4077203125 0.9387015624999999 0.454428125 0.9426742199074073 0.5552664074074074
3 0.7682070300925926 0 0.74446875 0.0856929675925926 0.838971875 0.0732492199074074 0.7975781249999999 0 0.7682070300925926 0
3 0.9646921875 0.6063054699074074 0.9686085949074075 0.5588593749999999 0.9422085949074074 0.5559085949074074 0.9364648449074074 0.49415703240740744 0.9162695324074074 0.4214492199074074 0.8653664074074073 0.42620625 0.809646875 0.5403484375 0.8891453125 0.6052523449074074 0.9056523425925925 0.5624421875 0.9337828125000001 0.583103125 0.9194320324074075 0.6274124999999999 0.9447742199074075 0.6440351550925926 0.9646921875 0.6063054699074074
2 0.9741851574074074 0.5570476574074074 0.9454781250000001 0.6600414050925926 0.9862898449074073 0.7093851574074074 0.9187484374999999 0.7839195324074074 0.9983484374999999 0.8724562499999999 0.99921875 0.730071875 0.9986273449074075 0.5450695300925926 0.9741851574074074 0.5570476574074074
2 0.918278125 0.7548882824074075 0.8855125 0.7208976574074074 0.9114312499999999 0.6869273449074074 0.7890710949074075 0.5903648449074074 0.7733890625000001 0.6360703125 0.9038562499999999 0.7719320324074075 0.918278125 0.7548882824074075
2 0.6469960949074074 0.7378046875000001 0.6072109375000001 0.7940351574074074 0.652309375 0.8069140625000001 0.7117078125 0.792496875 0.729278125 0.7644976574074074 0.6257671875 0.6661953125000001 0.6023882824074074 0.6969570324074075 0.6469960949074074 0.7378046875000001
0 0.39203359490740736 0.46635 0.36272890740740743 0.4987515625 0.47280234490740736 0.6173875000000001 0.5161289074074075 0.565184375 0.39203359490740736 0.46635
0 0.3263898449074074 0.5671023449074074 0.2280007824074074 0.68659375 0.34897421990740746 0.7392414074074074 0.39581875 0.6535640625 0.3263898449074074 0.5671023449074074
0 0 0.7120265625000001 0.0028179699074074075 0.8121265625 0.0379671875 0.8402820324074075 0.1368375 0.8147328125000001 0.1511429675925926 0.7558648449074075 0.0969765625 0.6758249999999999 0.04275 0.7047296875 0 0.7120265625000001
0 0.10767968750000001 0.0953578125 0.144828125 0.0863046875 0.144828125 0.0448296875 0.13399375 0 0.07678593750000001 0.011972655092592592 0.041454687500000004 0.04793203240740741 0.10767968750000001 0.0953578125
0 0.958265625 0.8372414074074074 0.8938671874999999 0.9171851574074075 0.99921875 0.9573085949074075 0.99921875 0.8912 0.958265625 0.8372414074074074
0 0.7696242199074074 0.5506765625000001 0.6995476574074074 0.6140476574074074 0.7545445324074074 0.6950242199074075 0.7967171875 0.566353125 0.7696242199074074 0.5506765625000001
2 0.1510015625 0.3032242199074074 0.0880640625 0.3938671875 0.1429992199074074 0.4737523449074074 0.221940625 0.3791796875 0.1510015625 0.3032242199074074
3 0 0.6258195324074074 0.026625782407407407 0.6147765625 0.06574765740740741 0.5845195324074074 0.10176015509259259 0.5406804699074074 0.0285265625 0.477234375 0.0034750000000000002 0.5056179699074074 0 0.6258195324074074
3 0.1407390625 0.9313101574074074 0.12722578009259258 0.99921875 0.265996875 0.99921875 0.2839625 0.9726781250000001 0.1407390625 0.9313101574074074
0 0.3895773449074074 0.9497101574074074 0.32317890740740746 0.9417359375 0.2821023449074074 0.99921875 0.3982859375 0.99921875 0.3895773449074074 0.9497101574074074