1 0.28208125 0.17550625 0.16733515509259259 0 0.013671875 0.001953125 0.0343859375 0.2526476574074074 0.27780937499999997 0.2541195324074074 0.28208125 0.17550625
1 0.32589687500000003 0.2499921875 0.42019687499999997 0.2478257824074074 0.5352171875 0.228515625 0.6200710949074074 0.1934203125 0.5496445324074074 0.0672609375 0.454284375 0 0.2058945324074074 0.0009382824074074073 0.32589687500000003 0.2499921875
1 0.5390625 0 0.59191875 0.053978124999999995 0.6678234375000001 0.1828382800925926 0.8215867199074074 0.1184921875 0.7754210949074074 0 0.5390625 0
1 0.9042742199074074 0 0.837890625 0.025390625 0.8679960949074074 0.11094687499999999 0.99921875 0.0565109375 0.99921875 0 0.9042742199074074 0
1 0.3372953125 0.6209867199074074 0.39498906250000004 0.5620421875 0.4035648449074074 0.4816132824074074 0.26902734490740743 0.32854453240740744 0.0859375 0.328125 0.089515625 0.380546875 0 0.38098125 0.0020296875 0.664771875 0.12342812500000001 0.6710664074074074 0.263221875 0.6640851574074075 0.3323132800925926 0.6672367199074074 0.3372953125 0.6209867199074074
1 0 0.99875625 0.2412492175925926 0.99921875 0.22524296990740741 0.7740023425925926 0.072265625 0.775390625 0 0.777275 0 0.99875625
1 0.2518617199074074 0.7747953125 0.265625 0.99921875 0.7047273449074074 0.99921875 0.6898804699074075 0.7659679699074075 0.2518617199074074 0.7747953125
1 0.7620773449074074 0.9619671875 0.765625 0.99609375 0.99921875 0.99921875 0.99921875 0.9585953125000001 0.7620773449074074 0.9619671875
1 0.5215453125 0.37558828240740744 0.5804570324074074 0.38173984490740737 0.58055 0.3471320324074074 0.6776414050925926 0.3078164050925926 0.6498242199074075 0.2511609375 0.5212015625 0.3006601574074074 0.5174429699074073 0.2992773449074074 0.5215453125 0.37558828240740744
1 0.5173664074074074 0.3309078125 0.4908710949074074 0.33144296990740746 0.4929742199074074 0.52698125 0.6230617199074074 0.5245226574074073 0.6296609375000001 0.4176742199074074 0.546690625 0.41290000000000004 0.5493679699074074 0.382603125 0.5120781249999999 0.38552578240740737 0.5173664074074074 0.3309078125
1 0.4922695324074074 0.5328257824074074 0.49232968750000006 0.6923367199074074 0.7007054699074075 0.689271875 0.7001101550925926 0.5217640625 0.4922695324074074 0.5328257824074074
1 0.67055625 0.3274390625 0.588765625 0.35381875 0.5905578125 0.38942031250000003 0.5573273449074074 0.3939984375 0.5558851574074074 0.41177421990740737 0.6354351574074074 0.41199843750000004 0.6323429699074075 0.5186828125 0.7051359374999999 0.5245445324074074 0.7076109375 0.4433992199074074 0.67055625 0.3274390625
1 0.99921875 0.1140867199074074 0.88166875 0.16515859259259258 0.9026296874999999 0.22415234490740743 0.99921875 0.1967835949074074 0.99921875 0.1140867199074074
1 0.998459375 0.1924460949074074 0.9062242199074073 0.2279546875 0.99921875 0.3549828125 0.998459375 0.1924460949074074
1 0.6726757800925925 0.240540625 0.69493125 0.3163765625 0.8782210949074073 0.2276046875 0.8493390624999999 0.1746585925925926 0.6726757800925925 0.240540625
1 0.7615234375 0.2925257824074074 0.7090367199074074 0.31605937500000003 0.7223437500000001 0.3594132800925926 0.7716570324074075 0.3300828125 0.7615234375 0.2925257824074074
1 0.8185835949074074 0.2621796875 0.7635773449074074 0.2866914074074074 0.7733507824074074 0.33959374999999997 0.8404023425925926 0.3072046875 0.8185835949074074 0.2621796875
1 0.8731515625 0.23323125 0.8237132824074074 0.2629171875 0.8451 0.30545625 0.8967789074074074 0.2678882824074074 0.8731515625 0.23323125
1 0.7732140625 0.337184375 0.728615625 0.36221015740740736 0.7543507824074075 0.4436828125 0.8133828125 0.4302554675925926 0.8804773449074075 0.4011875 0.944453125 0.3530867199074074 0.8862132824074074 0.27971484490740744 0.7762789050925926 0.3581070324074074 0.7732140625 0.337184375
1 0.7481945300925926 0.4545101574074074 0.7548039074074074 0.5704546875000001 0.9521124999999999 0.5159460925925926 0.9026351574074073 0.3871476574074074 0.7481945300925926 0.4545101574074074
1 0.739803125 0.57478125 0.7420593750000001 0.6843390625 0.9164617175925925 0.6768328124999999 0.91155 0.536671875 0.739803125 0.57478125
1 0.931396875 0.5468109375 0.9612679699074074 0.6385984375 0.99921875 0.6355117199074074 0.9989835949074075 0.507696875 0.931396875 0.5468109375
1 0.9048257800925925 0.3873828125 0.9392960949074074 0.45323749999999996 0.994553125 0.42112656249999997 0.9482937499999999 0.34938281250000003 0.9048257800925925 0.3873828125
0 0.2793460949074074 0.3062710925925926 0.4225828125 0.4870289074074074 0.441290625 0.5398664074074074 0.4996890625 0.27411406250000003 0.2793460949074074 0.3062710925925926
0 0.4804421875 0.7297351574074074 0.43370468749999996 0.522709375 0.28607734490740744 0.7269742199074074 0.4804421875 0.7297351574074074
0 0.6899523449074074 0.7236085949074074 0.726171875 0.9440828125 0.99921875 0.9274648449074073 0.99921875 0.724134375 0.6899523449074074 0.7236085949074074
0 0.1071476574074074 0.262334375 0.003365625 0.265884375 0 0.3706648449074074 0.09197578240740742 0.3759242199074074 0.1071476574074074 0.262334375