1 0.07739140740740741 0 0.0786304699074074 0.01697421990740741 0.138775 0.025587500000000003 0.13650546990740742 0.0013179699074074072 0.07739140740740741 0
1 0.1446335949074074 0 0.14443515740740742 0.025914062499999998 0.1748890625 0.0337 0.17362031249999998 0 0.1446335949074074 0
1 0.2347117199074074 0 0.2334382800925926 0.0373625 0.31087421990740743 0.053687500000000006 0.3248898449074074 0.0006890625 0.2347117199074074 0
1 0.3818828125 0.0012687500000000001 0.382640625 0.03316015740740741 0.4733242199074074 0.039924999999999995 0.47678359490740746 0 0.3818828125 0.0012687500000000001
1 0.5062164074074074 0.0012687500000000001 0.5048085949074074 0.0520765625 0.5732007824074073 0.0483445300925926 0.568834375 0 0.5062164074074074 0.0012687500000000001
1 0.6597304699074074 0 0.662709375 0.0653539074074074 0.7248664074074074 0.0664390625 0.7248664074074074 0.0023890625 0.6597304699074074 0
1 0.8221257824074074 0.01649296990740741 0.8159359375 0.07926015740740741 0.8826570324074074 0.07793203240740741 0.8797132800925925 0.017157030092592594 0.8221257824074074 0.01649296990740741
1 0.9096671875 0.0050750000000000005 0.9122835949074074 0.0286703125 0.983321875 0.027996094907407405 0.980090625 0.00179375 0.9096671875 0.0050750000000000005
1 0.7916765625000001 0.1319460925925926 0.7900460949074074 0.18006328240740743 0.86841875 0.18525156250000002 0.8726414074074074 0.13157421990740742 0.7916765625000001 0.1319460925925926
1 0.6761546875 0.1342007800925926 0.6761296875 0.1717867199074074 0.7555875 0.1744382800925926 0.7555875 0.1327984375 0.6761546875 0.1342007800925926
1 0.6279234375 0.17702500000000002 0.625475 0.1344835949074074 0.5544921875000001 0.1326203125 0.55683125 0.16844609490740742 0.6279234375 0.17702500000000002
1 0.38442031249999997 0.105303125 0.3171140625 0.09472265740740742 0.3076679699074074 0.1427601574074074 0.3807773425925926 0.1529148449074074 0.38442031249999997 0.105303125
1 0.216578125 0.10432187500000001 0.17127656249999998 0.095153125 0.15815312499999998 0.1603234375 0.1988710949074074 0.1691101574074074 0.216578125 0.10432187500000001
1 0.2283679675925926 0.104034375 0.2153539074074074 0.170478125 0.2667421875 0.17886406249999998 0.2750234375 0.1086929699074074 0.2283679675925926 0.104034375
1 0.19809765509259258 0.3136890625 0.20190859490740742 0.26984921759259256 0.239171875 0.27340781249999996 0.2513585925925926 0.2117015625 0.1484390625 0.2093375 0.127 0.30105624999999997 0.19809765509259258 0.3136890625
1 0.03806171990740741 0.0494796875 0.0244328125 0.12288203009259259 0.1065765625 0.1330265625 0.10906484490740741 0.054584375 0.03806171990740741 0.0494796875
1 0.06057109490740741 0.2147992175925926 0.0025375000000000003 0.1801570324074074 0 0.241878125 0.027410937500000003 0.2552492199074074 0.06057109490740741 0.2147992175925926
1 0.0010359375 0.43139218749999997 0.055798437500000006 0.3591203125 0.0025375000000000003 0.3374773449074074 0.0010359375 0.43139218749999997
1 0.0558234375 0.3818828125 0.03492890740740741 0.4361648449074074 0.09596093750000001 0.463015625 0.1172515625 0.40733125 0.0558234375 0.3818828125
1 0.11418906250000001 0.44288984490740746 0.0811976574074074 0.49606640740740743 0.1340328125 0.5296476550925926 0.1715242175925926 0.4764710949074074 0.11418906250000001 0.44288984490740746
1 0.18810625 0.474925 0.1598578125 0.5239781250000001 0.21599374999999998 0.5625898449074074 0.24152656249999999 0.5071484374999999 0.18810625 0.474925
1 0.10149687499999999 0.5810703125000001 0.0433390625 0.5713664074074074 0.03077109490740741 0.6229679699074074 0.09459375 0.6341929699074074 0.10149687499999999 0.5810703125000001
1 0.1281398449074074 0.5836078124999999 0.119784375 0.6443374999999999 0.1897515625 0.65738125 0.19588750000000002 0.5927515624999999 0.1281398449074074 0.5836078124999999
1 0.1287 0.7023515625000001 0.0456734375 0.6825671875 0.02910078240740741 0.782934375 0.10924296990740741 0.7992890625 0.1287 0.7023515625000001
1 0.2811484375 0.4969835949074074 0.2512054699074074 0.545546875 0.3044265625 0.5836625 0.3400054675925926 0.5340882824074074 0.2811484375 0.4969835949074074
1 0.3430132824074074 0.5365515625 0.318446875 0.5772640625 0.3461898425925926 0.5951500000000001 0.3711828125 0.551384375 0.3430132824074074 0.5365515625
1 0.254921875 0.6042000000000001 0.2372492199074074 0.635625 0.2791617199074074 0.6724226574074074 0.3066914074074074 0.633171875 0.254921875 0.6042000000000001
1 0.2502289074074074 0.42753125 0.2590453125 0.39893125 0.25692421990740744 0.339678125 0.21662812499999998 0.3126929699074074 0.2144125 0.309565625 0.1699632824074074 0.3826460925925926 0.2502289074074074 0.42753125
1 0.35523984490740745 0.3641203125 0.31003671990740744 0.4394703125 0.3682882824074074 0.4793453125 0.4140117175925926 0.39377187500000005 0.35523984490740745 0.3641203125
1 0.4116179675925926 0.41985 0.38949453240740745 0.4694234375 0.4490601574074074 0.5154195300925926 0.4817289074074074 0.4693046875 0.4116179675925926 0.41985
1 0.4901445324074074 0.47495937499999996 0.46054296990740745 0.5163664074074075 0.5191460925925926 0.5553742199074074 0.5482476550925925 0.5051257824074074 0.4901445324074074 0.47495937499999996
1 0.41001250000000006 0.5802726574074074 0.3882257824074074 0.6280125 0.41659843750000003 0.6645429675925926 0.4474640625 0.6057554699074074 0.41001250000000006 0.5802726574074074
1 0.454134375 0.6232304699074075 0.43009375 0.6660742199074073 0.4859914050925926 0.7032382824074075 0.5124015625 0.6579914074074075 0.454134375 0.6232304699074075
1 0.520171875 0.6609992199074074 0.48085703009259256 0.7407351574074075 0.5535554699074074 0.7883164050925926 0.6033867199074074 0.7004828124999999 0.520171875 0.6609992199074074
1 0.20553125 0.8005578125 0.2030929699074074 0.8499734375000001 0.2523203125 0.85381875 0.254059375 0.8038828125 0.20553125 0.8005578125
1 0.1877695324074074 0.8931734375 0.18022656250000002 0.9574867199074073 0.24673984490740739 0.9646085949074075 0.254025 0.8963656249999999 0.1877695324074074 0.8931734375
1 0.100228125 0.957878125 0.019799219907407406 0.9442992199074074 0.014694532407407408 0.99921875 0.09935625000000001 0.99921875 0.100228125 0.957878125
1 0.6153257824074074 0.7079414074074074 0.5985398425925926 0.7423554699074074 0.6458890625 0.7726015625 0.6612820324074073 0.7386531249999999 0.6153257824074074 0.7079414074074074
1 0.7501710949074074 0.8210851574074075 0.7117476574074074 0.8855617199074074 0.7596515625 0.9206546875 0.8023914050925925 0.8531351574074074 0.7501710949074074 0.8210851574074075
1 0.8082789074074074 0.8784695324074073 0.7777210925925926 0.9299664074074074 0.8302539074074075 0.9863398449074074 0.8742375 0.9136218749999999 0.8082789074074074 0.8784695324074073
1 0.9363101574074074 0.9274289074074075 0.9052265625000001 0.9725374999999999 0.9485414074074073 0.99921875 0.9827273449074073 0.9492992199074074 0.9363101574074074 0.9274289074074075
1 0.57478125 0.5165148449074074 0.5493523449074074 0.5671148449074074 0.5946296875 0.6198257824074075 0.6354023449074074 0.5512609374999999 0.57478125 0.5165148449074074
1 0.6774179699074074 0.6528617199074075 0.7205296875 0.5907695300925926 0.6609054699074074 0.5612617199074074 0.62674375 0.6178632824074074 0.6254804675925926 0.6188742199074073 0.6774179699074074 0.6528617199074075
1 0.7218976574074074 0.6102507800925926 0.6910273449074075 0.6594234375 0.7427273449074073 0.6898132824074075 0.774103125 0.6394117199074074 0.7218976574074074 0.6102507800925926
1 0.7904078124999999 0.63689375 0.7545914074074075 0.6888859375 0.7994773449074074 0.7317453125 0.8351648449074075 0.6667828125 0.7904078124999999 0.63689375
1 0.8603757824074074 0.6622632800925926 0.8221257824074074 0.7269726574074075 0.8710359375000001 0.7685179699074074 0.9184687500000001 0.6923804675925926 0.8603757824074074 0.6622632800925926
1 0.9765617199074074 0.6898328125 0.9286976550925926 0.7764523449074074 0.9670320300925925 0.8157375 0.99921875 0.7100679699074074 0.9765617199074074 0.6898328125
1 0.9982585949074073 0.8679335949074074 0.99921875 0.774821875 0.960415625 0.8449625 0.9982585949074073 0.8679335949074074
1 0.9031398449074074 0.5888015625 0.8813734375000001 0.6449375 0.92828125 0.6772648449074075 0.959265625 0.6204546875 0.9031398449074074 0.5888015625
1 0.8330140625 0.560215625 0.8043640625 0.6115195324074074 0.8539773425925925 0.6505328125 0.8872914074074074 0.6001109375 0.8330140625 0.560215625
1 0.7718335949074074 0.5192804675925926 0.7409281249999999 0.5620398425925925 0.7857789074074074 0.610003125 0.8192765625 0.559021875 0.7718335949074074 0.5192804675925926
1 0.7115148449074075 0.5701921875 0.7529859375 0.5039171875 0.696290625 0.46838828240740743 0.6648054699074074 0.534128125 0.6685820324074073 0.5432171875 0.7115148449074075 0.5701921875
1 0.6277203125 0.4302921875 0.6026382824074075 0.47449843750000004 0.6471523449074075 0.5162273425925926 0.68521875 0.463125 0.6277203125 0.4302921875
1 0.552103125 0.3554132800925926 0.5138289074074074 0.42248125 0.5545515624999999 0.4753953125 0.6124367199074073 0.3869125 0.552103125 0.3554132800925926
1 0.46706484259259257 0.31520078240740745 0.43263125 0.3780765625 0.49587343749999996 0.4156570324074074 0.5384148449074074 0.356765625 0.46706484259259257 0.31520078240740745
1 0.3799148449074074 0.30612656250000003 0.3014976550925926 0.29943593749999997 0.2956101550925926 0.3958382824074074 0.3799148449074074 0.30612656250000003
1 0.740378125 0.37652500000000005 0.7110742175925926 0.3603492199074074 0.6643195324074074 0.3594671875 0.6508499999999999 0.38315156250000004 0.7087546875 0.4241617199074074 0.740378125 0.37652500000000005
1 0.7593492175925926 0.36223750000000005 0.7295101574074074 0.41740625000000003 0.7786078124999999 0.4610828125 0.8173335925925926 0.39323671990740744 0.7593492175925926 0.36223750000000005
1 0.8301492175925925 0.40103203240740737 0.7980203125 0.4554679699074074 0.846578125 0.49816328240740737 0.8844164074074073 0.436903125 0.8301492175925925 0.40103203240740737
1 0.8297382824074074 0.36031406250000003 0.8189296875 0.3849601574074074 0.8595921875 0.4126390625 0.8738210949074074 0.38167968750000003 0.8297382824074074 0.36031406250000003
1 0.8965539050925926 0.4427804699074074 0.8690679699074074 0.4922609375 0.9152820300925926 0.5337914074074074 0.9590921875 0.47394375 0.8965539050925926 0.4427804699074074
1 0.969296875 0.4821109375 0.9354132824074074 0.537215625 0.99921875 0.5836476550925925 0.9984023449074074 0.5039414050925926 0.969296875 0.4821109375
1 0.33620859259259256 0.18396328240740742 0.3358820300925926 0.2393851574074074 0.42262500000000003 0.250828125 0.4215546875 0.18591093749999998 0.33620859259259256 0.18396328240740742
1 0.4578617199074074 0.16880781250000002 0.4567367199074074 0.2423242199074074 0.4985296875 0.2494109375 0.4993328125 0.1665382824074074 0.4578617199074074 0.16880781250000002
3 0.9081757800925926 0.1052703125 0.9080507824074074 0.1956523449074074 0.5079359375 0.1732523449074074 0.5097062499999999 0.25536875 0.2944546875 0.2419664074074074 0.282271875 0.2950265625 0.99921875 0.3540804699074074 0.99805 0.11651171759259259 0.9081757800925926 0.1052703125
3 0 0.9311203124999999 0.1414289074074074 0.9631460949074074 0.16332031249999998 0.8104679699074074 0 0.7832796875 0 0.9311203124999999
3 0.3365023449074074 0.6124601550925926 0.2855820324074074 0.6982289050925926 0.21589218749999997 0.6797937500000001 0.1933453125 0.7892804699074074 0.2813375 0.797184375 0.26874375 0.8739828125 0.307753125 0.9131242199074074 0.24355546990740742 0.99921875 0.2948585925925926 0.99921875 0.47357499999999997 0.7036164074074074 0.3365023449074074 0.6124601550925926
3 0.46795078240740745 0.7425976574074075 0.3068882824074074 0.9956039074074075 0.42307968749999997 0.9963078125 0.5489937500000001 0.7914203125 0.46795078240740745 0.7425976574074075
3 0.5847625 0.7518460949074074 0.4371375 0.9956039074074075 0.5172820324074073 0.99921875 0.6536085949074073 0.7840046875 0.5847625 0.7518460949074074
3 0.7344851574074075 0.99921875 0.76235625 0.9362499999999999 0.6905828125 0.8956164050925927 0.7726789074074074 0.7762398449074075 0.68784375 0.7383249999999999 0.5334867199074074 0.9920351574074074 0.7344851574074075 0.99921875
0 0.1549914074074074 0.1708125 0.035684375 0.1338179699074074 0.016678125000000002 0.158796875 0.0818375 0.2119265625 0.0307359375 0.289415625 0.1578140625 0.3780835949074074 0.194746875 0.3197125 0.11895156250000001 0.30546640740740744 0.1549914074074074 0.1708125
3 0.52816875 0.0962507800925926 0.40086796990740736 0.098509375 0.397884375 0.09456484490740741 0.39656718750000003 0.1756359375 0.537403125 0.16089453240740742 0.52816875 0.0962507800925926
0 0.9974992199074074 0.36337109490740743 0.8885492199074074 0.4121585949074074 0.99921875 0.4898632800925926 0.9974992199074074 0.36337109490740743
0 0.22302968750000002 0.281909375 0.21771171759259259 0.3092515625 0.294740625 0.3445734375 0.291925 0.2980234375 0.22302968750000002 0.281909375
3 0.8885007800925926 0.9100234375 0.8499796875 0.982521875 0.892096875 0.99921875 0.9542453125 0.8667132824074074 0.7904164050925926 0.7904164050925926 0.769584375 0.8252023449074074 0.8885007800925926 0.9100234375
0 0.3223195324074074 0.44965546759259256 0.2900078125 0.4102070324074074 0.23551953240740742 0.44249062499999997 0.21645 0.480990625 0.267446875 0.5186968750000001 0.3223195324074074 0.44965546759259256
0 0.5773570324074074 0.004163282407407407 0.5840304699074074 0.0660867199074074 0.6530070324074074 0.07290703240740741 0.6473304699074075 0.0020929675925925924 0.5773570324074074 0.004163282407407407
0 0.7341867199074074 0.0013875 0.7306843749999999 0.0733078125 0.8073539074074074 0.0728148449074074 0.8039273449074074 0.0052421875 0.7341867199074074 0.0013875
0 0.3739570324074074 0.089290625 0.33309062500000003 0.004163282407407407 0.2992992199074074 0.08630859490740742 0.3739570324074074 0.089290625
3 0.3901507824074074 0.3103640625 0.36362343750000004 0.3469695324074074 0.413321875 0.3887898449074074 0.45859062500000003 0.31716249999999996 0.3901507824074074 0.3103640625