1 0.6768226550925925 0.1925632800925926 0.7083101550925925 0.33859375 0.8430273449074074 0.3129804699074074 0.8105539074074074 0.15290078240740743 0.6768226550925925 0.1925632800925926
1 0.7721765624999999 0.36620312499999996 0.7749976574074074 0.4060304699074074 0.854725 0.38979609490740735 0.8400406250000001 0.3111507824074074 0.7246390625000001 0.341078125 0.7326382824074074 0.3758515625 0.7721765624999999 0.36620312499999996
1 0.8460195300925926 0.3944851550925926 0.7472226574074073 0.4114453125 0.7697921875 0.51176875 0.8675601574074073 0.4910960949074074 0.8460195300925926 0.3944851550925926
1 0.7355632824074073 0.5207210949074074 0.740684375 0.5708609375 0.8887109375000001 0.5384445300925926 0.8721070324074075 0.4897070324074074 0.7355632824074073 0.5207210949074074
1 0.506965625 0.1977734375 0.3422921875 0.3192296875 0.371171875 0.3600960949074074 0.4174382824074074 0.3205476550925926 0.42126015509259257 0.36110624999999996 0.5254671875 0.34421250000000003 0.5212328125 0.31608125 0.53029375 0.3129992199074074 0.506965625 0.1977734375
1 0.2779601574074074 0.451534375 0.28917890740740737 0.5248507800925926 0.3759367199074074 0.5040265625 0.363765625 0.4371679699074074 0.2779601574074074 0.451534375
1 0.3653539074074074 0.4393960949074074 0.37733125 0.5041539074074074 0.42056328240740737 0.4948703125 0.40671328240740745 0.4295242199074074 0.3653539074074074 0.4393960949074074
1 0.4090507824074074 0.428471875 0.4245554699074074 0.49204921990740735 0.5929843749999999 0.46914843749999996 0.58016875 0.39671406249999996 0.4090507824074074 0.428471875
1 0.582625 0.3981265625 0.5928945324074074 0.4713914050925926 0.6541492199074074 0.45708593750000004 0.6406734374999999 0.39135625 0.582625 0.3981265625
1 0.3471335949074074 0.5142242199074074 0.3677414074074074 0.6403617199074074 0.4315695324074074 0.6191515625 0.4085835949074074 0.496753125 0.3471335949074074 0.5142242199074074
1 0.4093070324074074 0.501271875 0.43024375 0.6251523449074073 0.4970875 0.6086023449074075 0.4722742175925926 0.4889664050925926 0.4093070324074074 0.501271875
1 0.47536562499999996 0.4922046875 0.4995460925925926 0.6111476574074074 0.5545242199074074 0.60109375 0.5335015625 0.4798234375 0.47536562499999996 0.4922046875
1 0.5349484375 0.48184218749999996 0.5587492175925926 0.6048125 0.6169000000000001 0.5893859375 0.5950273449074074 0.4677664050925926 0.5349484375 0.48184218749999996
1 0.5984171875000001 0.4740710949074074 0.6176085949074074 0.5885859375 0.6743882800925926 0.5831726574074074 0.6531828125 0.4551273449074074 0.5984171875000001 0.4740710949074074
1 0.42225937500000005 0.6295039074074075 0.42660625 0.6533296875 0.6751367199074074 0.60723125 0.6708257824074074 0.5798984374999999 0.42225937500000005 0.6295039074074075
1 0.281075 0.7370117199074074 0.29073906250000003 0.7974039074074075 0.3376515625 0.8037234375 0.37796718749999997 0.7974445324074074 0.3697757824074074 0.7262898425925925 0.351965625 0.7188726574074075 0.3148226574074074 0.7259257824074075 0.281075 0.7370117199074074
1 0.4639304699074074 0.8486695324074075 0.4030171875 0.8659765625 0.42612812499999997 0.99921875 0.48998593749999997 0.99921875 0.4639304699074074 0.8486695324074075
1 0.43235078240740743 0.656815625 0.4507984375 0.7560749999999999 0.5140585949074075 0.7442429699074075 0.49281562500000003 0.6411773425925925 0.43235078240740743 0.656815625
1 0.4935679699074074 0.6453375 0.5167640625 0.7688242199074075 0.57754375 0.75104375 0.556425 0.6289914074074074 0.4935679699074074 0.6453375
1 0.45275624999999997 0.763946875 0.47979296990740744 0.9252164074074074 0.5412601574074074 0.9111226574074074 0.5122453125 0.7508640624999999 0.45275624999999997 0.763946875
1 0.4782640625 0.9297445324074074 0.4885710949074074 0.99921875 0.5523546874999999 0.9983210949074075 0.5415492199074075 0.9117203125000001 0.4782640625 0.9297445324074074
1 0.5203507824074074 0.775425 0.5574265625 0.99921875 0.6185492199074074 0.998315625 0.5751070300925926 0.7571015625 0.5203507824074074 0.775425
1 0.5573367199074074 0.6338585949074074 0.5746984374999999 0.7359585949074074 0.63175625 0.7241460949074074 0.614275 0.6219226574074074 0.5573367199074074 0.6338585949074074
1 0.6160039074074075 0.62365625 0.63251875 0.7307523449074075 0.6986390625 0.7172562499999999 0.6768976550925926 0.6058156250000001 0.6160039074074075 0.62365625
1 0.5764671875 0.7371640625 0.6190726574074075 0.99921875 0.6803398449074074 0.9983953125 0.63193125 0.7249585949074074 0.5764671875 0.7371640625
1 0.6929445324074074 0.7168078125 0.6376648449074074 0.7277281250000001 0.6351343749999999 0.7307867199074074 0.6821632824074074 0.99921875 0.7422953125 0.99921875 0.6929445324074074 0.7168078125
1 0 0.9986148449074074 0.04515078240740741 0.99921875 0.020191407407407408 0.8476828125 0 0.8532226574074074 0 0.9986148449074074
1 0.0701453125 0.6466124999999999 0.1270140625 0.99921875 0.258975 0.9987242199074075 0.19893750000000002 0.6299382824074073 0.0701453125 0.6466124999999999
1 0.04463828240740741 0.5547859375 0.057585937499999997 0.6085359375 0.08518046990740741 0.6031007824074074 0.07195390740740741 0.5445828125 0.04463828240740741 0.5547859375
1 0.0586671875 0.614728125 0.063509375 0.6396382800925926 0.1995453125 0.6248515625000001 0.1937117199074074 0.58775625 0.0586671875 0.614728125
1 0.07269609490740742 0.5433078125 0.0863117199074074 0.6054023449074074 0.1381234375 0.593171875 0.12203671759259259 0.5256320300925926 0.07269609490740742 0.5433078125
1 0.12498593749999999 0.528003125 0.1434390625 0.5932960949074074 0.1985046875 0.5831179675925926 0.18775312500000002 0.5112492199074075 0.12498593749999999 0.528003125
1 0.1314023449074074 0 0.1539953125 0.066946875 0.2485984375 0.03890625 0.23826640740740743 0.0004429675925925926 0.1314023449074074 0
1 0 0.04344765740740741 0.0734960949074074 0.029870312500000003 0.0703 0 0 0.0002898449074074074 0 0.04344765740740741
1 0.072046875 0.18384921990740744 0.10983203240740741 0.18187499999999998 0.0962421875 0.10176796990740741 0.02755234490740741 0.1155070300925926 0.0355953125 0.1546867199074074 0.010328125 0.1546867199074074 0.019128125000000003 0.1869289074074074 0.04404375 0.18291406249999997 0.051834375 0.2169523449074074 0.0787984375 0.20858671990740743 0.072046875 0.18384921990740744
1 0.7681632824074074 0.7272 0.7008914074074073 0.7379148449074074 0.7412960949074074 0.99921875 0.8058796874999999 0.99921875 0.7681632824074074 0.7272
1 0.9191867175925926 0.3005632824074074 0.9129851574074074 0.26594375 0.8726031249999999 0.2783140625 0.8832554699074074 0.3596664074074074 0.9217125 0.3498867199074074 0.9218773449074074 0.3614890625 0.9703304699074075 0.3549734375 0.9642140625000001 0.3305351574074074 0.9518039074074074 0.33169218749999996 0.9462289074074074 0.29280625 0.9191867175925926 0.3005632824074074
1 0.8062164074074074 0.0012765625000000001 0.8144398425925926 0.042382032407407406 0.8569539074074074 0.034542187499999995 0.8468929675925926 0 0.8062164074074074 0.0012765625000000001
1 0.8266429699074074 0.0421296875 0.831428125 0.07100234490740741 0.873775 0.06113046990740741 0.8651054699074074 0.030821875 0.8266429699074074 0.0421296875
1 0.8389359375 0.07169765740740741 0.8208984375 0.07596171990740741 0.8244859375 0.0985257824074074 0.8449078125 0.091778125 0.8389359375 0.07169765740740741
1 0.8432398449074073 0.1014953125 0.8518601574074074 0.15748671759259258 0.8938804699074074 0.1454851574074074 0.8830085949074075 0.093825 0.8432398449074073 0.1014953125
1 0.9593421875 0.1619945324074074 0.99921875 0.150784375 0.99921875 0.1050710949074074 0.9947992199074074 0.08961640740740741 0.976178125 0.0930125 0.9752007824074075 0.0852429699074074 0.9447351550925925 0.093196875 0.9593421875 0.1619945324074074
1 0.9147335949074075 0 0.9188101574074075 0.033425 0.99921875 0.02055859490740741 0.99921875 0 0.9147335949074075 0
3 0.2913273449074074 0.9968492199074075 0.4052226550925926 0.99921875 0.39930546990740745 0.9688296875 0.3738992199074074 0.9387953125 0.33256953240740744 0.9190273449074075 0.300765625 0.9118007824074075 0.28502343750000003 0.9313726550925926 0.2913273449074074 0.9968492199074075
2 0 0.8227031250000001 0.054240625 0.8143554699074074 0.0025531250000000003 0.5502445324074073 0 0.8227031250000001
2 0.31754609490740743 0.1378078125 0.2503820300925926 0.0395171875 0.1527140625 0.070678125 0.1280335949074074 0 0.10074218750000001 0.001221875 0.15763359490740741 0.24068671990740742 0.31754609490740743 0.1378078125
3 0.1468695300925926 0.22455625 0.11715937500000001 0.0969125 0.1024648449074074 0.0888257824074074 0.0936429699074074 0.048299219907407404 0.0006382824074074074 0.0651101574074074 0.0002914074074074074 0.152521875 0.0342484375 0.152128125 0.024253907407407408 0.1136039074074074 0.0975226550925926 0.0998367199074074 0.1116757824074074 0.1804164050925926 0.12404375 0.2285335949074074 0.1468695300925926 0.22455625
3 0 0.2561414050925926 0.023137500000000002 0.2568078125 0.0342851574074074 0.233515625 0.053403125 0.22654921990740742 0.0762132824074074 0.23420156250000002 0.08674609490740741 0.2490648449074074 0.09404921990740742 0.28989375 0.1195054699074074 0.2775679699074074 0.10105859259259259 0.2270953125 0.08184609490740741 0.2091695324074074 0.0526375 0.2194976574074074 0.0436757824074074 0.18632656250000001 0.01941953240740741 0.1907195324074074 0.011205469907407407 0.15432500000000002 0 0.15575390740740738 0 0.2561414050925926
2 0.001459375 0.2571742199074074 0 0.35940625 0.09642109490740741 0.291425 0.08440625 0.24744218750000002 0.0640578125 0.2302671875 0.0444484375 0.23076796759259258 0.02789296990740741 0.24669140740740741 0.02509296759259259 0.25973125 0.001459375 0.2571742199074074
3 0.5974101550925925 0.06376484490740741 0.5860460949074073 0.0406703125 0.5521843750000001 0.038640625 0.1952 0.2898421875 0.206190625 0.34447656249999997 0.2113851574074074 0.3811414050925926 0.2352078125 0.3969882824074074 0.3765515625 0.3767859375 0.33904609490740745 0.3191632824074074 0.6085242175925926 0.1257390625 0.5974101550925925 0.06376484490740741
3 0.8093890625 0.5954578125 0.8620476574074074 0.99921875 0.99921875 0.99921875 0.99921875 0.56035625 0.8093890625 0.5954578125
3 0.6348921875 0.0029578125000000004 0.64981875 0.0716710949074074 0.6800453125 0.065840625 0.6913515625000001 0.1532773425925926 0.7466367199074073 0.1378929675925926 0.746325 0.1602367199074074 0.8313203125 0.14459375 0.7977664050925926 0 0.6348921875 0.0029578125000000004
3 0.9758367199074074 0.3553398425925926 0.9215609375 0.3622796875 0.9511906250000001 0.5024023449074074 0.9959585949074075 0.5057257800925926 0.99921875 0.17707343749999999 0.84389375 0.2109734375 0.8642539050925926 0.27395625 0.919015625 0.2634625 0.9240523449074074 0.292684375 0.947659375 0.2854984375 0.9544367199074074 0.3256835925925926 0.9692632824074074 0.3256835925925926 0.9758367199074074 0.3553398425925926
3 0.8808406249999999 0.49452656250000004 0.9237484375 0.496871875 0.9021976574074074 0.4004585949074074 0.8879765625 0.40585 0.8702304699074075 0.29929609490740744 0.8570140625 0.30219999999999997 0.8753562500000001 0.36936171990740746 0.862078125 0.3561523449074074 0.8515726574074074 0.3587984375 0.8808406249999999 0.49452656250000004
2 0.91348125 0.4943421875 0.8813562500000001 0.4958859375 0.8970109375 0.5450367199074074 0.8946656249999999 0.5761492199074074 0.9981804699074074 0.5585304699074074 0.99921875 0.5097039074074075 0.9545101574074074 0.5064453125 0.9347625 0.5188726574074074 0.91348125 0.4943421875
0 0.5689109375 0 0.241821875 0.003942969907407407 0.3324023449074074 0.15925546990740738 0.5689109375 0
0 0.5112429699074075 0.1984515625 0.5413070324074074 0.350509375 0.659265625 0.3312835949074074 0.6070914050925926 0.12666093750000001 0.5112429699074075 0.1984515625
0 0.67166875 0.18790156249999998 0.7460421875000001 0.1757757824074074 0.7445843750000001 0.140953125 0.6911109375000001 0.15066640740740742 0.679359375 0.07178046990740741 0.6544968750000001 0.07359765740740741 0.67166875 0.18790156249999998
0 0.7255273449074074 0.3389632824074074 0.7057523449074075 0.3417046875 0.7415351550925926 0.5132148425925925 0.7713828125 0.5129375 0.7460117175925925 0.4131671875 0.7713828125 0.4101898449074074 0.764159375 0.37627578240740744 0.728028125 0.3821851574074074 0.7255273449074074 0.3389632824074074
0 0.183096875 0.41464609490740745 0.1738914074074074 0.3566445300925926 0.1495523425925926 0.3350570324074074 0.11055625000000001 0.349703125 0.07921953240740741 0.36865703240740744 0.04225625 0.39852031250000003 0.0256125 0.4363929675925926 0.046393750000000004 0.5495515625 0.06965546990740741 0.5368710949074074 0.0972492175925926 0.5331492199074074 0.12583906250000002 0.5209 0.1509796875 0.521115625 0.19114609490740742 0.5138976574074073 0.191459375 0.49465624999999996 0.183096875 0.41464609490740745
0 0.2675523425925926 0.7237773425925925 0.37399140740740744 0.7075648449074073 0.34782968750000004 0.5198992199074074 0.2917484375 0.52633125 0.28057187499999997 0.421453125 0.21553671990740741 0.4337023449074074 0.2675523425925926 0.7237773425925925
0 0.3719328125 0.6466109375 0.40175000000000005 0.8607773449074074 0.4684273449074074 0.8418539074074074 0.422084375 0.628525 0.3719328125 0.6466109375
0 0.2759921875 0.81220625 0.2914757824074074 0.9082953125000001 0.42096562499999995 0.9684171874999999 0.3869078125 0.8007328125000001 0.2759921875 0.81220625
0 0.2832515625 0.4197734375 0.2866757824074074 0.4451171875 0.584071875 0.3939265625 0.5799195324074075 0.3624671875 0.2832515625 0.4197734375
1 0.7036179699074074 0.7287023449074075 0.7706382824074074 0.723509375 0.8035023449074075 0.9467132824074075 0.8424921875 0.9352453125000001 0.8059695324074073 0.5932921875 0.6864382800925926 0.6188148425925926 0.7036179699074074 0.7287023449074075
1 0.8025460949074074 0.9505507824074074 0.8125585949074073 0.99921875 0.8653890625 0.99921875 0.8476507800925925 0.9351953125 0.8025460949074074 0.9505507824074074
0 0.118659375 0.24625 0.13833125 0.32778828240740737 0.1989265625 0.3227648449074074 0.1826242199074074 0.2290703125 0.118659375 0.24625
0 0.6379539074074074 0.3661851574074074 0.6845640625 0.605846875 0.7176632824074074 0.605846875 0.6660382824074075 0.3548867199074074 0.6379539074074074 0.3661851574074074
3 0.8381117175925925 0.16471640740740742 0.8407429699074074 0.2086804699074074 0.9575984375 0.18396484490740742 0.905465625 0 0.87085625 0.004744532407407407 0.8997492199074074 0.1549875 0.8381117175925925 0.16471640740740742
3 0.1846359375 0.227575 0.1890695324074074 0.2582976550925926 0.3354078125 0.1620429675925926 0.314375 0.13589453009259259 0.1846359375 0.227575
3 0.017175782407407407 0.8272851550925926 0.0469421875 0.9987710925925926 0.0974398449074074 0.99921875 0.05562421990740741 0.81485625 0.017175782407407407 0.8272851550925926