2 0.7795140625 0.8887015625000001 0.7395835949074074 0.9956593749999999 0.99921875 0.9946710949074075 0.9947914074074075 0.3675382824074074 0.78125 0.5464710949074074 0.7170140625 0.49782968749999995 0.6215281250000001 0.5829523449074073 0.5243054699074075 0.7167179699074074 0.6979164050925926 0.7931546875000001 0.7795140625 0.8887015625000001
2 0.2222226574074074 0.9425554699074075 0.1579859375 0.8313734375 0.14756953240740742 0.956453125 0.2222226574074074 0.9425554699074075
3 0.734375 0.8556945324074073 0.6024304699074073 0.7827320324074074 0.5869313055555556 0.9964112384259259 0.7204859375 0.99921875 0.734375 0.8556945324074073
3 0.9045140625 0.1017453125 0.7951390625 0 0.7135414050925926 0.0027242199074074074 0.7222226574074073 0.133015625 0.6649304699074073 0.33974296990740743 0.7743054699074073 0.47003359490740737 0.9965932638888889 0.32347269907407405 0.9982640625 0.08437343750000001 0.9045140625 0.1017453125
2 0.078125 0.7144093749999999 0.08506953009259259 0.7723085949074074 0.24652812500000001 0.805315625 0.5017359375 0.730615625 0.5677085949074074 0.6055359375 0.36805546990740745 0.675025 0.2430554699074074 0.7410382800925925 0.078125 0.70976875 0.078125 0.7144093749999999
1 0 0.2094523449074074 0.08680546990740741 0.1191171875 0.08333359490740741 0.1243289074074074 0.11458359490740741 0.093059375 0.08854140509259259 0.0444171875 0 0.1278039074074074 0 0.2094523449074074
2 0.1822914050925926 0.05310390740740741 0.125 0.0478921875 0.11979140509259259 0.0529515625 0.10416640509259259 0.17297109259259258 0.1701390625 0.1781828125 0.1822914050925926 0.05310390740740741
3 0.171875 0.18860625 0.0295140625 0.20424062499999998 0.018228905092592593 0.2092015625 0.05555546990740741 0.2546203125 0.18055546759259258 0.27546640509259257 0.171875 0.18860625
3 0.3177085949074074 0.9442921875000001 0.2864585949074074 0.8122640625 0.1822914050925926 0.8157390625 0.2447914074074074 0.9303945324074073 0.2743054699074074 0.9859851550925925 0.3177085949074074 0.9442921875000001
2 0.5711804699074075 0.8939132824074074 0.5729164050925926 0.7757828125 0.4869789050925926 0.7586804699074073 0.4895835949074074 0.8643804675925926 0.5243054699074075 0.9581898449074074 0.5711804699074075 0.8939132824074074
2 0.371528125 0.9234453125000001 0.3645835949074074 0.7847218749999999 0.30555546990740745 0.7948921874999999 0.3350695324074074 0.9286570324074075 0.371528125 0.9234453125000001
3 0.5295140625 0.99921875 0.48263906250000005 0.9234453125000001 0.4791664050925926 0.7566734375 0.3802085949074074 0.7847218749999999 0.39236093749999995 0.99921875 0.5295140625 0.99921875
2 0.0017359374999999999 0.99921875 0.08680546990740741 0.9964085949074074 0.0026039074074074076 0.9435765625 0.0017359374999999999 0.99921875
2 0.005208594907407407 0.8498265625 0.0572914050925926 0.8470085949074074 0.0520835949074074 0.7375640625000001 0.008680469907407408 0.71150625 0.005208594907407407 0.8498265625
3 0.10416640509259259 0.99921875 0.1302085949074074 0.99921875 0.1423609375 0.8678546875 0.09635390509259259 0.8289929699074073 0.019096875 0.9199710949074074 0.10416640509259259 0.99921875
2 0.2838539074074074 0.0451390625 0.19965312500000001 0.1225921875 0.203125 0.2146640625 0.2378476574074074 0.2216132824074074 0.29861093749999995 0.22682421759259258 0.324653125 0.15733593750000002 0.3177085949074074 0.0704757824074074 0.2838539074074074 0.0451390625
0 0.36284765740740743 0.2459335949074074 0.25 0.2586804699074074 0.2795140625 0.3953335949074074 0.36805546990740745 0.3883851550925926 0.36284765740740743 0.2459335949074074
0 0.08680546990740741 0.6124851574074074 0.125 0.6362843749999999 0.1701390625 0.5429968749999999 0.1354164050925926 0.5099898449074074 0.08680546990740741 0.6124851574074074
1 0.0520835949074074 0.32899296990740745 0.09201406250000001 0.33626875 0.11631953240740742 0.2841523425925926 0.0572914050925926 0.2685179699074074 0.0520835949074074 0.32899296990740745
1 0.36805546990740745 0 0.3854164074074074 0.05555546990740741 0.4583335949074074 0.049628907407407406 0.4479164050925926 0 0.36805546990740745 0
1 0.03125 0.5138890625 0.09895859490740741 0.4960921875 0.078125 0.4405015625 0.022569532407407406 0.4457132824074074 0.03125 0.5138890625
1 0.46180546990740745 0.5551570324074074 0.46180546990740745 0.5985875 0.47743046990740745 0.615959375 0.5659726574074074 0.6090109374999999 0.5486109375 0.5099898449074074 0.5026039050925926 0.5321179699074075 0.46180546990740745 0.5551570324074074
1 0.0078125 0.43055546990740745 0.078125 0.42486640509259255 0.07118046990740741 0.35190390740740746 0.0017359374999999999 0.3501664074074074 0.0078125 0.43055546990740745
1 0.08333359490740741 0.39930546990740745 0.1510414050925926 0.40402031250000003 0.1579859375 0.3466921875 0.08506953009259259 0.33974296990740743 0.08333359490740741 0.39930546990740745
0 0.2057289074074074 0.6987843749999999 0.2708335949074074 0.7062945324074074 0.293403125 0.59685 0.2135414074074074 0.5725296875 0.2057289074074074 0.6987843749999999
1 0.5416664050925926 0.14930546759259258 0.6041664050925926 0.1191171875 0.5850695324074073 0.0774242199074074 0.5086804699074075 0.1278039074074074 0.5416664050925926 0.14930546759259258
1 0.48263906250000005 0 0.5130210949074074 0.0685765625 0.5399304699074075 0.0704757824074074 0.512153125 0 0.48263906250000005 0
3 0.4791664050925926 0.2355109375 0.5052085949074074 0.318896875 0.6163195324074074 0.2911015625 0.47048593749999995 0.060052344907407414 0.3411460949074074 0.081596875 0.34548593749999995 0.22335 0.4791664050925926 0.2355109375
1 0.3645835949074074 0.49045156250000005 0.3663195324074074 0.5464710949074074 0.5607640625 0.5047781250000001 0.5555554699074075 0.49261796990740736 0.3645835949074074 0.49045156250000005
1 0.2838539074074074 0.49826406250000005 0.2847226574074074 0.5829523449074073 0.371528125 0.56210625 0.3489585949074074 0.4821945300925926 0.2838539074074074 0.49826406250000005
1 0.6302085949074074 0.480034375 0.6822914050925926 0.5013039074074074 0.6892359375 0.3988085949074074 0.640625 0.393596875 0.6302085949074074 0.480034375
0 0.3776039074074074 0.2664929699074074 0.390625 0.4022828125 0.4635414050925926 0.40402031250000003 0.4635414050925926 0.2511453125 0.3776039074074074 0.2664929699074074
1 0 0.5204132824074074 0.005208594907407407 0.6310765625 0.07986093749999999 0.5204132824074074 0 0.5204132824074074
3 0 0.0878476550925926 0.14557389814814814 0.012443847222222222 0 0.0060765624999999995 0 0.0878476550925926