2 0.7638890625 0 0.4609375 0.6102429699074073 0.6336804699074073 0.7010828125 0.9878476550925925 0 0.7638890625 0
2 0 0.5321179699074075 0.387153125 0.7254039074074073 0.42013906250000005 0.6646015624999999 0 0.4491875 0 0.5321179699074075
2 0.4244789050925926 0.9383679699074073 0.45659765740740743 0.9599273449074074 0.5069445324074073 0.8487460949074075 0.47048593749999995 0.8348476574074074 0.4244789050925926 0.9383679699074073
2 0.99921875 0.9408179699074074 0.6684031250000001 0.7896804699074074 0.6458335949074074 0.8472218749999999 0.9149304699074073 0.99921875 0.99921875 0.99921875 0.99921875 0.9408179699074074
1 0.3385414074074074 0 0.6493054699074073 0.1555992199074074 0.7447914050925926 0 0.3385414074074074 0
1 0.1276039050925926 0.20659687499999999 0.25 0.2737289074074074 0.3506945324074074 0.0704757824074074 0.2291664074074074 0.004461719907407407 0.1276039050925926 0.20659687499999999
1 0.2916664074074074 0.2899304699074074 0.5416664050925926 0.393596875 0.6388890625 0.20250390740740742 0.387153125 0.0756875 0.2916664074074074 0.2899304699074074
1 0.008680469907407408 0.40402031250000003 0.1432289074074074 0.47482656250000005 0.1666664050925926 0.41096875 0.03819453240740741 0.33626875 0.008680469907407408 0.40402031250000003
1 0.07291640509259259 0.2873265625 0.19618046759259258 0.36927578240740744 0.2291664074074074 0.2945757824074074 0.08680546990740741 0.22682421759259258 0.07291640509259259 0.2873265625
1 0 0.136284375 0.11284765740740742 0.20424062499999998 0.15625 0.131278125 0.02083359490740741 0.0704757824074074 0 0.136284375
1 0.06510390509259259 0.0008679699074074074 0.1302085949074074 0.0287828125 0.1666664050925926 0.05310390740740741 0.2013890625 0.0009874999999999999 0.06510390509259259 0.0008679699074074074
1 0 0.8263890625 0.2760414074074074 0.9720875 0.36284765740740743 0.7757828125 0 0.5690546875 0 0.8263890625
1 0.2638890625 0.99921875 0.09375 0.9217085949074074 0.0520835949074074 0.9956593749999999 0.2638890625 0.99921875
1 0 0.99921875 0.02083359490740741 0.99921875 0.046875 0.9251828125 0 0.8993054699074073 0 0.99921875
2 0.45659765740740743 0.807053125 0.4131945324074074 0.7914179675925926 0.3645835949074074 0.9130226574074074 0.3177085949074074 0.8973875 0.2838539074074074 0.99921875 0.375 0.9981460949074075 0.45659765740740743 0.807053125
2 0.0329859375 0.1990289074074074 0.0138890625 0.2511453125 0.0026039074074074076 0.31336796990740745 0.03819453240740741 0.3327945300925926 0.08333359490740741 0.2320359375 0.0329859375 0.1990289074074074
1 0.9982640625 0.5516828125000001 0.8628476550925925 0.824425 0.9947914074074075 0.8967015625 0.9982640625 0.5516828125000001
0 0.2447914074074074 0.401909375 0.40625 0.5013039074074074 0.43055546990740745 0.39707109490740744 0.265625 0.3258453125 0.2447914074074074 0.401909375
1 0.53125 0.428340625 0.44097265740740743 0.393596875 0.4114585949074074 0.541259375 0.2135414074074074 0.40402031250000003 0.1822914050925926 0.49045156250000005 0.43576406250000005 0.619434375 0.53125 0.428340625
1 0.8038195300925927 0.99921875 0.5659726574074074 0.8748039074074073 0.5 0.9982640625 0.8038195300925927 0.99921875
1 0.99921875 0.44744999999999996 0.99921875 0.09132187500000001 0.8544702870370371 0.3517087106481482 0.99921875 0.44744999999999996
1 0.6510414050925926 0.7196179699074073 0.8229164074074075 0.8122640625 0.8784726550925925 0.690659375 0.6944445324074074 0.615959375 0.6510414050925926 0.7196179699074073
1 0.7317710949074074 0.5868054699074075 0.8784726550925925 0.6680757824074074 0.9861109375 0.468296875 0.8263890625 0.3814359375 0.7317710949074074 0.5868054699074075