2 0.45659765740740743 0.8296367199074074 0.6788195324074074 0.7358273449074074 0.671875 0.6698132824074073 0.6041664050925926 0.6871851574074074 0.5850695324074073 0.5829523449074073 0.3541664074074074 0.6232640625 0.45659765740740743 0.8296367199074074
2 0.2881945324074074 0 0.005208594907407407 0.011284375000000001 0.005208594907407407 0.29283828240740745 0.2395835949074074 0.3953335949074074 0.559028125 0.2876265625 0.5972226574074073 0.0861109375 0.734375 0.0756875 0.7326390625 0 0.2881945324074074 0
3 0.1770835949074074 0.37969921990740746 0 0.31336796990740745 0.005208594907407407 0.3883851550925926 0.1770835949074074 0.37969921990740746
3 0.6302085949074074 0.11024296990740741 0.6215281250000001 0.242459375 0.7118054699074073 0.2320359375 0.7048609375 0.09827109490740742 0.6302085949074074 0.11024296990740741
2 0.0026039074074074076 0.49826406250000005 0.0017359374999999999 0.5864273449074074 0.1857640625 0.5499453125 0.1753476574074074 0.4787203125 0.0026039074074074076 0.49826406250000005
2 0.1875 0.46701406250000005 0.21527812500000001 0.541259375 0.390625 0.47177109490740743 0.3541664074074074 0.4057570324074074 0.1875 0.46701406250000005
1 0.5815976574074074 0.29805 0.5520835949074074 0.36545156250000005 0.5920140625 0.3849109375 0.6284726574074073 0.3102109375 0.5815976574074074 0.29805
1 0.5503476574074074 0.4908804699074074 0.5815976574074074 0.4179179675925926 0.5104164050925926 0.3310570324074074 0.36111093749999995 0.4005453125 0.4756945324074074 0.5186757800925926 0.5503476574074074 0.4908804699074074
1 0.8767359375 0.0652640625 0.8229164074074075 0.0529515625 0.7760414050925926 0.1017453125 0.8385414074074075 0.1399640625 0.8767359375 0.0652640625
1 0.8854164074074075 0.480034375 0.8888890625 0.5690546875 0.9496531250000001 0.5760039050925926 0.9635414074074075 0.4804570324074074 0.8854164074074075 0.480034375
1 0.875 0.7482640625 0.8229164074074075 0.9599273449074074 0.99921875 0.99921875 0.99921875 0.7601476574074074 0.875 0.7482640625
1 0.9965281250000001 0.99921875 0.8541664074074075 0.973825 0.6953125 0.9175343749999999 0.6857640625 0.973825 0.7204859375 0.99921875 0.9965281250000001 0.99921875
1 0.6944445324074074 0.4735085949074074 0.6927085949074074 0.52215 0.7239585949074074 0.5099898449074074 0.7413195324074074 0.4231289074074074 0.6067710949074074 0.38368046990740745 0.5920140625 0.4335523425925926 0.6944445324074074 0.4735085949074074
1 0.25 0.71150625 0.277778125 0.7271414074074074 0.3333335949074074 0.692396875 0.2274304699074074 0.5864273449074074 0.0520835949074074 0.6571179699074073 0.08506953009259259 0.7757828125 0.25 0.71150625
1 0.7239585949074074 0.128471875 0.7222226574074073 0.282415625 0.7638890625 0.280678125 0.7743054699074073 0.1225921875 0.7239585949074074 0.128471875
1 0.03125 0.589409375 0.0416664050925926 0.6333320324074074 0.2135414074074074 0.5760039050925926 0.1927085949074074 0.5516828125000001 0.03125 0.589409375
1 0.9713539074074075 0.0008679699074074074 0.9565976550925925 0.093059375 0.99921875 0.1034828125 0.99921875 0 0.9713539074074075 0.0008679699074074074
2 0 0.7184546875000001 0.0451390625 0.7010828125 0.005208594907407407 0.6050343749999999 0 0.7184546875000001
2 0 0.93560625 0.05381953240740741 0.93386875 0.043403125 0.8313734375 0 0.8315968749999999 0 0.93560625
2 0 0.99921875 0.07638906250000001 0.99921875 0.06597265509259259 0.9634015625000001 0 0.9644093749999999 0 0.99921875
2 0.005208594907407407 0.7378468749999999 0.046875 0.8157390625 0.08159765740740742 0.7966296875 0.03819453240740741 0.7167179699074074 0.005208594907407407 0.7378468749999999
2 0.59375 0.9435765625 0.6163195324074074 0.9686132824074074 0.7274304699074073 0.86264375 0.6805554699074073 0.8278992199074074 0.59375 0.9435765625
3 0.8776039074074075 0.5842015625 0.8420140625 0.71150625 0.9079859375 0.7340898449074075 0.9322914074074075 0.5881640625 0.8776039074074075 0.5842015625
1 0.09375 0.7899304699074073 0.05381953240740741 0.8331109375 0.0607640625 0.9217085949074074 0.11805546990740741 0.9025992199074074 0.2048609375 0.8852273425925925 0.1892359375 0.8348476574074074 0.171875 0.7566734375 0.09375 0.7899304699074073
1 0.2317710949074074 0.7977429699074073 0.2482640625 0.8539570324074075 0.3333335949074074 0.8313734375 0.31423593749999995 0.7618851574074074 0.2317710949074074 0.7977429699074073
1 0.171875 0.9227429699074073 0.18055546759259258 0.99921875 0.25 0.99921875 0.2204859375 0.916496875 0.171875 0.9227429699074073
1 0.0859375 0.9279515625 0.08680546990740741 0.99921875 0.1354164050925926 0.9981460949074075 0.13368046990740742 0.916496875 0.0859375 0.9279515625
1 0.7083335949074074 0.7948921874999999 0.6909726574074073 0.7792570324074075 0.4791664050925926 0.8550343749999999 0.5555554699074075 0.93734375 0.6336804699074073 0.8643804675925926 0.7083335949074074 0.7948921874999999
3 0.2534726574074074 0.40749453009259257 0.1579859375 0.3779617199074074 0 0.401909375 0.0034726574074074074 0.48393125 0.1614585949074074 0.4787203125 0.2534726574074074 0.40749453009259257
1 0.2552085949074074 0.8940968749999999 0.2881945324074074 0.9442921875000001 0.328125 0.9199710949074074 0.293403125 0.8695921874999999 0.2552085949074074 0.8940968749999999
1 0.3697914074074074 0.7688343750000001 0.3359375 0.7873265625 0.3819445324074074 0.9130226574074074 0.43576406250000005 0.8817523449074074 0.3697914074074074 0.7688343750000001
1 0.9479164074074075 0.09982656250000001 0.9270835949074074 0.1833945324074074 0.99921875 0.18513125 0.99921875 0.09827109490740742 0.9479164074074075 0.09982656250000001
1 0.734375 0.31857656250000005 0.7135414050925926 0.40402031250000003 0.7552085949074074 0.40402031250000003 0.7378476574074073 0.5152015624999999 0.7881945324074074 0.5099898449074074 0.7986109375 0.3762242199074074 0.7708335949074074 0.3779617199074074 0.7777781250000001 0.31715937499999997 0.734375 0.31857656250000005
1 0.3038195324074074 0.5673179699074075 0.2473960949074074 0.5789929699074075 0.2690976574074074 0.6281203125 0.30555546990740745 0.6246453125 0.3038195324074074 0.5673179699074075
1 0.32118046990740745 0.6784992199074075 0.3541664074074074 0.6889226574074074 0.33680546990740745 0.6020617199074074 0.5868054699074075 0.5655804699074074 0.6423609375 0.5325734375 0.6215281250000001 0.48566875 0.3177085949074074 0.558159375 0.32118046990740745 0.6784992199074075
0 0.9140625 0.276909375 0.9027781250000001 0.39707109490740744 0.9722226550925925 0.37448750000000003 0.9826390625 0.2737289074074074 0.9140625 0.276909375
2 0.890625 0.40451406250000005 0.8871531250000001 0.466559375 0.9739585949074074 0.4804570324074074 0.9878476550925925 0.3883851550925926 0.890625 0.40451406250000005
1 0.390625 0.9305554699074073 0.4322914050925926 0.991196875 0.5451390625 0.9390804699074075 0.4635414050925926 0.86090625 0.390625 0.9305554699074073
1 0.2864585949074074 0.9696179699074073 0.3020835949074074 0.99921875 0.36805546990740745 0.99921875 0.33680546990740745 0.9390804699074075 0.2864585949074074 0.9696179699074073
1 0.6753476574074073 0.6489664074074075 0.6892359375 0.6976085949074075 0.7204859375 0.6767617199074074 0.6857640625 0.5308359375 0.6067710949074074 0.5711804699074075 0.6215281250000001 0.675025 0.6753476574074073 0.6489664074074075
0 0.7899304699074073 0.13648984490740743 0.7777781250000001 0.2302992199074074 0.8576390625 0.2250875 0.8524304699074073 0.1347523449074074 0.7899304699074073 0.13648984490740743
1 0.8107640625 0.44744999999999996 0.84375 0.3849109375 0.8211804699074073 0.37969921990740746 0.8177085949074074 0.3241085949074074 0.8038195300925927 0.3588523449074074 0.8107640625 0.44744999999999996
1 0.8229164074074075 0.6246453125 0.8559031250000001 0.468296875 0.8151039074074075 0.46961796990740745 0.6892359375 0.7775203125 0.7256945324074074 0.8018414074074074 0.8229164074074075 0.6246453125