1 0.4288195324074074 0 0.5911460949074074 0.120659375 0.6788195324074074 0.0670015625 0.6267359375 0 0.4288195324074074 0
3 0.7899304699074073 0.2198757800925926 0.6822914050925926 0.0826359375 0.5807289050925926 0.1388890625 0.6423609375 0.1938171875 0.6597226574074073 0.169496875 0.7899304699074073 0.2198757800925926
1 0.6284726574074073 0 0.8229164074074075 0.2196179699074074 0.99921875 0.0756875 0.9947914074074075 0 0.6284726574074073 0
3 0.6458335949074074 0.269096875 0.796875 0.3275828125 0.8541664074074075 0.2563570324074074 0.6684031250000001 0.1955546875 0.6458335949074074 0.269096875
3 0.9965281250000001 0.1903429699074074 0.8489585949074074 0.33420156250000005 0.99921875 0.3866476574074074 0.9965281250000001 0.1903429699074074
3 0.875 0.19878437499999999 0.8958335949074074 0.2355109375 0.99921875 0.1347523449074074 0.9965281250000001 0.10521953240740742 0.875 0.19878437499999999
0 0.5677085949074074 0.36024296990740745 0.8055554699074073 0.6767617199074074 0.99921875 0.5395226574074075 0.99921875 0.466559375 0.5677085949074074 0.36024296990740745
1 0.14930546759259258 0 0.0026039074074074076 0.0008679699074074074 0 0.4891429699074074 0.0416664050925926 0.4908804699074074 0.13194453240740742 0.4005453125 0.09201406250000001 0.2876265625 0.11805546990740741 0.15733593750000002 0.2013890625 0.0652640625 0.14930546759259258 0
1 0.99921875 0.690659375 0.8697914074074075 0.7977429699074073 0.99921875 0.9286570324074075 0.99921875 0.690659375
1 0.9652781250000001 0.99921875 0.7951390625 0.86090625 0.6197914050925926 0.9956593749999999 0.9652781250000001 0.99921875
1 0 0.49261796990740736 0.0078125 0.8029515625 0.1284726574074074 0.7167179699074074 0 0.49261796990740736
1 0.11805546990740741 0.9130226574074074 0.0026039074074074076 0.9539929699074073 0 0.99921875 0.1510414050925926 0.99921875 0.11805546990740741 0.9130226574074074
1 0.1848960949074074 0.7534718749999999 0.3072914074074074 0.99921875 0.5208335949074074 0.99921875 0.309028125 0.6976085949074075 0.1848960949074074 0.7534718749999999
1 0.08333359490740741 0.5373265625 0.1753476574074074 0.7340898449074075 0.2916664074074074 0.655915625 0.1666664050925926 0.4457132824074074 0.08333359490740741 0.5373265625
0 0.453125 0.6675343749999999 0.6006945324074074 0.8556945324074073 0.6458335949074074 0.8001039074074073 0.48263906250000005 0.6124851574074074 0.453125 0.6675343749999999
1 0.0859375 0.8550343749999999 0.109375 0.9043367199074075 0.1927085949074074 0.8713296875 0.1701390625 0.8105273425925925 0.0859375 0.8550343749999999
2 0.0026039074074074076 0.8940968749999999 0.0572914050925926 0.8713296875 0.02083359490740741 0.8174757824074074 0 0.8348476574074074 0.0026039074074074076 0.8940968749999999
1 0.2291664074074074 0.503471875 0.3385414074074074 0.7045570324074073 0.4913195324074074 0.5864273449074074 0.40451406250000005 0.5013039074074074 0.2291664074074074 0.503471875
0 0.5798609375 0.32932031250000005 0.6354164050925926 0.207715625 0.46701406250000005 0.046154687500000006 0.2517359375 0.0513664074074074 0.1302085949074074 0.2013890625 0.234375 0.4821945300925926 0.5798609375 0.32932031250000005
1 0.65625 0.7879429699074074 0.6927085949074074 0.8296367199074074 0.7847226574074073 0.7636226574074074 0.5086804699074075 0.428340625 0.4505210949074074 0.49045156250000005 0.4895835949074074 0.5482085949074074 0.65625 0.7879429699074074