2 0.14756953240740742 0.4161804699074074 0.234375 0.42660390740740745 0.21006953240740742 0.31194765740740743 0.121528125 0.2459335949074074 0 0.144096875 0.005208594907407407 0.28588984490740743 0.14756953240740742 0.4161804699074074
1 0.265625 0.1399640625 0.2795140625 0.0670015625 0.11111093749999999 0.04094296759259259 0.1302085949074074 0.0009874999999999999 0.10416640509259259 0 0.078125 0.07899296990740741 0.265625 0.1399640625
1 0.40972265740740743 0.1608109375 0.418403125 0.1017453125 0.39409765740740743 0.1000085949074074 0.37847265740740743 0.0027242199074074074 0.328125 0.0034718749999999997 0.35243046990740745 0.1555992199074074 0.40972265740740743 0.1608109375
1 0.3194445324074074 0.1816570300925926 0.1927085949074074 0.1642851550925926 0.203125 0.17274296759259258 0.1857640625 0.2250875 0.3072914074074074 0.23377343750000001 0.3194445324074074 0.1816570300925926
1 0.5850695324074073 0.2250875 0.53125 0.2170140625 0.48263906250000005 0.3675382824074074 0.546875 0.3988085949074074 0.5850695324074073 0.2250875
0 0.28125 0.36024296990740745 0.2586804699074074 0.4370273449074074 0.47222265740740743 0.4491875 0.44618046990740745 0.391859375 0.28125 0.36024296990740745
1 0.4166664050925926 0.0008679699074074074 0.42534765740740743 0.08437343750000001 0.40798593749999995 0.169496875 0.5086804699074075 0.1799203125 0.512153125 0.11216875 0.47743046990740745 0.10869453240740741 0.49305546990740745 0.0652640625 0.46875 0.004461719907407407 0.4166664050925926 0.0008679699074074074
1 0.5520835949074074 0.0685765625 0.527778125 0.1920804699074074 0.5868054699074075 0.207715625 0.6076390625 0.0878476550925926 0.5520835949074074 0.0685765625
1 0.6354164050925926 0.558159375 0.5815976574074074 0.7757828125 0.6545140625 0.7983664074074075 0.7048609375 0.56036875 0.6354164050925926 0.558159375
1 0.5034726574074074 0.2181382800925926 0.3333335949074074 0.18315937499999999 0.2847226574074074 0.34495468749999997 0.45138906250000005 0.3866476574074074 0.5034726574074074 0.2181382800925926
1 0.6822914050925926 0.30295156250000005 0.6510414050925926 0.49956640740740743 0.9670140625 0.4405015625 0.9322914074074075 0.2997875 0.6822914050925926 0.30295156250000005
1 0.7604164050925926 0.7534718749999999 0.8697914074074075 0.82095 0.9270835949074074 0.7132429699074074 0.8090281250000001 0.6576523449074074 0.7604164050925926 0.7534718749999999
1 0.7473960949074074 0 0.6909726574074073 0.2876265625 0.921875 0.28588984490740743 0.9652781250000001 0 0.7473960949074074 0
2 0.7725695324074074 0.6732875 0.8663195300925927 0.67155 0.9479164074074075 0.47177109490740743 0.84375 0.5321179699074075 0.7708335949074074 0.619434375 0.7725695324074074 0.6732875
1 0.9375 0.5451390625 0.9583335949074074 0.6802367175925925 0.99921875 0.67155 0.9965281250000001 0.5152015624999999 0.9375 0.5451390625
1 0.4661460949074074 0.48524296990740745 0.4427085949074074 0.6454921874999999 0.4895835949074074 0.7010828125 0.5295140625 0.4891429699074074 0.4661460949074074 0.48524296990740745
3 0.8333335949074074 0.9149304699074073 0.8993054699074073 0.9495039074074074 0.9809031250000001 0.824425 0.9166664074074075 0.7896804699074074 0.8333335949074074 0.9149304699074073
2 0.19965312500000001 0.86090625 0.2378476574074074 0.86264375 0.2482640625 0.7775203125 0.2899304699074074 0.78620625 0.2829859375 0.7271414074074074 0.2222226574074074 0.7167179699074074 0.1901039050925926 0.7378468749999999 0.19965312500000001 0.86090625
1 0.3515625 0.7586804699074073 0.2638890625 0.7948921874999999 0.1979164050925926 0.9495039074074074 0.2690976574074074 0.9616640625 0.43055546990740745 0.99921875 0.47222265740740743 0.8087898449074075 0.44618046990740745 0.7792570324074075 0.3515625 0.7586804699074073
1 0.99921875 0.4370273449074074 0.9921875 0 0.9288195324074074 0.2320359375 0.9652781250000001 0.4370273449074074 0.99921875 0.4370273449074074