3 0.9965281250000001 0 0.8090281250000001 0.0009874999999999999 0.7395835949074074 0.12586796990740742 0.8854164074074075 0.2198757800925926 0.99921875 0.049628907407407406 0.9965281250000001 0
2 0 0.7248265625 0.5625 0.0009874999999999999 0 0.0009874999999999999 0 0.7248265625
1 0.5625 0.37326406250000005 0.7534726574074073 0.49261796990740736 0.9114585949074074 0.2667804675925926 0.6875 0.14517578240740742 0.5625 0.37326406250000005
1 0.8515625 0.8967015625 0.99921875 0.992934375 0.99921875 0.8435343750000001 0.8949656250000001 0.7844687499999999 0.8515625 0.8967015625
1 0.38628515740740743 0.99921875 0.41232656250000005 0.973825 0.2282984375 0.8661179699074074 0.1692710949074074 0.9800343749999999 0.2352429699074074 0.99921875 0.38628515740740743 0.99921875
1 0.33941015740740743 0.7375640625000001 0.301215625 0.8278992199074074 0.2942710949074074 0.8498265625 0.4522570324074074 0.93560625 0.5060765625 0.8140015625000001 0.33941015740740743 0.7375640625000001
1 0.90625 0.2248265625 0.99921875 0.3067359375 0.99921875 0.1642851550925926 0.9652781250000001 0.1417015625 0.90625 0.2248265625
1 0.78125 0.5217015625 0.99921875 0.6819734375000001 0.99921875 0.35711562500000005 0.9253476550925925 0.3015242199074074 0.78125 0.5217015625
0 0.1267359375 0.6854476574074074 0.0026039074074074076 0.7612843749999999 0.008680469907407408 0.99921875 0.1388890625 0.7688343750000001 0.1267359375 0.6854476574074074
1 0.3723960949074074 0.6779515625 0.5789929699074075 0.8105273425925925 0.6154515625 0.7531992199074075 0.41579843749999995 0.6385429699074074 0.3723960949074074 0.6779515625
1 0.421875 0.5868054699074075 0.5633679699074075 0.6854476574074074 0.6605906250000001 0.5238875 0.49566015740740743 0.4422382824074074 0.421875 0.5868054699074075
1 0.5807289050925926 0.6961804699074073 0.6467015625 0.7375640625000001 0.7248265625 0.6107476550925925 0.6449656250000001 0.55863125 0.5807289050925926 0.6961804699074073
1 0.6848960949074074 0.9025992199074074 0.5251734375 0.8313734375 0.4791664050925926 0.9331593749999999 0.5911460949074074 0.99921875 0.6467015625 0.99921875 0.6848960949074074 0.9025992199074074
1 0.6276039050925926 0.8185765625 0.7699656250000001 0.9112851550925926 0.8897570300925927 0.7184546875000001 0.7491320324074074 0.6246453125 0.6276039050925926 0.8185765625
0 0.6345484375 0.11043125 0.4921875 0.33420156250000005 0.5460070324074073 0.3710132824074074 0.6762156250000001 0.1382265625 0.6345484375 0.11043125
1 0.6015625 0.0321179699074074 0.6640625 0.0704757824074074 0.6831601574074073 0.014885157407407408 0.6293406250000001 0.004461719907407407 0.6015625 0.0321179699074074
1 0.7005210949074074 0.06336796990740741 0.7335070324074074 0.094796875 0.7769101574074073 0.027045312499999998 0.7352429699074073 0 0.7005210949074074 0.06336796990740741
1 0.8359375 0.9964085949074074 0.7578125 0.956453125 0.7109375 0.9956593749999999 0.8359375 0.9964085949074074