0 0.12239609490740741 0.07221328240740742 0.12586796990740742 0.1503875 0.2282984375 0.1555992199074074 0.2352429699074074 0.0756875 0.12239609490740741 0.07221328240740742
1 0 0 0 0.1399640625 0.09982656250000001 0.1521242199074074 0.11545156250000001 0 0 0
1 0.2395835949074074 0.2352429699074074 0.2439234375 0.17470859490740742 0.1362851574074074 0.17123359490740742 0.13975703240740742 0.2250875 0.2395835949074074 0.2352429699074074
1 0.1276039050925926 0.292534375 0.1345484375 0.3501664074074074 0.2300351574074074 0.353640625 0.2352429699074074 0.3015242199074074 0.1276039050925926 0.292534375
2 0.2760414074074074 0.0034718749999999997 0.2751734375 0.07221328240740742 0.4053820324074074 0.0704757824074074 0.4036460949074074 0 0.2760414074074074 0.0034718749999999997
2 0.6189234375 0.8365851550925926 0.5529515625 0.8157390625 0.5633679699074075 0.7323523449074074 0.4210070324074074 0.71150625 0.3932289074074074 0.8914929699074073 0.5963539050925926 0.9217085949074074 0.6189234375 0.8365851550925926
1 0.4166664050925926 0.9201390625 0.410590625 0.9703499999999999 0.5026039050925926 0.991196875 0.5112851574074074 0.9303945324074073 0.4166664050925926 0.9201390625
1 0.1276039050925926 0.5685765625 0.12066015740740742 0.6420179699074074 0.18836796759259258 0.6541781249999999 0.19184062500000001 0.581215625 0.1276039050925926 0.5685765625
1 0.734375 0.8498265625 0.7005210949074074 0.99921875 0.8967015625 0.99921875 0.9071179699074073 0.880015625 0.734375 0.8498265625
1 0.0026039074074074076 0.24565937499999999 0.09114609490740741 0.282415625 0.09635390509259259 0.166021875 0.0026039074074074076 0.15386171990740738 0.0026039074074074076 0.24565937499999999
1 0.4140625 0 0.4192710949074074 0.0635265625 0.5651039050925926 0.07395 0.5633679699074075 0 0.4140625 0
1 0.03645859490740741 0.2951390625 0.0442710949074074 0.3327945300925926 0.08420156250000001 0.34148046990740744 0.08420156250000001 0.30499921990740736 0.03645859490740741 0.2951390625
0 0.2092015625 0.8887015625000001 0.0078125 0.8420140625 0.011285157407407407 0.99921875 0.18663203240740742 0.99921875 0.2092015625 0.8887015625000001
2 0.14149296990740742 0.5551570324074074 0.2317710949074074 0.56210625 0.2682289074074074 0.5238875 0.2161460949074074 0.43181562500000004 0.005208594907407407 0.39670156250000005 0.0060765624999999995 0.5673179699074075 0.14149296990740742 0.5551570324074074
2 0.8359375 0.7352429699074073 0.8220484375 0.8087898449074075 0.9557289074074075 0.8435343750000001 0.9713539074074075 0.7896804699074074 0.8359375 0.7352429699074073
2 0 0.824425 0.3567710949074074 0.9095484374999999 0.3776039074074074 0.7167179699074074 0.21788203240740742 0.6802367175925925 0.098090625 0.6680757824074074 0.11545156250000001 0.5829523449074073 0 0.5946179699074073 0 0.824425
1 0.2526039074074074 0.9175343749999999 0.2161460949074074 0.99921875 0.3619789074074074 0.99921875 0.36024296990740745 0.9286570324074075 0.2526039074074074 0.9175343749999999
1 0.12239609490740741 0 0.129340625 0.056578125 0.2612851574074074 0.06178984490740741 0.2578125 0 0.12239609490740741 0
1 0.9739585949074074 0.008680469907407408 0.9557289074074075 0.1191171875 0.99921875 0.131278125 0.99921875 0.0096734375 0.9739585949074074 0.008680469907407408
1 0.9661460949074074 0.7566734375 0.9748265625 0.7167179699074074 0.9140625 0.6802367175925925 0.9296875 0.6229085949074075 0.8802085949074074 0.6050343749999999 0.8446179699074073 0.70976875 0.9661460949074074 0.7566734375
1 0.5807289050925926 0.05555546990740741 0.5633679699074075 0.15733593750000002 0.7595484375 0.2146640625 0.7907984375 0.0878476550925926 0.5807289050925926 0.05555546990740741
0 0.6293406250000001 0.3484289050925926 0.6241320324074074 0.2546203125 0.7126734375 0.29283828240740745 0.7213539050925926 0.21640156249999998 0.6067710949074074 0.19618046759259258 0.5946179699074073 0.3466921875 0.6293406250000001 0.3484289050925926
1 0.2421875 0.433159375 0.254340625 0.47524531249999996 0.3723960949074074 0.4787203125 0.3828125 0.430078125 0.2421875 0.433159375
1 0.4765625 0.6180554699074073 0.457465625 0.6854476574074074 0.6067710949074074 0.71150625 0.6310765625 0.6489664074074075 0.4765625 0.6180554699074073
1 0.2708335949074074 0.6128468749999999 0.3359375 0.6229085949074075 0.3463539074074074 0.5760039050925926 0.2734375 0.5742664074074074 0.2708335949074074 0.6128468749999999
1 0.9583335949074074 0.14149296990740742 0.9210070324074074 0.2580945300925926 0.9748265625 0.26504296990740744 0.99921875 0.1521242199074074 0.9583335949074074 0.14149296990740742
1 0.8203125 0.17274296759259258 0.8098960949074074 0.2302992199074074 0.8932289074074075 0.2494085925925926 0.9019101550925925 0.1955546875 0.8203125 0.17274296759259258
1 0.5112851574074074 0.5343109375 0.504340625 0.5829523449074073 0.5338539050925926 0.5899015625 0.5842015625 0.48740625000000004 0.4557289050925926 0.440971875 0.4366320324074074 0.5117273449074075 0.5112851574074074 0.5343109375
1 0.8012156250000001 0 0.7699656250000001 0.06873828240740741 0.9401039074074075 0.11024296990740741 0.9505210949074074 0 0.8012156250000001 0
1 0.3255210949074074 0.36927578240740744 0.379340625 0.40402031250000003 0.441840625 0.4022828125 0.5078125 0.36232734490740737 0.5373265625 0.2007664074074074 0.31336796990740745 0.17470859490740742 0.3177085949074074 0.1935765625 0.3255210949074074 0.36927578240740744
1 0.8255210949074074 0.2508679699074074 0.8133679699074073 0.31368515740740743 0.8862851550925925 0.3258453125 0.8932289074074075 0.25983125 0.8255210949074074 0.2508679699074074
1 0.7369789050925926 0.2404515625 0.7300351574074073 0.2963132824074074 0.7942710949074074 0.3032617175925926 0.7942710949074074 0.2546203125 0.7369789050925926 0.2404515625
0 0.7239585949074074 0.31857656250000005 0.7144101574074073 0.4335523425925926 0.8116320300925927 0.4231289074074074 0.7803820324074074 0.3154226550925926 0.7239585949074074 0.31857656250000005
0 0.7039929699074073 0.652440625 0.6380210949074074 0.6454921874999999 0.5807289050925926 0.7404515625 0.5703125 0.807053125 0.6640625 0.8365851550925926 0.7039929699074073 0.652440625
0 0.6328125 0.600325 0.6467015625 0.5499453125 0.6762156250000001 0.5534203125 0.6744789050925926 0.5047781250000001 0.5963539050925926 0.48524296990740745 0.5998265625 0.5933757824074074 0.6328125 0.600325