1 0 0 0.0034726574074074074 0.0861109375 0.2239585949074074 0.07916171759259259 0.21875 0 0 0
1 0.40798593749999995 0.3258453125 0.34722265740740743 0.08958515740740741 0.2291664074074074 0.11805546990740741 0.2725695324074074 0.428340625 0.3958335949074074 0.3814359375 0.40798593749999995 0.3258453125
0 0.0520835949074074 0.21440937499999999 0.03993046759259259 0.3953335949074074 0.11805546990740741 0.391859375 0.121528125 0.2007664074074074 0.0520835949074074 0.21440937499999999
1 0.2239585949074074 0.0060765624999999995 0.2378476574074074 0.0861109375 0.375 0.049628907407407406 0.340278125 0 0.2239585949074074 0.0060765624999999995
1 0.6979164050925926 0.0060765624999999995 0.7083335949074074 0.08437343750000001 0.8645835949074074 0.0756875 0.8454859375 0 0.6979164050925926 0.0060765624999999995
0 0.859375 0.0008679699074074074 0.8784726550925925 0.093059375 0.9357640625 0.0861109375 0.9253476550925925 0 0.859375 0.0008679699074074074
1 0.9322914074074075 0 0.9427085949074074 0.1347523449074074 0.9791664074074075 0.133015625 0.9670140625 0.056578125 0.99921875 0.060052344907407414 0.9965281250000001 0 0.9322914074074075 0
1 0.03645859490740741 0.42795156250000005 0.0329859375 0.48566875 0.21875 0.48393125 0.2170140625 0.4196546875 0.03645859490740741 0.42795156250000005
1 0.4166664050925926 0.2664929699074074 0.5399304699074075 0.2528828125 0.5416664050925926 0.060052344907407414 0.3663195324074074 0.09827109490740742 0.4166664050925926 0.2664929699074074
1 0.5520835949074074 0.0529515625 0.5607640625 0.1417015625 0.6388890625 0.1243289074074074 0.6319445324074074 0.030519530092592593 0.5520835949074074 0.0529515625
1 0.6848960949074074 0.33420156250000005 0.6770835949074074 0.5117273449074075 0.7552085949074074 0.4960921875 0.7378476574074073 0.34148046990740744 0.6848960949074074 0.33420156250000005
1 0.546875 0.32118046990740745 0.5486109375 0.4179179675925926 0.6197914050925926 0.4196546875 0.6145835949074074 0.2997875 0.546875 0.32118046990740745
2 0.609375 0.4196546875 0.543403125 0.4161804699074074 0.546875 0.43576406250000005 0.5364585949074074 0.5464710949074074 0.6180554699074073 0.5273617199074074 0.609375 0.4196546875
1 0.34375 0.44357656250000005 0.34722265740740743 0.5099898449074074 0.5295140625 0.5117273449074075 0.5190976574074074 0.430078125 0.34375 0.44357656250000005
2 0.8489585949074074 0.38107656250000005 0.8472226550925925 0.47524531249999996 0.99921875 0.4213921875 0.9861109375 0.3206335925925926 0.8489585949074074 0.38107656250000005
2 0.96875 0.1623265625 0.9774304699074073 0.2719921875 0.99921875 0.2841523425925926 0.99921875 0.1434382824074074 0.96875 0.1623265625
2 0.1510414050925926 0.7378468749999999 0.1701390625 0.93734375 0.2743054699074074 0.9199710949074074 0.2951390625 0.7375640625000001 0.1510414050925926 0.7378468749999999
2 0.4427085949074074 0.8967015625 0.40798593749999995 0.99921875 0.4947914050925926 0.99921875 0.5190976574074074 0.9025992199074074 0.4427085949074074 0.8967015625
1 0.4635414050925926 0.8732640625 0.5260414050925926 0.8887015625000001 0.6111109375 0.6107476550925925 0.5208335949074074 0.6072734375000001 0.4635414050925926 0.8732640625
1 0.3177085949074074 0.6050343749999999 0.33159765740740743 0.6767617199074074 0.5034726574074074 0.675025 0.5 0.6090109374999999 0.3177085949074074 0.6050343749999999
1 0.3697914074074074 0.8472218749999999 0.31597265740740743 0.9668757824074073 0.38368046990740745 0.991196875 0.43055546990740745 0.85916875 0.3697914074074074 0.8472218749999999
1 0.7743054699074073 0.2129265625 0.7638890625 0.1503875 0.8836804699074073 0.1521242199074074 0.8802085949074074 0.1034828125 0.7083335949074074 0.10243046990740741 0.7048609375 0.22335 0.7743054699074073 0.2129265625
0 0.703125 0.2404515625 0.6927085949074074 0.33453125 0.7517359375 0.3432179699074074 0.7569445324074074 0.240721875 0.703125 0.2404515625
3 0.875 0.56210625 0.7838539050925926 0.581596875 0.7986109375 0.6889226574074074 0.9166664074074075 0.67155 0.875 0.56210625
1 0.6666664050925926 0.6050343749999999 0.6545140625 0.7254039074074073 0.7899304699074073 0.6871851574074074 0.765625 0.5864273449074074 0.6666664050925926 0.6050343749999999
2 0.8177085949074074 0.7039929699074073 0.8246531250000001 0.7618851574074074 0.890625 0.74625 0.8732640625 0.6871851574074074 0.8177085949074074 0.7039929699074073
2 0.6484375 0.8602429699074073 0.6354164050925926 0.9234453125000001 0.7430554699074073 0.916496875 0.7152781250000001 0.85916875 0.6484375 0.8602429699074073
1 0.010416407407407409 0.1935765625 0.1857640625 0.19729218750000002 0.171875 0.11390625 0 0.1208546875 0.010416407407407409 0.1935765625
0 0.08854140509259259 0.7549367175925925 0.005208594907407407 0.7664929699074073 0 0.9442921875000001 0.09548593749999999 0.9442921875000001 0.08854140509259259 0.7549367175925925
2 0.8098960949074074 0.7821179699074073 0.8142359375 0.8400593749999999 0.9010414074074075 0.8278992199074074 0.8836804699074073 0.7618851574074074 0.8098960949074074 0.7821179699074073
2 0.3046875 0.6779515625 0.31423593749999995 0.8018414074074074 0.34722265740740743 0.8001039074074073 0.37673593749999995 0.6871851574074074 0.3046875 0.6779515625
1 0.8802085949074074 0.9696179699074073 0.8836804699074073 0.99921875 0.99921875 0.99921875 0.9965281250000001 0.9512414050925926 0.8802085949074074 0.9696179699074073
1 0.7708335949074074 0.36024296990740745 0.7777781250000001 0.47524531249999996 0.828125 0.4648226550925926 0.8350695300925927 0.34148046990740744 0.7708335949074074 0.36024296990740745
0 0.9600695324074074 0.1642851550925926 0.9184031250000001 0.1208546875 0.9010414074074075 0.13368046990740742 0.9079859375 0.2963132824074074 0.9791664074074075 0.29805 0.9600695324074074 0.1642851550925926
1 0.8072914074074075 0.24565937499999999 0.8315976550925925 0.3484289050925926 0.875 0.33453125 0.8854164074074075 0.23377343750000001 0.8072914074074075 0.24565937499999999