1 0.005208594907407407 0.31336796990740745 0.40798593749999995 0.4057570324074074 0.4288195324074074 0.0808992199074074 0.0034726574074074074 0.0096734375 0.005208594907407407 0.31336796990740745
1 0.45659765740740743 0 0.1666664050925926 0.0008679699074074074 0.4427085949074074 0.0444171875 0.45659765740740743 0
1 0.2951390625 0.973825 0 0.8602429699074073 0.0017359374999999999 0.99921875 0.2708335949074074 0.99921875 0.2951390625 0.973825
1 0.9965281250000001 0.006199219907407407 0.4817710949074074 0 0.48784765740740743 0.0635265625 0.9982640625 0.1225921875 0.9965281250000001 0.006199219907407407
1 0.99921875 0.5516828125000001 0.8802085949074074 0.6675343749999999 0.99921875 0.7757828125 0.99921875 0.5516828125000001
1 0.875 0.323784375 0.99921875 0.5186757800925926 0.99921875 0.1173804699074074 0.9097226550925925 0.1173804699074074 0.875 0.323784375
2 0.5729164050925926 0.17274296759259258 0.546875 0.3015242199074074 0.578125 0.29805 0.6076390625 0.19729218750000002 0.5729164050925926 0.17274296759259258
2 0.7847226574074073 0.45961093750000004 0.8333335949074074 0.3779617199074074 0.8055554699074073 0.36232734490740737 0.6927085949074074 0.2963132824074074 0.6041664050925926 0.35243046990740745 0.7065976574074073 0.4144429699074074 0.7847226574074073 0.45961093750000004
1 0.36805546990740745 0.9199710949074074 0.2864585949074074 0.8365851550925926 0.203125 0.78620625 0 0.7219296875 0.010416407407407409 0.8498265625 0.31597265740740743 0.9581898449074074 0.36805546990740745 0.9199710949074074
1 0.578125 0.99921875 0.48784765740740743 0.8991250000000001 0.3385414074074074 0.9930554699074073 0.578125 0.99921875
1 0.8350695300925927 0.692396875 0.5208335949074074 0.8888890625 0.6371531250000001 0.99921875 0.8871531250000001 0.749725 0.8350695300925927 0.692396875
1 0.6614585949074074 0.105034375 0.6111109375 0.25983125 0.8298609375 0.33453125 0.8958335949074074 0.1278039074074074 0.6614585949074074 0.105034375
1 0.013021094907407407 0.480034375 0.09375 0.506515625 0.13368046990740742 0.3762242199074074 0 0.3466921875 0.013021094907407407 0.480034375
1 0.3880210949074074 0.6440968749999999 0.6145835949074074 0.7914179675925926 0.7899304699074073 0.6593898449074074 0.43923593749999995 0.4561359375 0.3880210949074074 0.6440968749999999
1 0.390625 0.9019093749999999 0.5815976574074074 0.805315625 0.387153125 0.6628640625000001 0.2951390625 0.8018414074074074 0.390625 0.9019093749999999
1 0.640625 0.14865 0.6180554699074073 0.09132187500000001 0.46875 0.081596875 0.4583335949074074 0.18860625 0.5572914050925926 0.18686875 0.640625 0.14865
1 0.06770859490740741 0.5464710949074074 0.0078125 0.5321179699074075 0.0034726574074074074 0.6246453125 0.07291640509259259 0.6489664074074075 0.06770859490740741 0.5464710949074074
1 0.2890625 0.47743046990740745 0.24652812500000001 0.6837109375 0.355903125 0.7010828125 0.4131945324074074 0.4943546875 0.2890625 0.47743046990740745
1 0.125 0.43836796990740745 0.08854140509259259 0.6489664074074075 0.2326390625 0.6680757824074074 0.277778125 0.4648226550925926 0.125 0.43836796990740745
1 0 0.7080320324074074 0.1822914050925926 0.7723085949074074 0.1979164050925926 0.6784992199074075 0 0.6519093749999999 0 0.7080320324074074
1 0.5503476574074074 0.34148046990740744 0.5243054699074075 0.20424062499999998 0.4583335949074074 0.2092015625 0.4375 0.3327945300925926 0.4635414050925926 0.39012265740740737 0.5503476574074074 0.34148046990740744
1 0.7934031250000001 0.4821945300925926 0.5694445324074073 0.3640640625 0.5416664050925926 0.47482656250000005 0.828125 0.6489664074074075 0.9097226550925925 0.5864273449074074 0.7934031250000001 0.4821945300925926
1 0.859375 0.37969921990740746 0.8177085949074074 0.472221875 0.9114585949074074 0.5690546875 0.9895835949074074 0.525625 0.859375 0.37969921990740746
1 0.7994789050925926 0.8914929699074073 0.9097226550925925 0.9720875 0.9947914074074075 0.7931546875000001 0.9079859375 0.7566734375 0.7994789050925926 0.8914929699074073
1 0.9965281250000001 0.8348476574074074 0.9965281250000001 0.8400593749999999 0.9583335949074074 0.9826390625 0.99921875 0.99921875 0.99921875 0.8435343750000001 0.9965281250000001 0.8348476574074074