3 0.5711804699074075 0.5846898449074074 0.3125 0.4057570324074074 0.10416640509259259 0.7983664074074075 0.3333335949074074 0.9408179699074074 0.5711804699074075 0.5846898449074074
3 0.7152781250000001 0.956453125 0.47048593749999995 0.7879429699074074 0.3194445324074074 0.99921875 0.6006945324074074 0.99921875 0.7152781250000001 0.956453125
3 0.4947914050925926 0.7612843749999999 0.7256945324074074 0.9442921875000001 0.9461804699074073 0.8226875 0.5954859375 0.5742664074074074 0.4947914050925926 0.7612843749999999
3 0.99921875 0.5568945324074074 0.7309031250000001 0.355378125 0.6119789050925926 0.558159375 0.9722226550925925 0.8157390625 0.99921875 0.8001039074074073 0.99921875 0.5568945324074074
3 0.75 0.33420156250000005 0.99921875 0.5325734375 0.99921875 0.205978125 0.8923609375 0.131278125 0.75 0.33420156250000005
3 0.99921875 0.004461719907407407 0.9114585949074074 0.09982656250000001 0.99921875 0.18860625 0.99921875 0.004461719907407407
3 0.7135414050925926 0 0.7690976574074073 0.09827109490740742 0.8506945300925927 0.1503875 0.9479164074074075 0.006199219907407407 0.7135414050925926 0
3 0 0.7549367175925925 0.2083335949074074 0.525625 0 0.37586796990740745 0 0.7549367175925925
1 0.5052085949074074 0.11545156250000001 0.5486109375 0.1521242199074074 0.6041664050925926 0.07221328240740742 0.5520835949074074 0.039206250000000005 0.5052085949074074 0.11545156250000001
1 0.5729164050925926 0.16753437499999999 0.6128476574074073 0.20424062499999998 0.6579859375 0.1382265625 0.6076390625 0.11390625 0.5729164050925926 0.16753437499999999
1 0.018228905092592593 0.10763906250000001 0.046875 0.1781828125 0.12326406250000001 0.129540625 0.08854140509259259 0.06873828240740741 0.018228905092592593 0.10763906250000001
1 0.0598960949074074 0.2899304699074074 0 0.3258453125 0.03125 0.3762242199074074 0.08506953009259259 0.3484289050925926 0.0598960949074074 0.2899304699074074
1 0.08333359490740741 0.19618046759259258 0.109375 0.242459375 0.16840312500000001 0.205978125 0.125 0.15386171990740738 0.08333359490740741 0.19618046759259258
1 0.3541664074074074 0.23377343750000001 0.3385414074074074 0.276909375 0.42013906250000005 0.34495468749999997 0.45486093749999995 0.29805 0.3541664074074074 0.23377343750000001
1 0.4609375 0.261284375 0.5069445324074073 0.3015242199074074 0.5451390625 0.26504296990740744 0.4756945324074074 0.2250875 0.4609375 0.261284375
1 0.16493046759259258 0.04094296759259259 0.1458335949074074 0.07899296990740741 0.2326390625 0.1920804699074074 0.2534726574074074 0.17123359490740742 0.16493046759259258 0.04094296759259259
1 0.21875 0.01649296990740741 0.2517359375 0.09132187500000001 0.2899304699074074 0.060052344907407414 0.2517359375 0 0.21875 0.01649296990740741
1 0.125 0.38107656250000005 0.1423609375 0.4179179675925926 0.18055546759259258 0.40402031250000003 0.1597226550925926 0.36232734490740737 0.125 0.38107656250000005
1 0.21006953240740742 0.3883851550925926 0.13368046990740742 0.430078125 0.1440976574074074 0.4613476574074074 0.2708335949074074 0.4213921875 0.2274304699074074 0.3466921875 0.1796875 0.36805546990740745 0.21006953240740742 0.3883851550925926
1 0.53125 0.0513664074074074 0.4756945324074074 0.004461719907407407 0.4322914050925926 0.0321179699074074 0.45486093749999995 0.07221328240740742 0.48263906250000005 0.093059375 0.53125 0.0513664074074074
1 0.609375 0.35763906250000005 0.6684031250000001 0.4213921875 0.7222226574074073 0.353640625 0.6423609375 0.2893640625 0.609375 0.35763906250000005
1 0.5572914050925926 0.43576406250000005 0.6215281250000001 0.4960921875 0.6649304699074073 0.430078125 0.5972226574074073 0.37274999999999997 0.5572914050925926 0.43576406250000005
1 0.074653125 0.8365851550925926 0.0494789050925926 0.8758679699074073 0.1284726574074074 0.952978125 0.16319453240740742 0.9078109375 0.074653125 0.8365851550925926
1 0.3333335949074074 0.37326406250000005 0.3854164074074074 0.4213921875 0.42534765740740743 0.3762242199074074 0.359375 0.3327945300925926 0.3333335949074074 0.37326406250000005
1 0.6961804699074073 0.25983125 0.7447914050925926 0.1816570300925926 0.7083335949074074 0.1434382824074074 0.6961804699074073 0.17470859490740742 0.6631945324074074 0.1555992199074074 0.6328125 0.2118054699074074 0.6961804699074073 0.25983125
3 0.30555546990740745 0.9234453125000001 0.10069453240740742 0.7948921874999999 0.07986093749999999 0.824425 0.18055546759259258 0.9043367199074075 0.09375 0.9956593749999999 0.30034765740740743 0.99921875 0.30555546990740745 0.9234453125000001
3 0 0 0 0.1243289074074074 0.1979164050925926 0.021833594907407407 0.1927085949074074 0 0 0
3 0.6666664050925926 0.0034718749999999997 0.6041664050925926 0.1017453125 0.6684031250000001 0.1417015625 0.7274304699074073 0.039206250000000005 0.6666664050925926 0.0034718749999999997
3 0.09375 0.2717015625 0.1458335949074074 0.3258453125 0.28125 0.2737289074074074 0.2795140625 0.1938171875 0.09375 0.2717015625
3 0.4088539050925926 0.03993046759259259 0.3802085949074074 0.10521953240740742 0.47743046990740745 0.15733593750000002 0.515625 0.1017453125 0.4088539050925926 0.03993046759259259
1 0.359375 0.17297109259259258 0.33680546990740745 0.22682421759259258 0.38368046990740745 0.2546203125 0.40798593749999995 0.2007664074074074 0.359375 0.17297109259259258
1 0.5260414050925926 0.31076406250000005 0.5677085949074074 0.34495468749999997 0.609375 0.2911015625 0.5555554699074075 0.24767109490740744 0.5260414050925926 0.31076406250000005
1 0.515625 0.5164929699074075 0.5729164050925926 0.5638429699074075 0.6180554699074073 0.49782968749999995 0.5399304699074075 0.4561359375 0.515625 0.5164929699074075
1 0.5711804699074075 0.36927578240740744 0.484375 0.308159375 0.4114585949074074 0.43181562500000004 0.4791664050925926 0.49261796990740736 0.5711804699074075 0.36927578240740744