0 0.09895859490740741 0.0008679699074074074 0.10069453240740742 0.2649742199074074 0.2864585949074074 0.3101414074074074 0.39409765740740743 0 0.09895859490740741 0.0008679699074074074
4 0.0416664050925926 0.9494343749999999 0.078125 0.9372742199074074 0.07118046990740741 0.7861367199074074 0.03819453240740741 0.8469390625000001 0 0.8628468749999999 0.008680469907407408 0.9338 0.0416664050925926 0.9494343749999999
2 0.8697914074074075 0.4769132800925926 0.859375 0.9956593749999999 0.9409726550925925 0.99921875 0.9895835949074074 0.4734390625 0.8697914074074075 0.4769132800925926
2 0.8125 0 0.8159726550925925 0.2875578125 0.8385414074074075 0.2875578125 0.8524304699074073 0 0.8125 0
3 0.9427085949074074 0.108625 0.890625 0.09982656250000001 0.8454859375 0.2476015625 0.9201390625 0.24933906249999999 0.9427085949074074 0.108625
1 0.6979164050925926 0.6779515625 0.6944445324074074 0.7670273449074074 0.7413195324074074 0.7757132800925925 0.7465281250000001 0.66974375 0.6979164050925926 0.6779515625
1 0.7265625 0.9852429699074073 0.7326390625 0.9077414074074075 0.6805554699074073 0.9077414074074075 0.6875 0.9911273449074074 0.7265625 0.9852429699074073
1 0.5815976574074074 0 0.4270835949074074 0.011284375000000001 0.5798609375 0.04087421990740741 0.5815976574074074 0
1 0.4739585949074074 0.1989601574074074 0.465278125 0.2545507824074074 0.546875 0.27018593750000003 0.5729164050925926 0.0669320324074074 0.5104164050925926 0.0685765625 0.496528125 0.1989601574074074 0.4739585949074074 0.1989601574074074
1 0.390625 0.534721875 0.5 0.5741976574074075 0.5086804699074075 0.4855992199074074 0.40451406250000005 0.46649062500000005 0.390625 0.534721875
1 0.5078125 0.7456593749999999 0.47222265740740743 0.99921875 0.5486109375 0.99921875 0.5694445324074073 0.7479179699074074 0.5078125 0.7456593749999999
1 0.5260414050925926 0.6128468749999999 0.512153125 0.728809375 0.5625 0.7409695324074074 0.5815976574074074 0.6193648449074074 0.5260414050925926 0.6128468749999999
1 0.5416664050925926 0.5164929699074075 0.5329859375 0.5985179675925926 0.6267359375 0.614153125 0.6302085949074074 0.5238179699074075 0.5416664050925926 0.5164929699074075
1 0.6753476574074073 0.51860625 0.6701390625 0.42132265740740743 0.5625 0.41232656250000005 0.5503476574074074 0.5081835949074074 0.5833335949074074 0.5133953125 0.6753476574074073 0.51860625
1 0.6371531250000001 0 0.6276039050925926 0.058159375 0.6961804699074073 0.0565085949074074 0.7013890625 0 0.6371531250000001 0
1 0.375 0.9435765625 0.3697914074074074 0.99921875 0.44618046990740745 0.99921875 0.44618046990740745 0.9320625 0.375 0.9435765625
1 0.15625 0.9618054699074073 0.16493046759259258 0.99921875 0.2291664074074074 0.99921875 0.2118054699074074 0.9442226574074074 0.15625 0.9618054699074073
0 0.375 0.2352429699074074 0.4479164050925926 0.258025 0.47222265740740743 0.0669320324074074 0.39236093749999995 0.051296875000000006 0.375 0.2352429699074074
1 0.4010414050925926 0.6024304699074073 0.3645835949074074 0.8365164074074074 0.45659765740740743 0.8452023425925925 0.496528125 0.612415625 0.4010414050925926 0.6024304699074073
1 0.3072914074074074 0.5008679699074075 0.375 0.5238179699074075 0.4010414050925926 0.428271875 0.32986093749999995 0.4091625 0.3072914074074074 0.5008679699074075
1 0.1666664050925926 0.8524304699074073 0.2135414074074074 0.855625 0.2291664074074074 0.7218601574074074 0.18055546759259258 0.7183859374999999 0.1666664050925926 0.8524304699074073
1 0.5677085949074074 0.39149296990740745 0.625 0.39700156249999996 0.6197914050925926 0.2840835949074074 0.5694445324074073 0.2806085925925926 0.5677085949074074 0.39149296990740745
2 0.28125 0.7039929699074073 0.37847265740740743 0.7079625 0.387153125 0.6072046875 0.2673609375 0.6176273449074074 0.28125 0.7039929699074073
1 0.140625 0.36024296990740745 0.1354164050925926 0.4682273449074074 0.1979164050925926 0.4682273449074074 0.19444453240740742 0.3466226574074074 0.140625 0.36024296990740745
1 0.6067710949074074 0.128471875 0.6822914050925926 0.15552968749999999 0.6892359375 0.06519453240740741 0.6197914050925926 0.07214375 0.6067710949074074 0.128471875
1 0.6875 0.1781132824074074 0.6067710949074074 0.15711796759259258 0.5798609375 0.2597625 0.6753476574074073 0.29624375 0.6875 0.1781132824074074
1 0.6354164050925926 0.30295156250000005 0.6388890625 0.407425 0.6753476574074073 0.4004765625 0.6736109375 0.29624375 0.6354164050925926 0.30295156250000005
4 0 0.725334375 0.03993046759259259 0.7149109375 0.0625 0.7844 0.06597265509259259 0.6488976574074073 0.03645859490740741 0.6280507824074074 0.012153124999999999 0.6436859374999999 0.0026039074074074076 0.6519093749999999 0 0.725334375
4 0.0026039074074074076 0.46180546990740745 0.0017359374999999999 0.5481390625 0.06770859490740741 0.51860625 0.0642359375 0.4560671875 0.0026039074074074076 0.46180546990740745
4 0.09895859490740741 0.125996875 0.09375 0.07214375 0 0.0685765625 0.005208594907407407 0.1398945324074074 0.0520835949074074 0.125996875 0.09895859490740741 0.125996875
4 0.005208594907407407 0.30555546990740745 0.008680469907407408 0.3448859375 0.10069453240740742 0.3448859375 0.10243046990740741 0.2997179699074074 0.005208594907407407 0.30555546990740745
4 0.005208594907407407 0.2013890625 0.010416407407407409 0.23196718749999998 0.09895859490740741 0.21806953240740742 0.10069453240740742 0.1989601574074074 0.005208594907407407 0.2013890625
1 0.1875 0.7039929699074073 0.2378476574074074 0.7131742199074075 0.35243046990740745 0.32577656250000003 0.2847226574074074 0.315353125 0.1875 0.7039929699074073
1 0.2708335949074074 0.8446179699074073 0.2708335949074074 0.99921875 0.3385414074074074 0.99921875 0.34722265740740743 0.838253125 0.2708335949074074 0.8446179699074073
1 0.3645835949074074 0.8732640625 0.359375 0.9285882824074074 0.4427085949074074 0.9320625 0.449653125 0.8834203125000001 0.3645835949074074 0.8732640625
1 0.3541664074074074 0.39670156250000005 0.39930546990740745 0.4247976550925926 0.45486093749999995 0.26844843749999997 0.37847265740740743 0.2562882824074074 0.3541664074074074 0.39670156250000005
1 0.5416664050925926 0.27018593750000003 0.48611093749999995 0.27018593750000003 0.4661460949074074 0.2795140625 0.4166664050925926 0.43869531250000005 0.512153125 0.45432968749999997 0.5416664050925926 0.27018593750000003
0 0.2734375 0.7196179699074073 0.2690976574074074 0.8226179699074074 0.34722265740740743 0.8347789074074073 0.355903125 0.7201226550925925 0.2734375 0.7196179699074073
1 0.1666664050925926 0.8967015625 0.1579859375 0.9442226574074074 0.2118054699074074 0.9442226574074074 0.2118054699074074 0.8938437499999999 0.1666664050925926 0.8967015625
1 0.953125 0.11024296990740741 0.9409726550925925 0.2667109375 0.99921875 0.2840835949074074 0.9965281250000001 0.10688750000000001 0.953125 0.11024296990740741
1 0.5963539050925926 0.6493054699074073 0.590278125 0.6992765624999999 0.640625 0.7044882824074074 0.6354164050925926 0.652371875 0.5963539050925926 0.6493054699074073
3 0.8619789074074075 0.2951390625 0.8680554699074073 0.44911796990740743 0.9618054699074073 0.45954140509259256 0.9670140625 0.2927695324074074 0.8619789074074075 0.2951390625