1 0.02083359490740741 0.008680469907407408 0.121528125 0.1225921875 0.18055546759259258 0.0826359375 0.10243046990740741 0 0.02083359490740741 0.008680469907407408
2 0.1927085949074074 0.07916171759259259 0.2239585949074074 0 0.1380210949074074 0.0034718749999999997 0.1927085949074074 0.07916171759259259
2 0 0.21440937499999999 0.1458335949074074 0.3849109375 0.2048609375 0.3067359375 0 0.0756875 0 0.21440937499999999
2 0 0.417534375 0.0416664050925926 0.4422382824074074 0.10763906250000001 0.4161804699074074 0.006944530092592592 0.2719921875 0 0.417534375
2 0.2760414074074074 0.5164929699074075 0.7048609375 0.99921875 0.8680554699074073 0.99921875 0.3489585949074074 0.4457132824074074 0.2760414074074074 0.5164929699074075
2 0.543403125 0.99921875 0.6666664050925926 0.99921875 0.3663195324074074 0.6854476574074074 0.14756953240740742 0.4735085949074074 0.10416640509259259 0.5217015625 0.39930546990740745 0.8556945324074073 0.543403125 0.99921875
2 0.7847226574074073 0.0018148449074074074 0.6770835949074074 0 0.3127013402777778 0.3372999652777778 0.36284765740740743 0.3926867199074074 0.7847226574074073 0.0018148449074074074
1 0.4600695324074074 0 0.40972265740740743 0.0000773449074074074 0.2109375 0.20659687499999999 0.3038195324074074 0.3214609375 0.65625 0 0.4600695324074074 0
1 0 0.8680554699074073 0.07291640509259259 0.6671664074074074 0.012153124999999999 0.6532687500000001 0 0.7175453125 0 0.8680554699074073
1 0.24652812500000001 0.8235148449074075 0.25 0.7575007824074075 0.21006953240740742 0.7001734374999999 0 0.9097218749999999 0.006944530092592592 0.99921875 0.24652812500000001 0.8235148449074075
2 0.08854140509259259 0.99921875 0.28125 0.8372968749999999 0.2552085949074074 0.8129765624999999 0.046875 0.9971203125 0.08854140509259259 0.99921875
1 0.449653125 0.99921875 0.3385414074074074 0.875515625 0.2083335949074074 0.99921875 0.449653125 0.99921875
0 0.3125 0.8894132824074075 0.2708335949074074 0.8602429699074073 0.1302085949074074 0.9762742199074075 0.16840312500000001 0.99921875 0.3125 0.8894132824074075
1 0.99921875 0.2108015625 0.99921875 0.10656875 0.9079859375 0.0005992175925925926 0.8159726550925925 0.0005992175925925926 0.734375 0.0870140625 0.921875 0.3011359375 0.99921875 0.2108015625
0 0.02083359490740741 0.8652109375 0.16840312500000001 0.7192859374999999 0.09375 0.6597218749999999 0.02083359490740741 0.8652109375
1 0.6328125 0.1701390625 0.78125 0.33188750000000006 0.8315976550925925 0.30061796759259257 0.6788195324074074 0.13210859259259258 0.6328125 0.1701390625
1 0.4348960949074074 0.43836796990740745 0.5104164050925926 0.5299296875 0.7100695324074074 0.35968359490740737 0.6267359375 0.279771875 0.4348960949074074 0.43836796990740745
1 0.4140625 0.35763906250000005 0.453125 0.40485078009259257 0.6215281250000001 0.2467648425925926 0.5798609375 0.2120203125 0.4140625 0.35763906250000005
1 0.7447914050925926 0.394096875 0.8506945300925927 0.5160320324074074 0.9548609375 0.427434375 0.8177085949074074 0.30930390740740743 0.7447914050925926 0.394096875
1 0.9982640625 0.4847625 0.9375 0.4378578125 0.859375 0.5217015625 0.9479164074074075 0.6254765624999999 0.99921875 0.557725 0.9982640625 0.4847625
1 0.8723960949074074 0.9305554699074073 0.9427085949074074 0.99921875 0.99921875 0.99921875 0.99921875 0.8174757824074074 0.8723960949074074 0.9305554699074073
1 0.6979164050925926 0.7404515625 0.8211804699074073 0.878278125 0.8767359375 0.8140015625000001 0.7326390625 0.6871851574074074 0.6979164050925926 0.7404515625
1 0.8619789074074075 0.7612843749999999 0.8975695300925927 0.8018414074074074 0.99921875 0.6958710949074074 0.9982640625 0.6298570324074073 0.8619789074074075 0.7612843749999999
1 0.5442710949074074 0.5529515625 0.6996531250000001 0.7254039074074073 0.7829859375 0.6454921874999999 0.6267359375 0.4787203125 0.5442710949074074 0.5529515625
0 0.703125 0.5217015625 0.8107640625 0.6454921874999999 0.8784726550925925 0.5707921874999999 0.7569445324074074 0.44744999999999996 0.703125 0.5217015625
0 0.7682289050925926 0.6987843749999999 0.8402781250000001 0.765359375 0.9583335949074074 0.6472296875 0.8871531250000001 0.581215625 0.7682289050925926 0.6987843749999999