1 0.4791664050925926 0.47482656250000005 0.4756945324074074 0.5395226574074075 0.5399304699074075 0.5395226574074075 0.5381945324074073 0.47524531249999996 0.4791664050925926 0.47482656250000005
1 0.5677085949074074 0.36024296990740745 0.5677085949074074 0.42486640509259255 0.65625 0.430078125 0.6579859375 0.3588523449074074 0.5677085949074074 0.36024296990740745
0 0.2083335949074074 0.5842015625 0.21006953240740742 0.63506875 0.33159765740740743 0.652440625 0.33159765740740743 0.6037992199074075 0.2083335949074074 0.5842015625
1 0 0.1935765625 0.0625 0.1920804699074074 0.0520835949074074 0.1173804699074074 0.0017359374999999999 0.11564296990740741 0 0.1935765625
1 0.0026039074074074076 0.440971875 0.13368046990740742 0.45439921990740745 0.137153125 0.3501664074074074 0 0.35190390740740746 0.0026039074074074076 0.440971875
1 0.8697914074074075 0.0607640625 0.8697914074074075 0.1173804699074074 0.96875 0.10869453240740741 0.9722226550925925 0.054840625000000004 0.8697914074074075 0.0607640625
1 0.11979140509259259 0.1779515625 0.1267359375 0.23377343750000001 0.2291664074074074 0.2389851574074074 0.2326390625 0.17470859490740742 0.11979140509259259 0.1779515625
2 0.005208594907407407 0.339409375 0.09375 0.33800625 0.10763906250000001 0.207715625 0.0017359374999999999 0.2129265625 0.005208594907407407 0.339409375
2 0.2065976574074074 0.4439757824074074 0.328125 0.448784375 0.3333335949074074 0.355378125 0.2170140625 0.3501664074074074 0.2065976574074074 0.4439757824074074
2 0.090278125 0.9112851550925926 0.08333359490740741 0.805315625 0.022569532407407406 0.807053125 0 0.8852273425925925 0.005208594907407407 0.9956593749999999 0.08680546990740741 0.9946710949074075 0.090278125 0.9112851550925926
1 0.609375 0.6050343749999999 0.6076390625 0.6663382800925925 0.6614585949074074 0.6698132824074073 0.6597226574074073 0.59685 0.609375 0.6050343749999999
1 0 0.63506875 0.0026039074074074076 0.6310765625 0.03993046759259259 0.6420179699074074 0.0416664050925926 0.5551570324074074 0 0.5568945324074074 0 0.63506875
1 0.5078125 0.7404515625 0.5086804699074075 0.803578125 0.5833335949074074 0.805315625 0.5833335949074074 0.7393015624999999 0.5078125 0.7404515625
1 0.09895859490740741 0.9513890625 0.10069453240740742 0.99921875 0.1979164050925926 0.99921875 0.18402812500000001 0.9477664074074075 0.09895859490740741 0.9513890625
2 0.8307289074074075 0.99921875 0.99921875 0.9981460949074075 0.99921875 0.8157390625 0.8368054699074073 0.807053125 0.8307289074074075 0.99921875
3 0.6666664050925926 0 0.6770835949074074 0.1208546875 0.8541664074074075 0.10521953240740742 0.8576390625 0 0.6666664050925926 0
3 0 0.1034828125 0.059028125 0.1069570324074074 0.0694445324074074 0.17644531249999998 0.6527781250000001 0.1278039074074074 0.6493054699074073 0.0027242199074074074 0.0026039074074074076 0.0060765624999999995 0 0.1034828125
1 0.39930546990740745 0.8817523449074074 0.3975695324074074 0.9217085949074074 0.4479164050925926 0.916496875 0.453125 0.8261617199074074 0.3177085949074074 0.8185765625 0.3177085949074074 0.8817523449074074 0.39930546990740745 0.8817523449074074
1 0.8776039074074075 0.1388890625 0.8784726550925925 0.2459335949074074 0.99921875 0.24767109490740744 0.9965281250000001 0.1243289074074074 0.8776039074074075 0.1388890625
1 0.99921875 0.3953335949074074 0.9340281250000001 0.3953335949074074 0.8385414074074075 0.42795156250000005 0.8385414074074075 0.4943546875 0.9965281250000001 0.4769828125 0.99921875 0.3953335949074074
1 0.11458359490740741 0.8237843749999999 0.11631953240740742 0.880015625 0.1822914050925926 0.8956507824074074 0.17881953240740742 0.82095 0.11458359490740741 0.8237843749999999
0 0.484375 0.7879429699074074 0.496528125 0.7323523449074074 0.5972226574074073 0.728878125 0.5920140625 0.5829523449074073 0.3541664074074074 0.5789929699074075 0.3194445324074074 0.7844687499999999 0.484375 0.7879429699074074
2 0.36805546990740745 0.2511453125 0.39236093749999995 0.2546203125 0.390625 0.3015242199074074 0.512153125 0.3084734375 0.5138890625 0.21118984490740741 0.46875 0.1590734375 0.3697914074074074 0.1545140625 0.36805546990740745 0.2511453125
1 0 0.52215 0.1458335949074074 0.5238875 0.14930546759259258 0.4578734375 0 0.46180546990740745 0 0.52215
1 0.203125 0.480034375 0.19965312500000001 0.5429968749999999 0.34722265740740743 0.55863125 0.34375 0.4804570324074074 0.203125 0.480034375
1 0.3567710949074074 0.480034375 0.35763906250000005 0.5534203125 0.4479164050925926 0.5638429699074075 0.4375 0.466559375 0.3567710949074074 0.480034375
2 0.09375 0.6819734375000001 0.0078125 0.6571179699074073 0 0.7809945324074073 0.090278125 0.803578125 0.09375 0.6819734375000001
2 0.07291640509259259 0.565971875 0.07118046990740741 0.6402804675925926 0.203125 0.6420179699074074 0.19965312500000001 0.5655804699074074 0.07291640509259259 0.565971875
2 0.43923593749999995 0.99921875 0.434028125 0.9321320324074074 0.3072914074074074 0.8904390624999999 0.2951390625 0.8140015625000001 0.1979164050925926 0.8159718749999999 0.2048609375 0.99921875 0.43923593749999995 0.99921875
1 0.059028125 0.6472296875 0.109375 0.675025 0.109375 0.6779515625 0.1666664050925926 0.6837109375 0.1666664050925926 0.6489664074074075 0.059028125 0.6472296875
1 0.6848960949074074 0.464409375 0.6805554699074073 0.5013039074074074 0.7326390625 0.4960921875 0.7309031250000001 0.468296875 0.6848960949074074 0.464409375
1 0.4635414050925926 0.9461804699074073 0.453125 0.99921875 0.5260414050925926 0.99921875 0.5243054699074075 0.9668757824074073 0.4635414050925926 0.9461804699074073
1 0.6979164050925926 0.9149304699074073 0.6961804699074073 0.9842484375 0.75 0.9894601574074074 0.7482640625 0.9217085949074074 0.6979164050925926 0.9149304699074073
1 0.1015625 0.7092015625 0.10416640509259259 0.74625 0.1979164050925926 0.7479875 0.18402812500000001 0.692396875 0.1015625 0.7092015625
3 0.5486109375 0.99921875 0.6666664050925926 0.99921875 0.6927085949074074 0.8765414050925926 0.48784765740740743 0.8365851550925926 0.4791664050925926 0.9019093749999999 0.5520835949074074 0.9495039074074074 0.5486109375 0.99921875
1 0.359375 0.39670156250000005 0.41493046990740745 0.4161804699074074 0.4131945324074074 0.3102109375 0.340278125 0.30499921990740736 0.359375 0.39670156250000005
3 0.6875 0.1467015625 0.7065976574074073 0.207715625 0.8697914074074075 0.23377343750000001 0.8559031250000001 0.129540625 0.6875 0.1467015625
2 0.5572914050925926 0.45399296990740745 0.5538195324074073 0.5725296875 0.6336804699074073 0.5725296875 0.6510414050925926 0.44744999999999996 0.5572914050925926 0.45399296990740745
3 0.78125 0.7566734375 0.8315976550925925 0.7549367175925925 0.8333335949074074 0.7149804675925926 0.7552085949074074 0.6107476550925925 0.6848960949074074 0.6050343749999999 0.6875 0.675025 0.6197914050925926 0.6732875 0.5972226574074073 0.7531992199074075 0.6024304699074073 0.8313734375 0.7638890625 0.8556945324074073 0.7638890625 0.8226875 0.78125 0.7566734375
1 0.4453125 0.355034375 0.44097265740740743 0.4005453125 0.5225695324074073 0.40402031250000003 0.515625 0.3484289050925926 0.4453125 0.355034375
2 0.6770835949074074 0.2821179699074074 0.6597226574074073 0.4526617199074074 0.8402781250000001 0.4335523425925926 0.84375 0.28588984490740743 0.6770835949074074 0.2821179699074074
1 0.59375 0.23003437499999999 0.5798609375 0.3327945300925926 0.6614585949074074 0.33800625 0.6614585949074074 0.21640156249999998 0.59375 0.23003437499999999
1 0.84375 0.5290992199074074 0.8454859375 0.5673179699074075 0.9097226550925925 0.5829523449074073 0.8993054699074073 0.5343109375 0.84375 0.5290992199074074
2 0.9348960949074074 0.2717015625 0.9375 0.3710132824074074 0.9982640625 0.3866476574074074 0.9913195324074074 0.2528828125 0.9348960949074074 0.2717015625
0 0.8619789074074075 0.6727429699074073 0.9236109375 0.78620625 0.99921875 0.7827320324074074 0.9930554699074073 0.6593898449074074 0.8619789074074075 0.6727429699074073