1 0 0.105034375 0.0373265625 0.04094296759259259 0 0 0 0.105034375
0 0 0.2320359375 0.011284375000000001 0.2563570324074074 0.07725703009259259 0.11043125 0.0416664050925926 0.081596875 0 0.1590734375 0 0.2320359375
1 0.0520835949074074 0.32899296990740745 0.11545156250000001 0.4005453125 0.2439234375 0.21640156249999998 0.1848960949074074 0.1555992199074074 0.0520835949074074 0.32899296990740745
1 0.4635414050925926 0.09982656250000001 0.504340625 0.129540625 0.5286460949074074 0.0444171875 0.4678820324074074 0.037468749999999995 0.4635414050925926 0.09982656250000001
1 0.4296875 0.2685179699074074 0.5026039050925926 0.276909375 0.504340625 0.2129265625 0.4296875 0.2007664074074074 0.4296875 0.2685179699074074
1 0.9453125 0.089409375 0.9976851851851852 0.10521953240740742 0.9976851851851852 0 0.9453125 0.0027242199074074074 0.9453125 0.089409375
1 0.0442710949074074 0.8628468749999999 0.10329843749999999 0.9321320324074074 0.2265625 0.8556945324074073 0.1831601574074074 0.7931546875000001 0.0442710949074074 0.8628468749999999
1 0.07552109490740741 0.6024304699074073 0.1935765625 0.6298570324074073 0.2109375 0.5760039050925926 0.082465625 0.5377851574074074 0.07552109490740741 0.6024304699074073
2 0.4505210949074074 0.600325 0.37066015740740743 0.7549367175925925 0.03125 0.9930554699074073 0.9976851851851852 0.9976851851851852 0.9976851851851852 0.6124851574074074 0.4505210949074074 0.600325
1 0.4557289050925926 0.495659375 0.4522570324074074 0.5725296875 0.5373265625 0.5742664074074074 0.5269101574074074 0.48740625000000004 0.4557289050925926 0.495659375
1 0.1171875 0.48524296990740745 0.2925351574074074 0.5725296875 0.3255210949074074 0.5134640625 0.1171875 0.4335523425925926 0.1171875 0.48524296990740745
2 0.9375 0.15190937499999999 0.9470484375 0.33800625 0.9973960949074074 0.4179179675925926 0.9976851851851852 0.1347523449074074 0.9375 0.15190937499999999
2 0.5546875 0 0.5112851574074074 0.17470859490740742 0.5338539050925926 0.31194765740740743 0.551215625 0.581215625 0.9976851851851852 0.5951132824074074 0.9976851851851852 0.4457132824074074 0.8428820300925927 0.4057570324074074 0.7369789050925926 0.3102109375 0.7994789050925926 0.1399640625 0.8116320300925927 0 0.5546875 0
1 0.32899296990740745 0.4804570324074074 0.410590625 0.49261796990740736 0.3932289074074074 0.4196546875 0.3515625 0.33800625 0.2708335949074074 0.31336796990740745 0.2734375 0.3588523449074074 0.32899296990740745 0.4804570324074074
1 0.2890625 0 0.2907984375 0.11043125 0.3515625 0.11390625 0.3619789074074074 0 0.2890625 0
1 0.0529515625 0 0.0321179699074074 0.0635265625 0.1015625 0.09982656250000001 0.1692710949074074 0.13648984490740743 0.2039929699074074 0.0826359375 0.2734375 0.11390625 0.2717015625 0.0027242199074074074 0.1970484375 0 0.1953125 0.0478921875 0.15190937499999999 0.030519530092592593 0.10677109490740741 0 0.0529515625 0
1 0.3359375 0.2146640625 0.33767343749999995 0.17644531249999998 0.40191015740740743 0.1955546875 0.4053820324074074 0.1417015625 0.2786460949074074 0.1310765625 0.2890625 0.2129265625 0.3359375 0.2146640625
1 0.8411460949074074 0 0.8289929699074073 0.0652640625 0.7682289050925926 0.3241085949074074 0.8359375 0.36927578240740744 0.8793406250000001 0.17470859490740742 0.8880210949074074 0 0.8411460949074074 0