1 0.4817710949074074 0.21440937499999999 0.6163195324074074 0.4335523425925926 0.7638890625 0.3484289050925926 0.640625 0.13648984490740743 0.4817710949074074 0.21440937499999999
1 0.28125 0.2899304699074074 0.449653125 0.5534203125 0.5920140625 0.4457132824074074 0.40972265740740743 0.18686875 0.28125 0.2899304699074074
1 0.6666664050925926 0.5086804699074075 0.7934031250000001 0.6993453125 0.9739585949074074 0.5707921874999999 0.8541664074074075 0.3883851550925926 0.6666664050925926 0.5086804699074075
1 0.0494789050925926 0.425346875 0.2135414074074074 0.6871851574074074 0.42361093749999995 0.5707921874999999 0.2361109375 0.3015242199074074 0.0494789050925926 0.425346875
1 0.109375 0.008680469907407408 0.1770835949074074 0.11043125 0.328125 0.030519530092592593 0.296875 0 0.109375 0.008680469907407408
0 0.015625 0.097221875 0.05381953240740741 0.16254765740740743 0.1440976574074074 0.09132187500000001 0.09895859490740741 0.027045312499999998 0.015625 0.097221875
1 0.0017359374999999999 0.2702546875 0.0017359374999999999 0.3658015625 0.03993046759259259 0.4196546875 0.2378476574074074 0.2685179699074074 0.1892359375 0.1955546875 0.12326406250000001 0.2580945300925926 0 0.120659375 0.0017359374999999999 0.2702546875
1 0.4913195324074074 0.08437343750000001 0.625 0 0.3385414074074074 0.0008679699074074074 0.38888906250000005 0.08437343750000001 0.4583335949074074 0.03399453240740741 0.4913195324074074 0.08437343750000001
1 0.33159765740740743 0.205978125 0.3038195324074074 0.1399640625 0.36805546990740745 0.10521953240740742 0.328125 0.030519530092592593 0.1666664050925926 0.13368046990740742 0.2534726574074074 0.2546203125 0.33159765740740743 0.205978125
0 0.3958335949074074 0.09982656250000001 0.45138906250000005 0.1990289074074074 0.5208335949074074 0.169496875 0.449653125 0.060052344907407414 0.3958335949074074 0.09982656250000001
0 0.3177085949074074 0.144096875 0.3489585949074074 0.2181382800925926 0.40625 0.17297109259259258 0.36805546990740745 0.10521953240740742 0.3177085949074074 0.144096875
1 0 0.8348476574074074 0.1909726574074074 0.7254039074074073 0 0.40711796990740745 0 0.8348476574074074
1 0.11284765740740742 0.9976851851851852 0.32638906250000005 0.9460296874999999 0.23090312500000001 0.7931546875000001 0 0.9201390625 0.0034726574074074074 0.9976851851851852 0.11284765740740742 0.9976851851851852
1 0.2708335949074074 0.7795140625 0.36111093749999995 0.9286570324074075 0.8333335949074074 0.807053125 0.6388890625 0.5290992199074074 0.2708335949074074 0.7795140625
2 0.1822914050925926 0.9976851851851852 0.37326406250000005 0.9976851851851852 0.9976851851851852 0.824425 0.9976851851851852 0.7688343750000001 0.1822914050925926 0.9976851851851852
1 0.8125 0.7274304699074073 0.8645835949074074 0.7983664074074075 0.9976851851851852 0.728878125 0.9976851851851852 0.6142226574074073 0.8125 0.7274304699074073
1 0.9976851851851852 0.2841523425925926 0.8932289074074075 0.378471875 0.9976851851851852 0.5568945324074074 0.9976851851851852 0.2841523425925926
1 0.6892359375 0 0.6545140625 0.0009874999999999999 0.4947914050925926 0.105034375 0.5381945324074073 0.166021875 0.7395835949074074 0.0444171875 0.6892359375 0
1 0.8923609375 0.8748039074074073 0.4479164050925926 0.9976851851851852 0.9375 0.9976851851851852 0.8923609375 0.8748039074074073
0 0.6614585949074074 0.120659375 0.7118054699074073 0.2181382800925926 0.8697914074074075 0.1191171875 0.7899304699074073 0.023571094907407407 0.6614585949074074 0.120659375
1 0.9340281250000001 0.09827109490740742 0.8559031250000001 0.1417015625 0.7100695324074074 0.2511453125 0.7725695324074074 0.34148046990740744 0.7760414050925926 0.32638906250000005 0.9976851851851852 0.17644531249999998 0.9340281250000001 0.09827109490740742
1 0.875 0 0.8255210949074074 0.008680469907407408 0.8871531250000001 0.1173804699074074 0.9340281250000001 0.08958515740740741 0.875 0