2 0.0625 0.44618046990740745 0.9976851851851852 0.9512414050925926 0.9976851851851852 0.7445132824074073 0.13368046990740742 0.3102109375 0.0625 0.44618046990740745
1 0.36284765740740743 0 0.24652812500000001 0.0009874999999999999 0.11458359490740741 0.269096875 0.3489585949074074 0.3953335949074074 0.5104164050925926 0.0652640625 0.36284765740740743 0
1 0.265625 0.581215625 0.02083359490740741 0.45399296990740745 0 0.7740453125000001 0.11805546990740741 0.8487460949074075 0.265625 0.581215625
1 0.171875 0.8446179699074073 0.3506945324074074 0.9425554699074075 0.4739585949074074 0.6958710949074074 0.2881945324074074 0.5985875 0.171875 0.8446179699074073
1 0.390625 0.41232656250000005 0.5677085949074074 0.5099898449074074 0.7378476574074073 0.1590734375 0.5503476574074074 0.0756875 0.390625 0.41232656250000005
1 0.6145835949074074 0.526909375 0.7829859375 0.6107476550925925 0.9600695324074074 0.2772039074074074 0.7795140625 0.1816570300925926 0.6145835949074074 0.526909375
1 0.5920140625 0.9976851851851852 0.6961804699074073 0.8105273425925925 0.5138890625 0.7080320324074074 0.3880210949074074 0.9644093749999999 0.465278125 0.9976851851851852 0.5920140625 0.9976851851851852
1 0.71875 0.8289929699074073 0.6336804699074073 0.9976851851851852 0.90625 0.9976851851851852 0.9322914074074075 0.9269203125 0.71875 0.8289929699074073
1 0.5703125 0.03993046759259259 0.7586804699074073 0.13482187499999998 0.828125 0 0.5798609375 0.00453125 0.5703125 0.03993046759259259
1 0.8663195300925927 0 0.7942710949074074 0.15711796759259258 0.9861109375 0.246003125 0.9976851851851852 0.2008359375 0.9976851851851852 0.07401953240740741 0.9809031250000001 0.0705453125 0.9565976550925925 0.173040625 0.8663195300925927 0.1174492199074074 0.9427085949074074 0.0027937500000000002 0.8663195300925927 0
1 0.9976851851851852 0.29969531250000003 0.8333335949074074 0.6388890625 0.9976851851851852 0.7270484375 0.9976851851851852 0.29969531250000003
1 0.35763906250000005 0.9976851851851852 0.14930546759259258 0.8772101574074074 0.09114609490740741 0.9976851851851852 0.35763906250000005 0.9976851851851852
1 0 0.9976851851851852 0.0451390625 0.9976851851851852 0.11111093749999999 0.8719984375000001 0 0.8055554699074073 0 0.9976851851851852
2 0.032121875 0.21771484490740742 0.0687054699074074 0.2449140625 0.1204570324074074 0.1609875 0.07584375 0.139559375 0.032121875 0.21771484490740742
2 0.0687054699074074 0.071703125 0.0026765624999999997 0.0303375 0 0.2020578125 0.009814844907407408 0.2074148425925926 0.0687054699074074 0.071703125