1 0.8463539074074075 0.9956593749999999 0.9976851851851852 0.9976851851851852 0.9976851851851852 0.7896804699074074 0.9357640625 0.7549367175925925 0.8463539074074075 0.9956593749999999
1 0.6336804699074073 0.9842484375 0.8090281250000001 0.9807734375 0.8975695300925927 0.7549367175925925 0.7135414050925926 0.6779515625 0.6128476574074073 0.9512414050925926 0.6336804699074073 0.9842484375
1 0.6666664050925926 0.6819734375000001 0.5052085949074074 0.6102429699074073 0.38368046990740745 0.9460296874999999 0.5625 0.9651390624999999 0.6666664050925926 0.6819734375000001
1 0.1666664050925926 0.45920156250000005 0.10243046990740741 0.617696875 0.4166664050925926 0.730615625 0.48263906250000005 0.56036875 0.1666664050925926 0.45920156250000005
1 0.09375 0.6420179699074074 0.03125 0.8081593749999999 0.33159765740740743 0.9234453125000001 0.3802085949074074 0.7740453125000001 0.09375 0.6420179699074074
1 0.1822914050925926 0.42013906250000005 0.48611093749999995 0.5360476550925926 0.5381945324074073 0.37969921990740746 0.23090312500000001 0.2563570324074074 0.1822914050925926 0.42013906250000005
1 0.5390625 0.5295140625 0.7170140625 0.5933757824074074 0.828125 0.2876265625 0.6545140625 0.21118984490740741 0.5390625 0.5295140625
1 0.9976851851851852 0.3466921875 0.8541664074074075 0.2911015625 0.734375 0.6388890625 0.921875 0.7080320324074074 0.9976851851851852 0.4804570324074074 0.9976851851851852 0.3466921875
1 0.06510390509259259 0.15190937499999999 0.21006953240740742 0.2129265625 0.2708335949074074 0.060052344907407414 0.121528125 0 0.06510390509259259 0.15190937499999999
1 0 0.35243046990740745 0.13368046990740742 0.4005453125 0.2118054699074074 0.22856171990740742 0.0017359374999999999 0.1590734375 0 0.35243046990740745
1 0.7916664050925926 0.089409375 0.7482640625 0.2094523449074074 0.9976851851851852 0.31715937499999997 0.9976851851851852 0.169496875 0.7916664050925926 0.089409375
1 0.25 0.23784687499999999 0.5555554699074075 0.355378125 0.6163195324074074 0.18860625 0.29861093749999995 0.0808992199074074 0.25 0.23784687499999999
1 0.7274304699074073 0 0.7213539050925926 0.0321179699074074 0.9010414074074075 0.11043125 0.9357640625 0 0.7274304699074073 0
1 0.9774304699074073 0 0.9427085949074074 0.12326406250000001 0.9976851851851852 0.1521242199074074 0.9976851851851852 0 0.9774304699074073 0
1 0.37326406250000005 0.9976851851851852 0.13368046990740742 0.9095484374999999 0.09375 0.9956593749999999 0.37326406250000005 0.9976851851851852
0 0.34722265740740743 0 0.3359375 0.0529515625 0.5850695324074073 0.1521242199074074 0.65625 0.020096875 0.543403125 0 0.34722265740740743 0