1 0.0694445324074074 0 0.0598960949074074 0.0373265625 0.21527812500000001 0.094796875 0.2586804699074074 0 0.0694445324074074 0
0 0.2161460949074074 0.12586796990740742 0.355903125 0.1799203125 0.4427085949074074 0 0.262153125 0.0009874999999999999 0.2161460949074074 0.12586796990740742
0 0.5798609375 0.03225703240740741 0.48263906250000005 0 0.3802085949074074 0.18836796759259258 0.5104164050925926 0.22335 0.5659726574074074 0.058314844907407404 0.5798609375 0.03225703240740741
1 0.5546875 0.23003437499999999 0.6909726574074073 0.29805 0.765625 0.1417015625 0.6024304699074073 0.0704757824074074 0.5546875 0.23003437499999999
1 0 0.2274304699074074 0.2951390625 0.355378125 0.35763906250000005 0.18513125 0.03993046759259259 0.0704757824074074 0 0.2274304699074074
1 0.3411460949074074 0.355034375 0.6336804699074073 0.48393125 0.6909726574074073 0.318896875 0.387153125 0.205978125 0.3411460949074074 0.355034375
1 0.9976851851851852 0.4387640625 0.7100695324074074 0.3310570324074074 0.6640625 0.49826406250000005 0.9722226550925925 0.615959375 0.9976851851851852 0.5238875 0.9976851851851852 0.4387640625
1 0.0026039074074074076 0.44357656250000005 0.2222226574074074 0.541259375 0.277778125 0.393596875 0.0017359374999999999 0.2719921875 0.0026039074074074076 0.44357656250000005
1 0.32118046990740745 0.3953335949074074 0.2578125 0.5399304699074075 0.5538195324074073 0.67155 0.6197914050925926 0.5152015624999999 0.32118046990740745 0.3953335949074074
1 0.6510414050925926 0.526909375 0.5833335949074074 0.7010335949074075 0.8958335949074074 0.8174265624999999 0.9565976550925925 0.6489171874999999 0.6510414050925926 0.526909375
1 0.1979164050925926 0.5707429699074074 0.005208594907407407 0.48524296990740745 0 0.6819242199074075 0.137153125 0.7479382824074073 0.1979164050925926 0.5707429699074074
1 0.1822914050925926 0.7430554699074073 0.48611093749999995 0.8608570324074074 0.5347226574074074 0.6923476574074073 0.2378476574074074 0.5829031250000001 0.1822914050925926 0.7430554699074073
1 0.578125 0.7218796875000001 0.5208335949074074 0.8810765625 0.8159726550925925 0.9976851851851852 0.8802085949074074 0.8504335949074074 0.578125 0.7218796875000001
1 0.1640625 0.8263890625 0.08159765740740742 0.9976851851851852 0.3958335949074074 0.9976851851851852 0.4322914050925926 0.9181843749999999 0.1640625 0.8263890625
1 0.07118046990740741 0.881703125 0.005208594907407407 0.8446179699074073 0.0034726574074074074 0.9976851851851852 0.027778125 0.9976851851851852 0.07118046990740741 0.881703125
0 0 0.8330617199074074 0.0642359375 0.8608570324074074 0.10243046990740741 0.7931054675925926 0 0.7482640625 0 0.8330617199074074
0 0.875 0.0321179699074074 0.8194445300925927 0.1433890625 0.9976851851851852 0.21808906249999999 0.9976851851851852 0.08779843749999999 0.875 0.0321179699074074
1 0.7395835949074074 0.308159375 0.9976851851851852 0.41960546990740744 0.9976851851851852 0.226775 0.7881945324074074 0.15381250000000002 0.7395835949074074 0.308159375
1 0.875 0.9956593749999999 0.9976851851851852 0.996359375 0.9976851851851852 0.6819242199074075 0.8697914074074075 0.9911476574074074 0.875 0.9956593749999999