1 0.28305078240740744 0.07561484490740741 0.296875 0.00390625 0.12058984490740741 0 0.11530312499999999 0.030784375 0.28305078240740744 0.07561484490740741
1 0.008865625 0.018478124999999998 0.0598601550925926 0.016189844907407408 0.104553125 0.02952578240740741 0.111328125 0.001953125 0.0021742199074074073 0 0.008865625 0.018478124999999998
1 0.1945726574074074 0.05620546990740741 0.0078125 0.033203125 0.0006179699074074075 0.20320859490740742 0.15348828240740742 0.24478125 0.1622695324074074 0.2108765625 0.1439742199074074 0.196228125 0.1520617199074074 0.16921250000000002 0.1711195300925926 0.16574843749999998 0.1945726574074074 0.05620546990740741
1 0.24248515509259258 0.07573671990740741 0.197265625 0.068359375 0.1849367199074074 0.1344601574074074 0.2282867199074074 0.1465 0.24248515509259258 0.07573671990740741
1 0.23340625 0.1737210949074074 0.145828125 0.1658398449074074 0.1472546875 0.19895937500000002 0.2587429675925926 0.21989453240740742 0.2860945324074074 0.1398773449074074 0.244140625 0.126953125 0.23340625 0.1737210949074074
1 0.1823351574074074 0.1244890625 0.171875 0.1640625 0.229675 0.1854015625 0.243171875 0.1493070324074074 0.1823351574074074 0.1244890625
1 0.1475601574074074 0.2538601550925926 0.1899109375 0.2676546875 0.24244687499999998 0.2880859375 0.255859375 0.22265625 0.1629945324074074 0.2061765625 0.1475601574074074 0.2538601550925926
1 0.1682132824074074 0.264725 0.15259531250000002 0.3723984375 0.2015 0.3912734375 0.2390515625 0.2856367199074074 0.1682132824074074 0.264725
1 0.0610046875 0.2831804699074074 0.046005469907407406 0.34961718750000004 0.1584242175925926 0.37123125 0.1757046875 0.2682875 0 0.205078125 0.0016632824074074074 0.2695539074074074 0.0610046875 0.2831804699074074
1 0 0.489525 0.1010742175925926 0.5205460925925925 0.1161882824074074 0.4713671875 0.1197125 0.3645859375 0.04708125 0.3541945324074074 0.001953125 0.353515625 0 0.489525
1 0.2028351574074074 0.3933640625 0.146484375 0.369140625 0.10458359259259259 0.5172804699074074 0.15284765740740738 0.5356367199074074 0.2028351574074074 0.3933640625
1 0.1571882824074074 0.5388945300925926 0.00390625 0.498046875 0 0.726684375 0.09184296990740741 0.7805859374999999 0.1571882824074074 0.5388945300925926
1 0.0652617175925926 0.99921875 0.07366953240740741 0.9034726550925926 0.0319515625 0.8904726574074074 0 0.939453125 0.0010375 0.99921875 0.0652617175925926 0.99921875
1 0.1953125 0.44140625 0.17982499999999998 0.51054375 0.2575226574074074 0.5334398449074074 0.2567140625 0.4516070324074074 0.1953125 0.44140625
1 0.2571789074074074 0.5170742199074074 0.3158570324074074 0.5357437500000001 0.2757335949074074 0.7166210925925925 0.32077031250000004 0.729934375 0.38182812499999996 0.47781406249999997 0.26171875 0.44921875 0.2571789074074074 0.5170742199074074
1 0.177734375 0.5078125 0.15927109490740743 0.5627289074074073 0.2451703125 0.5819625 0.2494125 0.5332492199074074 0.177734375 0.5078125
1 0.16015625 0.564453125 0.1336289074074074 0.7017289050925926 0.2374953125 0.7096859375 0.2379992199074074 0.5772703125 0.16015625 0.564453125
1 0.3139875 0.5340117175925926 0.259765625 0.521484375 0.2318265625 0.7104796875 0.2767101574074074 0.71615625 0.3139875 0.5340117175925926
1 0.12890625 0.708984375 0.134575 0.8346710925925926 0.2875140625 0.8315960949074074 0.32833125 0.7224195324074074 0.12890625 0.708984375
1 0.388671875 0.478515625 0.3841015625 0.5559085949074074 0.449928125 0.5694046875 0.4462429699074074 0.4730375 0.388671875 0.478515625
1 0.46023593749999997 0.4661023425925926 0.458984375 0.564453125 0.6622085949074075 0.5868679699074074 0.6814273449074074 0.509040625 0.46023593749999997 0.4661023425925926
1 0.6875 0.509765625 0.6769710949074074 0.5923078125 0.7673109375 0.6045835949074074 0.7828140625000001 0.53014375 0.6875 0.509765625
1 0.3849414074074074 0.8258132800925926 0.4964523425925926 0.8374101574074074 0.5133820324074074 0.8231046875 0.5343476574074074 0.620575 0.3828125 0.59765625 0.3470304699074074 0.8107375 0.3849414074074074 0.8258132800925926
1 0.56640625 0.609375 0.6118242199074074 0.7403414074074074 0.7260585949074074 0.7630234375 0.7437976574074073 0.6342773425925926 0.56640625 0.609375
1 0.7271273425925926 0.7579195324074074 0.55859375 0.734375 0.5390929699074074 0.8536226574074074 0.7077328125 0.8892367175925926 0.7271273425925926 0.7579195324074074
1 0.46484375 0.00390625 0.469459375 0.09806796990740742 0.7520445324074074 0.2280273425925926 0.7685546875 0.1743007824074074 0.46484375 0.00390625
1 0.8116835925925926 0.0006023449074074075 0.478515625 0.00390625 0.6647109375 0.10737578240740742 0.804634375 0.1118390625 0.8116835925925926 0.0006023449074074075
1 0.8774640625000001 0.10666640509259259 0.8948132824074074 0.1536710949074074 0.9394609375 0.0995023449074074 0.9159015625 0 0.8203125 0.015625 0.8428726574074075 0.118828125 0.8774640625000001 0.10666640509259259
1 0.99921875 0.10141718749999999 0.99609375 0.001953125 0.9496992199074074 0.07460781250000001 0.99921875 0.10141718749999999
1 0.5234375 0.13671875 0.5060117199074073 0.22584531249999998 0.568565625 0.23793828240740741 0.585075 0.159584375 0.5234375 0.13671875
1 0.5073773449074074 0.2308578125 0.494140625 0.291015625 0.552353125 0.3165203125 0.5704726574074074 0.23554999999999998 0.5073773449074074 0.2308578125
1 0.6735687499999999 0.2682421875 0.57421875 0.234375 0.5620421875 0.31137109490740744 0.6502226550925926 0.3364484375 0.6735687499999999 0.2682421875
1 0.6782992175925926 0.201446875 0.6535570300925926 0.337959375 0.71398125 0.3473585949074074 0.744140625 0.22682187499999998 0.6782992175925926 0.201446875
1 0.35049375 0.2453460949074074 0.33871953240740743 0.2938742199074074 0.46392500000000003 0.3101257824074074 0.469490625 0.2691203125 0.35049375 0.2453460949074074
1 0.463096875 0.3215984375 0.2663757824074074 0.2891578125 0.2420257824074074 0.41009843749999997 0.43865156250000004 0.449665625 0.463096875 0.3215984375
1 0.21046718749999999 0.9413367199074074 0.1314351574074074 0.928809375 0.1170078125 0.99921875 0.2088367175925926 0.99921875 0.21046718749999999 0.9413367199074074
1 0.22858671990740742 0.9313250000000001 0.2062632824074074 0.9983304699074075 0.3277164050925926 0.99921875 0.3300554699074074 0.947934375 0.2207304699074074 0.9281968749999999 0.214340625 0.9519242199074074 0.22858671990740742 0.9313250000000001
1 0.5291773449074074 0.892675 0.5169390625 0.986596875 0.7014945300925925 0.998909375 0.7258249999999999 0.9074007824074074 0.5291773449074074 0.892675
1 0.7304484375 0.9504375 0.7239328125 0.9951476574074074 0.9277109375 0.99921875 0.9277609375 0.9796296875 0.7304484375 0.9504375
1 0.7411273449074074 0.9333507824074074 0.9376226574074075 0.9619757800925925 0.9648375 0.7023242199074075 0.7808484375 0.6703874999999999 0.7411273449074074 0.9333507824074074
1 0.99921875 0.4729914074074074 0.811609375 0.4527929699074074 0.7759679699074075 0.6675085949074074 0.9636359375 0.6938226550925926 0.99921875 0.4729914074074074
1 0.9277781249999999 0.34350703240740743 0.9323664074074074 0.30055781249999997 0.835103125 0.264840625 0.8143625 0.4480039074074074 0.99921875 0.4632046875 0.9277781249999999 0.34350703240740743
1 0.99921875 0.12477031250000001 0.9547093750000001 0.35668125 0.99921875 0.41115234490740743 0.99921875 0.12477031250000001
1 0.8859210949074074 0.1970375 0.8073382824074073 0.1772726574074074 0.7929210949074075 0.2530023449074074 0.8616179699074074 0.2719828125 0.8859210949074074 0.1970375
1 0.9578546875 0.2546539074074074 0.8842273449074075 0.2349398449074074 0.8612921874999999 0.2714820324074074 0.936846875 0.3023179675925926 0.9578546875 0.2546539074074074
1 0.9704859375 0.2630054699074074 0.9865710925925926 0.1847476574074074 0.8959742199074073 0.14835546990740742 0.8767265625 0.1905882824074074 0.8780203125 0.1955773449074074 0.9704859375 0.2630054699074074
1 0.9501203125000001 0.08378046990740741 0.9098570324074075 0.1473710949074074 0.97370625 0.18675 0.9915765625 0.10754999999999999 0.9501203125000001 0.08378046990740741
0 0.7899328124999999 0.2182015625 0.7526335949074074 0.2175164074074074 0.715803125 0.3522429675925926 0.727225 0.3549835949074074 0.4672976574074074 0.3018851574074074 0.4478078125 0.4537703125 0.7806 0.5252976550925926 0.8311124999999999 0.2695921875 0.7892148449074073 0.2531859375 0.7899328124999999 0.2182015625
0 0.3356265625 0.2910492199074074 0.3447335949074074 0.23325937500000002 0.501 0.2614414074074074 0.5208328125 0.1297703125 0.2878992199074074 0.079125 0.25082031250000003 0.2828210949074074 0.25321875 0.27726796990740743 0.3356265625 0.2910492199074074
0 0.36097812500000004 0.84436875 0.3214117199074074 0.8396734375 0.1421265625 0.8421375 0.0838398425925926 0.82236875 0.0003 0.7999570324074073 0.002841407407407407 0.8766484375 0.12806874999999998 0.9219375 0.21130859490740742 0.9366890625000001 0.21027656249999999 0.9092492175925926 0.3283992199074074 0.9339085949074074 0.32609609490740743 0.99921875 0.5123015625 0.9973351574074074 0.5194554699074074 0.86474375 0.36097812500000004 0.84436875
0 0.30666953009259257 0.004334375 0.2894203125 0.06976328240740741 0.46838124999999997 0.10733515740740741 0.4543273449074074 0.0029125 0.30666953009259257 0.004334375
3 0.9923625 0 0.9221398449074074 0.007841407407407406 0.942459375 0.08020781249999999 0.9923625 0
3 0.0626328125 0.2883460949074074 0.0015679699074074075 0.2775828125 0 0.32082031250000004 0.040872655092592594 0.35108906250000005 0.0626328125 0.2883460949074074
0 0.99921875 0.99921875 0.9920507824074074 0.5025296875 0.9408007800925925 0.98086875 0.99921875 0.99921875
1 0.4557289050925926 0 0.465278125 0.10521953240740742 0.7638890625 0.2302992199074074 0.7916664050925926 0.2302992199074074 0.8020835949074074 0 0.4557289050925926 0
1 0.8177085949074074 0 0.8402781250000001 0.1191171875 0.9357640625 0.08958515740740741 0.9270835949074074 0 0.8177085949074074 0
1 0 0.021833594907407407 0.2864585949074074 0.0685765625 0.2916664074074074 0.0009874999999999999 0 0 0 0.021833594907407407
1 0.4895835949074074 0.300346875 0.7135414050925926 0.33974296990740743 0.75 0.24419687499999998 0.5173609375 0.1382265625 0.4895835949074074 0.300346875
1 0.340278125 0.23724765740740741 0.3385414074074074 0.2743054699074074 0.4600695324074074 0.3084734375 0.4635414050925926 0.26156874999999996 0.340278125 0.23724765740740741
1 0.07291640509259259 0.9976851851851852 0.07291640509259259 0.9043367199074075 0.0295140625 0.9008617199074074 0 0.9409718749999999 0.006944530092592592 0.9976851851851852 0.07291640509259259 0.9976851851851852
1 0 0.2664929699074074 0.05555546990740741 0.29283828240740745 0.109375 0.03573125 0 0.03225703240740741 0 0.2664929699074074
1 0.0520835949074074 0.355034375 0.2048609375 0.3883851550925926 0.2864585949074074 0.09132187500000001 0.11805546990740741 0.0478921875 0.0520835949074074 0.355034375
1 0.3385414074074074 0.8365851550925926 0.371528125 0.47524531249999996 0.1901039050925926 0.43836796990740745 0.11979140509259259 0.8087898449074075 0.1284726574074074 0.8452710925925926 0.3385414074074074 0.8365851550925926
1 0 0.7479875 0.090278125 0.7809945324074073 0.1892359375 0.4213921875 0 0.36024296990740745 0 0.7479875
1 0.9947914074074075 0.2841523425925926 0.9921875 0.01649296990740741 0.8697914074074075 0.21118984490740741 0.9947914074074075 0.2841523425925926
1 0.7951390625 0.24767109490740744 0.84375 0.2717015625 0.8541664074074075 0.2007664074074074 0.8159726550925925 0.18513125 0.7951390625 0.24767109490740744
1 0.8072914074074075 0.45399296990740745 0.734375 0.93734375 0.9479164074074075 0.9790367199074075 0.9756945324074074 0.4769828125 0.8072914074074075 0.45399296990740745
1 0.921875 0.33626875 0.9392359375 0.2702546875 0.8697914074074075 0.2326390625 0.8229164074074075 0.430078125 0.9976851851851852 0.468296875 0.921875 0.33626875
1 0.390625 0.45920156250000005 0.3854164074074074 0.5655804699074074 0.7552085949074074 0.6055359375 0.7760414050925926 0.5186757800925926 0.390625 0.45920156250000005
1 0.125 0.916496875 0.11458359490740741 0.9956593749999999 0.3125 0.9976851851851852 0.328125 0.9390804699074075 0.125 0.916496875
1 0.527778125 0.8817523449074074 0.515625 0.9976851851851852 0.6892359375 0.9946710949074075 0.703125 0.9095484374999999 0.527778125 0.8817523449074074
1 0.5520835949074074 0.8498265625 0.7118054699074073 0.8834898449074075 0.7413195324074074 0.6298570324074073 0.5607640625 0.6020617199074074 0.5520835949074074 0.8498265625
1 0.390625 0.5946179699074073 0.35243046990740745 0.8487460949074075 0.4947914050925926 0.85916875 0.5190976574074074 0.6229085949074075 0.390625 0.5946179699074073
1 0.2604164074074074 0.2899304699074074 0.24131953240740742 0.4196546875 0.449653125 0.45439921990740745 0.4600695324074074 0.31715937499999997 0.2604164074074074 0.2899304699074074
0 0.4765625 0.31857656250000005 0.47048593749999995 0.4561359375 0.7916664050925926 0.5082523449074073 0.8038195300925927 0.3640640625 0.4765625 0.31857656250000005
0 0.34375 0.8706593749999999 0.33680546990740745 0.9976851851851852 0.484375 0.9976851851851852 0.4913195324074074 0.880015625 0.34375 0.8706593749999999
0 0.31423593749999995 0.86264375 0.1328125 0.8576390625 0.1284726574074074 0.9025992199074074 0.31423593749999995 0.9251828125 0.31423593749999995 0.86264375
0 0.2708335949074074 0.27546640509259257 0.3229164074074074 0.280678125 0.3489585949074074 0.20250390740740742 0.4635414050925926 0.23724765740740741 0.5104164050925926 0.1434382824074074 0.3333335949074074 0.0878476550925926 0.3125 0.097221875 0.2708335949074074 0.27546640509259257
0 0.7604164050925926 0.2560765625 0.7413195324074074 0.34495468749999997 0.8055554699074073 0.3484289050925926 0.8072914074074075 0.278940625 0.7604164050925926 0.2560765625
2 0 0.33453125 0.03819453240740741 0.3310570324074074 0.03819453240740741 0.2841523425925926 0 0.2821179699074074 0 0.33453125
0 0.9976851851851852 0.9976851851851852 0.9921875 0.5217015625 0.9861109375 0.5395226574074075 0.9548609375 0.9772992199074074 0.9976851851851852 0.9976851851851852
0 0.31076406250000005 0 0.3203125 0.0685765625 0.38368046990740745 0.0878476550925926 0.4114585949074074 0 0.31076406250000005 0