1 0 0.23784687499999999 0.19618046759259258 0.242459375 0.2170140625 0 0 0.004461719907407407 0 0.23784687499999999
1 0.2239585949074074 0.21440937499999999 0.3802085949074074 0.22682421759259258 0.4010414050925926 0.0027242199074074074 0.24652812500000001 0 0.2239585949074074 0.21440937499999999
1 0.005208594907407407 0.3223710949074074 0 0.44357656250000005 0.171875 0.4787203125 0.1822914050925926 0.34148046990740744 0.005208594907407407 0.3223710949074074
1 0.4036460949074074 0.2508679699074074 0.578125 0.2876265625 0.6215281250000001 0.0027242199074074074 0.42361093749999995 0 0.4036460949074074 0.2508679699074074
1 0.6119789050925926 0.331596875 0.8020835949074074 0.3588523449074074 0.8454859375 0 0.6371531250000001 0.0009874999999999999 0.6119789050925926 0.331596875
1 0.6041664050925926 0.355034375 0.574653125 0.5916382824074075 0.7690976574074073 0.6333320324074074 0.7986109375 0.37969921990740746 0.6041664050925926 0.355034375
1 0.5598960949074074 0.6102429699074073 0.49826406250000005 0.9976851851851852 0.9976851851851852 0.9976851851851852 0.9976851851851852 0.6958710949074074 0.5598960949074074 0.6102429699074073
0 0.2135414074074074 0.2638890625 0.1701390625 0.7132429699074074 0.3177085949074074 0.7375640625000001 0.38368046990740745 0.2702546875 0.2135414074074074 0.2638890625
0 0 0.300346875 0.19444453240740742 0.3223710949074074 0.1979164050925926 0.2494085925925926 0 0.2511453125 0 0.300346875
1 0 0.8133679699074073 0.10416640509259259 0.8451226574074074 0.11284765740740742 0.7530507824074074 0 0.7235179675925926 0 0.8133679699074073
1 0 0.9976851851851852 0.10243046990740741 0.9976851851851852 0.09375 0.9493554699074074 0 0.9149304699074073 0 0.9976851851851852
1 0.1744789050925926 0.7612843749999999 0.16840312500000001 0.8763929699074074 0.44618046990740745 0.9163484375000001 0.4600695324074074 0.812115625 0.1744789050925926 0.7612843749999999
0 0 0.8967015625 0.10416640509259259 0.9337203125 0.10416640509259259 0.853809375 0.0017359374999999999 0.8416484375000001 0 0.8967015625
1 0.1588539050925926 0.9019093749999999 0.1423609375 0.9976851851851852 0.2951390625 0.9976851851851852 0.30034765740740743 0.9041882824074073 0.1588539050925926 0.9019093749999999
1 0.3098960949074074 0.9175343749999999 0.31076406250000005 0.9976851851851852 0.45659765740740743 0.9976851851851852 0.4635414050925926 0.9319835949074075 0.3098960949074074 0.9175343749999999
1 0.059028125 0.6540296875 0.109375 0.6540296875 0.11979140509259259 0.4994179699074074 0.059028125 0.5046296875 0.059028125 0.6540296875
1 0.3645835949074074 0.7118054699074073 0.5034726574074074 0.7443648449074074 0.5694445324074073 0.3152742199074074 0.3975695324074074 0.2979015625 0.3645835949074074 0.7118054699074073
1 0.8984375 0.573784375 0.9976851851851852 0.6192859374999999 0.9976851851851852 0.44556484490740744 0.9079859375 0.438615625 0.8984375 0.573784375
1 0.9427085949074074 0.417534375 0.9976851851851852 0.4316671875 0.9976851851851852 0.2023554699074074 0.9496531250000001 0.2058296875 0.9427085949074074 0.417534375
0 0.84375 0.1779515625 0.9375 0.1919320324074074 0.9583335949074074 0.0081125 0.8663195300925927 0.0029007824074074075 0.84375 0.1779515625
0 0.9270835949074074 0.2173375 0.8489585949074074 0.2013890625 0.8142359375 0.3788976550925926 0.890625 0.3962703125 0.9270835949074074 0.2173375
0 0.9097226550925925 0.4188539074074074 0.8125 0.39930546990740745 0.78125 0.63079375 0.859375 0.6394796875 0.9097226550925925 0.4188539074074074