4 0.0026039074074074076 0.51171875 0 0.99921875 0.7916664050925926 0.9986976574074075 0.0026039074074074076 0.51171875
0 0.3216148449074074 0.3372398449074074 0.1380210949074074 0.52734375 0.29296875 0.65234375 0.4348960949074074 0.48046875 0.3216148449074074 0.3372398449074074
1 0.99921875 0.9947914074074075 0.4466148449074074 0.48828125 0.3072914074074074 0.6354164050925926 0.8893226574074075 0.99609375 0.99921875 0.9947914074074075
1 0.6041664050925926 0.5846351550925926 0.9986976574074075 0.96484375 0.9986976574074075 0.07291640509259259 0.6041664050925926 0.5846351550925926
0 0.78125 0.4505210949074074 0.73828125 0.5052085949074074 0.796875 0.55859375 0.83203125 0.4895835949074074 0.78125 0.4505210949074074
0 0.9270835949074074 0.5494789050925926 0.90234375 0.5286460949074074 0.8372398449074074 0.5963539050925926 0.8841148449074074 0.6263023449074074 0.9270835949074074 0.5494789050925926
3 0.9270835949074074 0.5638023449074074 0.9270835949074074 0.6002601550925926 0.9544273449074074 0.6106773449074074 0.9765625 0.62890625 0.9544273449074074 0.6653648449074074 0.9635414074074075 0.6783851550925926 0.95703125 0.7174476550925926 0.9947914074074075 0.7330726550925926 0.99609375 0.5729164050925926 0.984375 0.5677085949074074 0.96484375 0.5638023449074074 0.97265625 0.546875 0.9947914074074075 0.5091148449074074 0.9973960949074074 0.4348960949074074 0.9518226574074075 0.4869789050925926 0.9752601574074075 0.5208335949074074 0.9518226574074075 0.5403648449074074 0.9270835949074074 0.5638023449074074
1 0.6848960949074074 0.4596351550925926 0.5807289050925926 0.3854164074074074 0.4986976550925926 0.4765625 0.4986976550925926 0.484375 0.6041664050925926 0.5716148449074074 0.6848960949074074 0.4596351550925926
1 0 0.16015625 0.02734375 0.19921875 0 0.2330726574074074 0.2122398449074074 0.4388023449074074 0.3098960949074074 0.34765625 0 0.0546875 0 0.16015625
0 0.1953125 0.3268226574074074 0.1328125 0.2747398449074074 0.12890625 0.31640625 0.1809898449074074 0.3580726574074074 0.1953125 0.3268226574074074
0 0.10416640509259259 0.2356773449074074 0.05859375 0.1927085949074074 0.03645859490740741 0.2213539074074074 0.08333359490740741 0.26171875 0.10416640509259259 0.2356773449074074
0 0.9479164074074075 0.3958335949074074 0.9231773449074074 0.4036460949074074 0.9114585949074074 0.4205726550925926 0.9270835949074074 0.4361976550925926 0.9596351574074075 0.3984375 0.9479164074074075 0.3958335949074074
0 0.9986976574074075 0.35546875 0.99921875 0.328125 0.99609375 0.3255210949074074 0.9895835949074074 0.3216148449074074 0.984375 0.3307289074074074 0.9778648449074074 0.3411460949074074 0.9752601574074075 0.3684898449074074 0.9986976574074075 0.35546875
0 0.5638023449074074 0.7369789050925926 0.57421875 0.7513023449074074 0.5807289050925926 0.7526039050925926 0.5924476550925926 0.7200523449074074 0.5911460949074074 0.7122398449074074 0.5872398449074074 0.69921875 0.5768226550925926 0.7018226550925926 0.5598960949074074 0.7122398449074074 0.55859375 0.7161460949074074 0.5638023449074074 0.7369789050925926
0 0.4856773449074074 0.5924476550925926 0.4596351550925926 0.6002601550925926 0.4427085949074074 0.6171875 0.4622398449074074 0.63671875 0.48046875 0.65234375 0.5 0.6640625 0.5078125 0.66796875 0.5091148449074074 0.66796875 0.5208335949074074 0.6653648449074074 0.5169273449074074 0.6588539050925926 0.4973960949074074 0.6328125 0.4921875 0.6184898449074074 0.4856773449074074 0.5924476550925926
1 0.7630210949074074 0.1692710949074074 0.76171875 0.17578125 0.6263023449074074 0.34765625 0.6328125 0.3697914074074074 0.62890625 0.3893226574074074 0.6197914050925926 0.4166664050925926 0.6927085949074074 0.45703125 0.9895835949074074 0.06380234490740741 0.8619789074074075 0 0.7330726550925926 0.1419273449074074 0.7630210949074074 0.1692710949074074
0 0.7057289050925926 0.3268226574074074 0.7369789050925926 0.3411460949074074 0.70703125 0.3151039074074074 0.7122398449074074 0.2955726574074074 0.7096351550925926 0.2916664074074074 0.7057289050925926 0.2682289074074074 0.67578125 0.2955726574074074 0.67578125 0.2981773449074074 0.6770835949074074 0.3111976574074074 0.6875 0.31640625 0.7057289050925926 0.3268226574074074
0 0.8033851574074075 0.1393226574074074 0.8020835949074074 0.15234375 0.8111976574074075 0.1666664050925926 0.8125 0.1692710949074074 0.8177085949074074 0.1692710949074074 0.828125 0.1653648449074074 0.8541664074074075 0.1705726550925926 0.8671875 0.1822914050925926 0.8776039074074075 0.1979164050925926 0.87109375 0.18359375 0.859375 0.1549476550925926 0.8450523449074074 0.1510414050925926 0.8294273449074074 0.1484375 0.8489585949074074 0.109375 0.8723960949074074 0.08463515509259259 0.8763023449074074 0.07552109490740741 0.8958335949074074 0.078125 0.8958335949074074 0.0598960949074074 0.8802085949074074 0.0611976550925926 0.8658851574074075 0.06770859490740741 0.8619789074074075 0.07552109490740741 0.8372398449074074 0.10807265509259259 0.8151039074074075 0.1276039050925926 0.8033851574074075 0.1393226574074074
1 0.39453125 0.0416664050925926 0.2760414074074074 0.1848960949074074 0.2604164074074074 0.2473960949074074 0.3138023449074074 0.2955726574074074 0.3098960949074074 0.3125 0.3619789074074074 0.3684898449074074 0.5533851550925926 0.1666664050925926 0.39453125 0.0416664050925926
3 0.46484375 0.18359375 0.4049476550925926 0.1380210949074074 0.3776039074074074 0.171875 0.3528648449074074 0.20703125 0.4075523449074074 0.25 0.46484375 0.18359375
3 0.2408851574074074 0.1575523449074074 0.2890625 0.1666664050925926 0.34765625 0.09244765509259259 0.3151039074074074 0.06380234490740741 0.2408851574074074 0.1575523449074074
3 0.6028648449074074 0.2252601574074074 0.6223960949074074 0.2916664074074074 0.6575523449074074 0.2330726574074074 0.6197914050925926 0.2161460949074074 0.6028648449074074 0.2252601574074074
1 0.5885414050925926 0.2825523449074074 0.5807289050925926 0.2734375 0.5924476550925926 0.2330726574074074 0.62109375 0.2096351574074074 0.6341148449074074 0.1927085949074074 0.5963539050925926 0.1692710949074074 0.5677085949074074 0.1875 0.5442710949074074 0.1875 0.3658851574074074 0.35546875 0.4153648449074074 0.4036460949074074 0.4466148449074074 0.3932289074074074 0.4817710949074074 0.3828125 0.4986976550925926 0.3645835949074074 0.5221351550925926 0.34765625 0.5338539050925926 0.3684898449074074 0.5481773449074074 0.3619789074074074 0.5546875 0.3502601574074074 0.5807289050925926 0.3619789074074074 0.5911460949074074 0.3645835949074074 0.6041664050925926 0.3359375 0.5911460949074074 0.3125 0.6015625 0.3020835949074074 0.5885414050925926 0.2825523449074074
1 0.2513023449074074 0.1171875 0.2708335949074074 0.07421875 0.2643226574074074 0.06770859490740741 0.2421875 0.05078125 0.2239585949074074 0.03255234490740741 0.21484375 0.02864609490740741 0.2057289074074074 0.06901015509259259 0.1940101550925926 0.08463515509259259 0.15625 0.08984375 0.1796875 0.06640625 0.1875 0.0481773449074074 0.1471351574074074 0.0013023449074074074 0.005208594907407407 0 0 0.006510157407407407 0.3619789074074074 0.3723960949074074 0.4099916527777778 0.31932993055555553 0.2734375 0.2278648449074074 0.2838539074074074 0.21484375 0.28125 0.19140625 0.2395835949074074 0.1588539050925926 0.2421875 0.140625 0.2513023449074074 0.1171875
1 0.421875 0.0416664050925926 0.4622398449074074 0.02083359490740741 0.4752601550925926 0.013021094907407407 0.5247398449074074 0.0403648449074074 0.57421875 0.0078125 0.3958335949074074 0 0.3567710949074074 0.0390625 0.3151039074074074 0 0.2981773449074074 0.03255234490740741 0.296875 0.0559898449074074 0.2708335949074074 0.07291640509259259 0.2591148449074074 0.12890625 0.3138023449074074 0.0572914050925926 0.3515625 0.0859375 0.3854164074074074 0.03515625 0.421875 0.0416664050925926
1 0.6067710949074074 0.0703125 0.5703125 0.109375 0.6106773449074074 0.1614585949074074 0.6302085949074074 0.1875 0.6848960949074074 0.2395835949074074 0.7005210949074074 0.25 0.7630210949074074 0.17578125 0.7408851550925926 0.16796875 0.71875 0.1940101550925926 0.6393226550925926 0.1419273449074074 0.6106773449074074 0.140625 0.66796875 0.07291640509259259 0.5716148449074074 0.0013023449074074074 0.48828125 0.10807265509259259 0.5338539050925926 0.125 0.5924476550925926 0.0546875 0.6067710949074074 0.0703125
1 0.6302085949074074 0 0.6315101550925926 0.018228905092592593 0.6627601550925926 0.02734375 0.6770835949074074 0.02473984490740741 0.6783851550925926 0.0625 0.734375 0.09114609490740741 0.7760414050925926 0.03515625 0.8033851574074075 0.009114844907407407 0.7721351550925926 0 0.7591148449074074 0.005208594907407407 0.7200523449074074 0 0.6302085949074074 0
0 0.6783851550925926 0.06510390509259259 0.68359375 0.0533851550925926 0.6940101550925926 0.0416664050925926 0.7096351550925926 0.0390625 0.7265625 0.0533851550925926 0.71484375 0.07942734490740741 0.7330726550925926 0.08463515509259259 0.76953125 0.02994765509259259 0.6614585949074074 0.00390625 0.6731773449074074 0.018228905092592593 0.6744789050925926 0.02734375 0.6783851550925926 0.06510390509259259
0 0.4895835949074074 0.03255234490740741 0.4635414050925926 0.015625 0.4518226550925926 0.0234375 0.4361976550925926 0.0403648449074074 0.42578125 0.03515625 0.4322914050925926 0.046875 0.46484375 0.07682265509259259 0.4765625 0.09244765509259259 0.48046875 0.08463515509259259 0.48828125 0.09375 0.5130210949074074 0.0598960949074074 0.51953125 0.0533851550925926 0.4895835949074074 0.03255234490740741
0 0.4674476550925926 0.47265625 0.4869789050925926 0.4830726550925926 0.51171875 0.5026039050925926 0.5130210949074074 0.48046875 0.5364585949074074 0.421875 0.5611976550925926 0.4075523449074074 0.578125 0.39453125 0.59375 0.3971351574074074 0.6067710949074074 0.40625 0.61328125 0.4010414050925926 0.6223960949074074 0.37890625 0.6067710949074074 0.3645835949074074 0.578125 0.3736976574074074 0.5520835949074074 0.37109375 0.5338539050925926 0.3932289074074074 0.4700523449074074 0.3723960949074074 0.41796875 0.3919273449074074 0.4153648449074074 0.40234375 0.44921875 0.4622398449074074 0.4674476550925926 0.47265625
0 0.6588539050925926 0.140625 0.6861976550925926 0.1575523449074074 0.7057289050925926 0.1731773449074074 0.7109375 0.1809898449074074 0.7265625 0.16796875 0.7486976550925926 0.1627601550925926 0.7330726550925926 0.15234375 0.7239585949074074 0.1419273449074074 0.7265625 0.10807265509259259 0.7083335949074074 0.0859375 0.6953125 0.078125 0.6796875 0.07291640509259259 0.6705726550925926 0.08072890509259259 0.6510414050925926 0.10546875 0.640625 0.11588515509259259 0.6588539050925926 0.140625
0 0.234375 0.02604140509259259 0.2473960949074074 0.03255234490740741 0.2591148449074074 0.04296875 0.2643226574074074 0.05078125 0.2825523449074074 0.0403648449074074 0.2903648449074074 0.03125 0.3072914074074074 0.00390625 0.1705726550925926 0 0.1783851550925926 0.00390625 0.1796875 0.00390625 0.1796875 0.02994765509259259 0.1875 0.0572914050925926 0.1875 0.0611976550925926 0.234375 0.02604140509259259
1 0 0.4518226550925926 0.1354164050925926 0.5260414050925926 0.1888023449074074 0.453125 0 0.29296875 0 0.4518226550925926
0 0.0533851550925926 0.4127601550925926 0.0611976550925926 0.3984375 0.0625 0.3880210949074074 0.05078125 0.37890625 0.02604140509259259 0.35546875 0.013021094907407407 0.3489585949074074 0.005208594907407407 0.3528648449074074 0.0234375 0.3815101574074074 0.0377601550925926 0.40234375 0.046875 0.4114585949074074 0.0533851550925926 0.4127601550925926
0 0.86328125 0.3671875 0.8411460949074074 0.3450523449074074 0.81640625 0.33203125 0.81640625 0.3502601574074074 0.8385414074074075 0.3658851574074074 0.8463539074074075 0.3723960949074074 0.8502601574074075 0.3893226574074074 0.8528648449074074 0.39453125 0.8645835949074074 0.3932289074074074 0.8658851574074075 0.3880210949074074 0.86328125 0.3671875
0 0.734375 0.2473960949074074 0.7408851550925926 0.26171875 0.7526039050925926 0.2799476574074074 0.76171875 0.29296875 0.765625 0.2955726574074074 0.7591148449074074 0.2591148449074074 0.7708335949074074 0.234375 0.7838539050925926 0.2278648449074074 0.7916664050925926 0.2096351574074074 0.7721351550925926 0.2018226574074074 0.7552085949074074 0.1901039050925926 0.7604164050925926 0.2057289074074074 0.7526039050925926 0.2213539074074074 0.7291664050925926 0.2317710949074074 0.734375 0.2473960949074074