1 0.0013023449074074074 0 0.00390625 0.0026039074074074076 0 0.4244789050925926 0.0494789050925926 0.4466148449074074 0.2057289074074074 0.0403648449074074 0.10546875 0 0.0013023449074074074 0
1 0 0.58203125 0.02864609490740741 0.48828125 0.02473984490740741 0.4700523449074074 0 0.4596351550925926 0 0.58203125
1 0.1796875 0.6471351550925926 0.19921875 0.65625 0.2408851574074074 0.66796875 0.2708335949074074 0.6731773449074074 0.3190101574074074 0.6770835949074074 0.3463539074074074 0.6731773449074074 0.3502601574074074 0.6692710949074074 0.3671875 0.6067710949074074 0.078125 0.4895835949074074 0.02213515509259259 0.61328125 0.0234375 0.6341148449074074 0.03125 0.64453125 0.1796875 0.6471351550925926
1 0 0.8333335949074074 0.08333359490740741 0.8359375 0.0703125 0.8515625 0.0598960949074074 0.8723960949074074 0.0703125 0.8828125 0.12109375 0.9231773449074074 0.1536460949074074 0.9388023449074074 0.1666664050925926 0.953125 0.1888023449074074 0.95703125 0.2265625 0.9856773449074074 0.3515625 0.7604164050925926 0.3190101574074074 0.734375 0.2578125 0.7083335949074074 0 0.7083335949074074 0 0.8333335949074074
1 0 0.99921875 0.02734375 0.99921875 0.015625 0.9778648449074074 0.02473984490740741 0.9700523449074074 0.04296875 0.9739585949074074 0.06901015509259259 0.9817710949074074 0.08333359490740741 0.9817710949074074 0.08854140509259259 0.9791664074074075 0.07942734490740741 0.9557289074074075 0.08203125 0.9453125 0.08333359490740741 0.9361976574074075 0.06770859490740741 0.9231773449074074 0.03385390509259259 0.9049476574074075 0 0.94921875 0 0.99921875
1 0.38515625 0.9859375 0.4044273449074074 0.94921875 0.4140625 0.9296875 0.525 0.98046875 0.5125000000000001 0.99921875 0.7260414074074073 0.99921875 0.6596351574074073 0.9427085949074074 0.6322914074074073 0.9127601574074075 0.6140625 0.8971351574074075 0.5932289074074073 0.8815101574074075 0.5606773449074074 0.8580726574074075 0.5111976574074074 0.8359375 0.4760414074074074 0.8190101574074075 0.4174476574074074 0.7877601550925926 0.3640625 0.87890625 0.28828125 0.99921875 0.3692710949074074 0.99921875 0.37890625 0.99921875 0.38515625 0.9859375
1 0.7643226550925926 0.99921875 0.8736976574074075 0.99921875 0.8346351574074075 0.9388023449074074 0.8294273449074074 0.9348960949074074 0.8307289074074075 0.9127601574074075 0.8138023449074074 0.8723960949074074 0.7799476550925926 0.7721351550925926 0.76171875 0.7669273449074074 0.671875 0.796875 0.6640625 0.80859375 0.65625 0.8020835949074074 0.6119789050925926 0.83203125 0.6783851550925926 0.90234375 0.73046875 0.97265625 0.7643226550925926 0.99921875
1 0.671875 0.7578125 0.7565101550925926 0.73046875 0.75234375 0.709375 0.7375 0.675 0.7296875 0.67734375 0.721875 0.66015625 0.71640625 0.64609375 0.7018226550925926 0.56640625 0.6809898449074074 0.5026039050925926 0.67578125 0.4817710949074074 0.5963539050925926 0.5143226550925926 0.6236976550925926 0.58984375 0.6510414050925926 0.6861976550925926 0.6627601550925926 0.7447914050925926 0.671875 0.7578125
1 0.48828125 0.26171875 0.527778125 0.3802085949074074 0.5390625 0.39149296990740745 0.5451390625 0.40625 0.546875 0.4210070324074074 0.5451390625 0.4375 0.6393226550925926 0.4075523449074074 0.640625 0.3893226574074074 0.6432289050925926 0.3815101574074074 0.546875 0.11197890509259259 0.5013023449074074 0 0.3997398449074074 0.0026039074074074076 0.4466148449074074 0.12890625 0.4518226550925926 0.15234375 0.4713539050925926 0.203125 0.48828125 0.26171875
1 0.09114609490740741 0.4674476550925926 0.37890625 0.5768226550925926 0.3841148449074074 0.5638023449074074 0.47265625 0.3255210949074074 0.3932289074074074 0.10416640509259259 0.24609375 0.0455726550925926 0.20703125 0.1458335949074074 0.2083335949074074 0.15625 0.08723984490740741 0.4544273449074074 0.09114609490740741 0.4674476550925926
1 0.7161460949074074 0.11979140509259259 0.734375 0 0.5989585949074074 0.0013023449074074074 0.6497398449074074 0.1614585949074074 0.6796875 0.1471351574074074 0.7083335949074074 0.13671875 0.7161460949074074 0.11979140509259259
1 0.7890625 0 0.7890625 0.0013023449074074074 0.7708335949074074 0.0494789050925926 0.7604164050925926 0.09375 0.76171875 0.11588515509259259 0.78515625 0.1315101550925926 0.85546875 0.10026015509259259 0.8815101574074075 0.10416640509259259 0.9114585949074074 0.09505234490740741 0.9505210949074074 0.08333359490740741 0.99921875 0.06770859490740741 0.99921875 0 0.7890625 0
1 0.9739585949074074 0.34375 0.9466148449074074 0.2486976574074074 0.9484375 0.24375 0.9388023449074074 0.2122398449074074 0.91796875 0.1328125 0.91015625 0.11458359490740741 0.6666664050925926 0.2044273449074074 0.7408851550925926 0.4205726550925926 0.7447914050925926 0.4361976550925926 0.9817710949074074 0.3658851574074074 0.9739585949074074 0.34375
1 0.99921875 0.33984375 0.99921875 0.09505234490740741 0.93359375 0.11067734490740741 0.9557289074074075 0.2083335949074074 0.9791664074074075 0.2799476574074074 0.9986976574074075 0.3541664074074074 0.99921875 0.33984375
1 0.99921875 0.46875 0.9986976574074075 0.3815101574074074 0.8932289074074075 0.4127601550925926 0.89453125 0.44921875 0.9596351574074075 0.4596351550925926 0.99921875 0.46875
1 0.99921875 0.492265625 0.9700523449074074 0.4831507800925926 0.76171875 0.4635414050925926 0.75625 0.47421875 0.9440101574074075 0.99921875 0.99921875 0.9948695300925926 0.99921875 0.492265625
0 0.3671875 0.60546875 0.34375 0.6705726550925926 0.3033851574074074 0.7239585949074074 0.33984375 0.7473960949074074 0.4153648449074074 0.7838539050925926 0.4908851550925926 0.8216148449074074 0.5729164050925926 0.8645835949074074 0.6080726550925926 0.8346351574074075 0.6393226550925926 0.8111976574074075 0.671875 0.7955726550925926 0.6653648449074074 0.76953125 0.6692710949074074 0.7552085949074074 0.6614585949074074 0.71875 0.6419273449074074 0.6614585949074074 0.6328125 0.6236976550925926 0.6184898449074074 0.5872398449074074 0.59375 0.5078125 0.67578125 0.484375 0.6484375 0.4049476550925926 0.5546875 0.43359375 0.53515625 0.4453125 0.5169273449074074 0.46875 0.5 0.5026039050925926 0.4947914050925926 0.4973960949074074 0.48046875 0.4661460949074074 0.4609375 0.4348960949074074 0.4401039050925926 0.42578125 0.4270835949074074 0.44921875 0.3841148449074074 0.56640625 0.3671875 0.60546875
0 0.11067734490740741 0 0.2083335949074074 0.0403648449074074 0.2434898449074074 0.0442710949074074 0.3932289074074074 0.10026015509259259 0.3528648449074074 0 0.11067734490740741 0
2 0.08203125 0.9348960949074074 0.08333359490740741 0.9479164074074075 0.08333359490740741 0.9609375 0.0859375 0.971875 0.0984375 0.984375 0.08671875 0.98828125 0.0403648449074074 0.9752601574074075 0.016927344907407407 0.9778648449074074 0.01953125 0.99609375 0.02864609490740741 0.99921875 0.1432289074074074 0.99921875 0.1927085949074074 0.99921875 0.203125 0.9986976574074075 0.20703125 0.98046875 0.2057289074074074 0.9713539074074075 0.1888023449074074 0.9635414074074075 0.17578125 0.9609375 0.15859375 0.946875 0.1484375 0.92890625 0.1328125 0.91640625 0.11328125 0.9125 0.1015625 0.9010414074074075 0.09453125 0.89296875 0.08125 0.89140625 0.06484374999999999 0.87890625 0.053125 0.88046875 0.0455726550925926 0.90234375 0.05078125 0.9127601574074075 0.07552109490740741 0.92578125 0.08203125 0.9348960949074074
3 0.525 0.98359375 0.4171875 0.93515625 0.384375 0.99765625 0.38359375 0.99921875 0.5148437499999999 0.99921875 0.525 0.98359375