2 0.0013023449074074074 0.7838539050925926 0.0416664050925926 0.7643226550925926 0.06640625 0.78125 0.1328125 0.8125 0.1497398449074074 0.8229164074074075 0.1796875 0.8385414074074075 0.21484375 0.84765625 0.2356773449074074 0.8502601574074075 0.2552085949074074 0.8450523449074074 0.2916664074074074 0.8268226574074075 0.2955726574074074 0.8268226574074075 0.3151039074074074 0.8294273449074074 0.3229164074074074 0.82421875 0.328125 0.8203125 0.3424476574074074 0.8072914074074075 0.359375 0.7916664050925926 0.37109375 0.7825523449074074 0.3671875 0.7825523449074074 0.35546875 0.7877601550925926 0.375 0.7604164050925926 0.3893226574074074 0.7513023449074074 0.3984375 0.7526039050925926 0.4075523449074074 0.7591148449074074 0.4192710949074074 0.7526039050925926 0.4205726550925926 0.7434898449074074 0.4401039050925926 0.7109375 0.4791664050925926 0.69140625 0.5143226550925926 0.6731773449074074 0.53125 0.6549476550925926 0.5611976550925926 0.63671875 0.5638023449074074 0.6315101550925926 0.5377601550925926 0.58984375 0.5338539050925926 0.5794273449074074 0.5260414050925926 0.5559898449074074 0.50390625 0.5182289050925926 0.4661460949074074 0.4869789050925926 0.4661460949074074 0.4817710949074074 0.3841148449074074 0.4361976550925926 0.02604140509259259 0.44140625 0.02473984490740741 0.5260414050925926 0.0013023449074074074 0.546875 0.0013023449074074074 0.7838539050925926
1 0 0.52734375 0.01953125 0.5208335949074074 0.02083359490740741 0.47265625 0.0013023449074074074 0.47265625 0 0.4817710949074074 0 0.52734375
1 0.0625 0.90234375 0.0494789050925926 0.8841148449074074 0.03385390509259259 0.8932289074074075 0.03645859490740741 0.8997398449074074 0.0520835949074074 0.9140625 0.0625 0.90234375
1 0.21875 0.8880210949074074 0.2135414074074074 0.88671875 0.2083335949074074 0.90234375 0.2408851574074074 0.921875 0.2565101574074074 0.9036460949074074 0.21875 0.8880210949074074
1 0.4609375 0.9166664074074075 0.4921875 0.9049476574074075 0.4986976550925926 0.8763023449074074 0.4544273449074074 0.875 0.44921875 0.8841148449074074 0.4453125 0.90234375 0.4609375 0.9166664074074075
1 0.51171875 0.7526039050925926 0.51171875 0.75 0.5416664050925926 0.71484375 0.5260414050925926 0.69921875 0.4986976550925926 0.7239585949074074 0.51171875 0.7526039050925926
1 0.5963539050925926 0.7799476550925926 0.6002601550925926 0.7890625 0.6041664050925926 0.8072914074074075 0.6614585949074074 0.81640625 0.6666664050925926 0.7786460949074074 0.6158851550925926 0.7747398449074074 0.5963539050925926 0.7799476550925926
1 0.62109375 0.9401039074074075 0.6184898449074074 0.9270835949074074 0.61328125 0.9192710949074074 0.6028648449074074 0.91796875 0.5963539050925926 0.9348960949074074 0.5859375 0.9479164074074075 0.578125 0.9609375 0.5963539050925926 0.9700523449074074 0.6067710949074074 0.9739585949074074 0.6119789050925926 0.96484375 0.6184898449074074 0.94921875 0.62109375 0.9401039074074075
1 0.7395835949074074 0.6392710949074074 0.75 0.6431773449074074 0.765625 0.6470835949074074 0.7669273449074074 0.6418750000000001 0.765625 0.6301562500000001 0.76171875 0.6236460949074074 0.75390625 0.6197398449074074 0.7473960949074074 0.6197398449074074 0.7447914050925926 0.6184375000000001 0.7395835949074074 0.6106250000000001 0.73828125 0.6184375000000001 0.7356773449074074 0.6262500000000001 0.7330726550925926 0.6327601574074074 0.7395835949074074 0.6392710949074074
1 0.8125 0.6822398449074074 0.8125 0.6926562500000001 0.8255210949074074 0.6822398449074074 0.8255210949074074 0.6666148449074074 0.8294273449074074 0.6457812500000001 0.828125 0.6314585949074074 0.8255210949074074 0.6236460949074074 0.80859375 0.6171351574074074 0.80859375 0.6210414074074074 0.80859375 0.6366664074074074 0.8111976574074075 0.6548960949074074 0.8125 0.6822398449074074
1 0.99921875 0.4986460949074074 0.9986976574074075 0.4726039074074074 0.9348960949074074 0.45046875 0.9283851574074075 0.4478648449074074 0.89453125 0.5559375 0.9192710949074074 0.5715625 0.9361976574074075 0.48171875 0.99921875 0.4986460949074074
1 0.8893226574074075 0.7004687500000001 0.8958335949074074 0.6757289074074074 0.984375 0.6796351574074074 0.99921875 0.6197398449074074 0.9765625 0.6340625000000001 0.95703125 0.6379687500000001 0.96484375 0.6093226574074074 0.8841148449074074 0.5884898449074074 0.8828125 0.5936976574074074 0.8567710949074074 0.7121875000000001 0.9856773449074074 0.7278125000000001 0.9895835949074074 0.6978648449074074 0.8893226574074075 0.7004687500000001
1 0.99921875 0.5286460949074074 0.9984898449074074 0.5260414050925926 0.9438023449074074 0.5130210949074074 0.93078125 0.5625 0.9958851574074075 0.5846351550925926 0.99921875 0.5286460949074074
1 0.6039585949074074 0.46484375 0.5883335949074074 0.4296875 0.55578125 0.4453125 0.55578125 0.44921875 0.5740101550925926 0.484375 0.6039585949074074 0.46484375
1 0.5740101550925926 0.4947914050925926 0.5961460949074074 0.52734375 0.6195835949074074 0.4986976550925926 0.6052601574074075 0.48046875 0.5740101550925926 0.4947914050925926
2 0.6754687500000001 0.12109375 0.6676562500000001 0.1614585949074074 0.6637500000000001 0.1731773449074074 0.6520312500000001 0.20703125 0.6507289074074074 0.2200523449074074 0.6494273449074074 0.22265625 0.6494273449074074 0.2252601574074074 0.6481250000000001 0.23828125 0.6377085949074074 0.265625 0.6207812500000001 0.2994789074074074 0.6103648449074074 0.3098960949074074 0.5895312500000001 0.3138023449074074 0.5361460949074074 0.3046875 0.5061976574074074 0.2799476574074074 0.4840625 0.2916664074074074 0.4827601574074074 0.3138023449074074 0.4996875 0.3450523449074074 0.5543750000000001 0.3802085949074074 0.6116664074074074 0.40625 0.6429164074074074 0.4127601550925926 0.7171351574074074 0.4192710949074074 0.8030726574074074 0.42578125 0.8733851574074074 0.4322914050925926 0.9476039074074074 0.4283851550925926 0.9762500000000001 0.4192710949074074 0.9892710949074074 0.4114585949074074 0.9983851574074074 0 0.7952601574074074 0.0026039074074074076 0.7822398449074074 0.016927344907407407 0.7470835949074074 0.0442710949074074 0.7249476574074074 0.06380234490740741 0.6754687500000001 0.12109375
2 0.2262242199074074 0.875 0.25747421990740743 0.8893226574074075 0.2665882824074074 0.8997398449074074 0.26919296990740743 0.9127601574074075 0.26919296990740743 0.9231773449074074 0.267890625 0.9283851574074075 0.25747421990740743 0.9361976574074075 0.24315078240740742 0.9375 0.22752578240740742 0.9309898449074074 0.2027867199074074 0.921875 0.19367187500000002 0.9153648449074074 0.18976562500000002 0.9088539074074075 0.18976562500000002 0.8645835949074074 0.18976562500000002 0.8606773449074074 0.17674453240740742 0.85546875 0.1363804699074074 0.83984375 0.1324742199074074 0.8372398449074074 0.06997421759259259 0.8177085949074074 0.05434921759259259 0.8098960949074074 0.017890625 0.8020835949074074 0 0.8033851574074075 0.0009632824074074074 0.8919273449074074 0.02700546759259259 0.8828125 0.05565078240740741 0.8763023449074074 0.080390625 0.8802085949074074 0.092109375 0.90625 0.092109375 0.9205726574074075 0.0790882824074074 0.921875 0.053046875 0.9283851574074075 0.041328125 0.92578125 0.021796875 0.9088539074074075 0.013984375 0.90625 0.0035679699074074073 0.9127601574074075 0.0009632824074074074 0.99609375 0.4293492199074074 0.99921875 0.45408828009259256 0.7747398449074074 0.5100781249999999 0.6888023449074074 0.4996617199074074 0.703125 0.3473179699074074 0.8450523449074074 0.2509632824074074 0.8763023449074074 0.2262242199074074 0.875
1 0.9622398449074074 0.96875 0.9596351574074075 0.96875 0.9309898449074074 0.9661460949074074 0.9388023449074074 0.9934898449074074 0.96875 0.9869789074074075 0.9622398449074074 0.96875
1 0.96484375 0.83984375 0.9557289074074075 0.8125 0.9166664074074075 0.8186033101851853 0.9166664074074075 0.8489585949074074 0.96484375 0.83984375
1 0.7604164050925926 0.6770835949074074 0.7604164050925926 0.6536460949074074 0.7434898449074074 0.65234375 0.7395835949074074 0.66015625 0.7447914050925926 0.6770835949074074 0.7604164050925926 0.6770835949074074
1 0.7057289050925926 0.6041664050925926 0.6549476550925926 0.5833335949074074 0.65625 0.6002601550925926 0.7018226550925926 0.6263023449074074 0.7057289050925926 0.6041664050925926
2 0.4088539050925926 0 0.3841148449074074 0.014322655092592593 0.37890625 0.0481773449074074 0.3763023449074074 0.08723984490740741 0.3684898449074074 0.12109375 0.3463539074074074 0.1471351574074074 0.3541664074074074 0.1966148449074074 0.3763023449074074 0.2395835949074074 0.4140625 0.27734375 0.4348960949074074 0.29296875 0.4427085949074074 0.2942710949074074 0.4739585949074074 0.26171875 0.5364585949074074 0.2278648449074074 0.5755210949074074 0.2057289074074074 0.5989585949074074 0.16796875 0.5833335949074074 0.13671875 0.5520835949074074 0.09375 0.5442710949074074 0.0390625 0.5091148449074074 0 0.4700523449074074 0 0.4140625 0 0.4088539050925926 0
1 0.2669273449074074 0 0.27734375 0.009114844907407407 0.2877601574074074 0.03125 0.296875 0.0455726550925926 0.3059898449074074 0.0598960949074074 0.3190101574074074 0.06640625 0.3359375 0.0572914050925926 0.3463539074074074 0.046875 0.37109375 0.03515625 0.3645835949074074 0.0234375 0.3450523449074074 0.02994765509259259 0.33203125 0.03645859490740741 0.3216148449074074 0.03385390509259259 0.3151039074074074 0.0234375 0.32421875 0.0026039074074074076 0.3125 0.0026039074074074076 0.2760414074074074 0 0.2669273449074074 0
0 0.2578125 0.3125 0.24609375 0.3190101574074074 0.21875 0.3515625 0.2109375 0.375 0.1940101550925926 0.3919273449074074 0.1940101550925926 0.3971351574074074 0.2447914074074074 0.3932289074074074 0.30859375 0.3919273449074074 0.3567710949074074 0.3776039074074074 0.3619789074074074 0.3763023449074074 0.3645835949074074 0.36328125 0.3502601574074074 0.35546875 0.32421875 0.34765625 0.2760414074074074 0.3229164074074074 0.2578125 0.3125
3 0 0.3971351574074074 0.1783851550925926 0.3893226574074074 0.1927085949074074 0.3684898449074074 0.2135414074074074 0.3190101574074074 0.2252601574074074 0.30078125 0.234375 0.2916664074074074 0.265625 0.3033851574074074 0.3229164074074074 0.31640625 0.3450523449074074 0.3229164074074074 0.32421875 0.28125 0.2591148449074074 0.2278648449074074 0.2278648449074074 0.16796875 0.2109375 0.1822914050925926 0.1966148449074074 0.1875 0.1809898449074074 0.1653648449074074 0.19921875 0.1549476550925926 0.20703125 0.140625 0.1901039050925926 0.12109375 0.1627601550925926 0.11588515509259259 0.09114609490740741 0.12369765509259259 0.01953125 0.1471351574074074 0.009114844907407407 0.1575523449074074 0.006510157407407407 0.16015625 0 0.2057289074074074 0 0.2434898449074074 0 0.3971351574074074
1 0.2135414074074074 0.1484375 0.2096351574074074 0.1458335949074074 0.1861976550925926 0.1588539050925926 0.1979164050925926 0.1783851550925926 0.2252601574074074 0.1627601550925926 0.2135414074074074 0.1484375
1 0.02864609490740741 0.11588515509259259 0.0234375 0.08723984490740741 0 0.10026015509259259 0.0013023449074074074 0.10807265509259259 0.005208594907407407 0.1263023449074074 0.02864609490740741 0.11588515509259259
3 0 0 0 0.09375 0.006510157407407407 0.08723984490740741 0.013021094907407407 0.08723984490740741 0.0234375 0.08203125 0.02864609490740741 0.09375 0.06770859490740741 0.07421875 0.08203125 0.06640625 0.09505234490740741 0.07682265509259259 0.10546875 0.08072890509259259 0.11588515509259259 0.08333359490740741 0.1315101550925926 0.078125 0.1341148449074074 0.0546875 0.1328125 0.03255234490740741 0.1315101550925926 0.02083359490740741 0.11848984490740741 0 0 0
1 0.8645835949074074 0.8802085949074074 0.8541664074074075 0.8723960949074074 0.8541664074074075 0.8697914074074075 0.8502601574074075 0.8671875 0.85546875 0.8828125 0.8603465208333333 0.8866064305555555 0.8645835949074074 0.8802085949074074
1 0.8603465208333333 0.8866064305555555 0.8568226550925926 0.8919273449074074 0.8671875 0.8919273449074074 0.8603465208333333 0.8866064305555555
0 0.6836460949074074 0.6888023449074074 0.7148960949074074 0.7174476550925926 0.7409374999999999 0.7408851550925926 0.7539585949074074 0.7473960949074074 0.7552601550925926 0.7200523449074074 0.7552601550925926 0.7018226550925926 0.7357289050925926 0.6861976550925926 0.7331249999999999 0.671875 0.7292187499999999 0.64453125 0.7161976550925926 0.6497398449074074 0.7148960949074074 0.6536460949074074 0.7122914050925926 0.66015625 0.7122914050925926 0.6705726550925926 0.7096874999999999 0.6888023449074074 0.7057812499999999 0.6875 0.6927601550925926 0.66796875 0.6771351550925926 0.6419273449074074 0.6602085949074074 0.6276039050925926 0.6432812499999999 0.609375 0.6315624999999999 0.5950523449074074 0.6185414050925926 0.578125 0.613807074074074 0.573390261574074 0.6081249999999999 0.5755210949074074 0.6016148449074074 0.57421875 0.6276562499999999 0.6015625 0.6641148449074074 0.65625 0.6719273449074074 0.6653648449074074 0.6836460949074074 0.6888023449074074
3 0.7682812499999999 0 0.7005726550925926 0.0013023449074074074 0.6758335949074074 0.0026039074074074076 0.6081249999999999 0.010416407407407409 0.5508335949074075 0.010416407407407409 0.53390625 0.0013023449074074074 0.55734375 0.03515625 0.5859898449074075 0.09895859490740741 0.6003124999999999 0.1484375 0.6042187499999999 0.1901039050925926 0.5964062499999999 0.2057289074074074 0.5677601574074074 0.2265625 0.5365101574074074 0.2317710949074074 0.49744765740740743 0.2552085949074074 0.4596875 0.2903648449074074 0.45447890740740743 0.2942710949074074 0.44666640740740743 0.2994789074074074 0.43104140740740743 0.3020835949074074 0.4297398449074074 0.3190101574074074 0.451875 0.3489585949074074 0.4753125 0.40625 0.49744765740740743 0.37890625 0.5117710949074075 0.3736976574074074 0.5234898449074075 0.39453125 0.5273960949074075 0.41015625 0.5469273449074075 0.4505210949074074 0.5469273449074075 0.4752601550925926 0.58078125 0.41796875 0.5703648449074075 0.3932289074074074 0.5352085949074075 0.3671875 0.48963515740740743 0.33203125 0.4844273449074074 0.3098960949074074 0.49354140740740743 0.2825523449074074 0.53 0.28515625 0.5664585949074075 0.30078125 0.6315624999999999 0.2916664074074074 0.7839062499999999 0 0.7773960949074074 0 0.7682812499999999 0
3 0.22010390740740743 0.0598960949074074 0.26828124999999997 0.11458359490740741 0.3164585949074074 0.16796875 0.33729140740740743 0.2109375 0.3711460949074074 0.2630210949074074 0.389375 0.2825523449074074 0.41671875 0.2994789074074074 0.41932265740740743 0.2955726574074074 0.420625 0.29296875 0.4219273449074074 0.27734375 0.389375 0.265625 0.36984375 0.2330726574074074 0.3555210949074074 0.20703125 0.3438023449074074 0.16796875 0.3503125 0.14453125 0.36203125 0.11328125 0.3711460949074074 0.09244765509259259 0.37244765740740743 0.06770859490740741 0.37224169907407406 0.06461798842592593 0.29432265740740743 0.0598960949074074 0.27999999999999997 0.0234375 0.25135390740740743 0 0.21359375 0.006510157407407407 0.18364609490740744 0.0078125 0.18625 0.02213515509259259 0.22010390740740743 0.0598960949074074
3 0.6107289050925926 0.45703125 0.6224476550925926 0.4778648449074074 0.6315624999999999 0.4986976550925926 0.6237499999999999 0.5247398449074074 0.6120312499999999 0.5390625 0.6380726550925926 0.5494789050925926 0.6836460949074074 0.5638023449074074 0.7057812499999999 0.57421875 0.7917187499999999 0.5859375 0.8333851550925926 0.5924476550925926 0.8451039050925926 0.5885414050925926 0.8685414050925926 0.5768226550925926 0.8711460949074074 0.5598960949074074 0.8737499999999999 0.5338539050925926 0.8945835949074074 0.4908851550925926 0.9076039074074074 0.4674476550925926 0.9089062499999999 0.4583335949074074 0.9297398449074074 0.4466148449074074 0.9349476574074074 0.4479164050925926 0.99921875 0.4401039050925926 0.9922398449074074 0.4283851550925926 0.8971874999999999 0.4453125 0.8268749999999999 0.44140625 0.8021351550925926 0.44140625 0.7214062499999999 0.4270835949074074 0.6823437499999999 0.4192710949074074 0.6523960949074074 0.421875 0.6471874999999999 0.41796875 0.6380726550925926 0.41796875 0.6042187499999999 0.4205726550925926 0.6042187499999999 0.4375 0.6107289050925926 0.45703125
3 0.9935414074074074 0.9140625 0.99921875 0.8880210949074074 0.99921875 0.859375 0.99921875 0.8463539074074075 0.99921875 0.8098960949074074 0.99921875 0.7877601550925926 0.9948437499999999 0.76953125 0.9844273449074074 0.75390625 0.9831249999999999 0.7526039050925926 0.9466664074074074 0.7356773449074074 0.9323437499999999 0.7317710949074074 0.9284374999999999 0.74609375 0.9271351574074074 0.7604164050925926 0.9492710949074074 0.7786460949074074 0.9622914074074074 0.7916664050925926 0.9740101574074074 0.8294273449074074 0.9688023449074074 0.8463539074074075 0.9622914074074074 0.86328125 0.9453648449074074 0.8802085949074074 0.9323437499999999 0.8815101574074075 0.9167187499999999 0.875 0.8828648449074074 0.8580726574074075 0.8932812499999999 0.8190101574074075 0.9076039074074074 0.8033851574074075 0.9115101574074074 0.7786460949074074 0.8867710949074074 0.7395835949074074 0.8724476550925926 0.7317710949074074 0.8503124999999999 0.734375 0.8164585949074074 0.75390625 0.8086460949074074 0.7578125 0.7604687499999999 0.7682289050925926 0.8112499999999999 0.7942710949074074 0.8255726550925926 0.8125 0.8451039050925926 0.8450523449074074 0.8568226550925926 0.8854164074074075 0.8659374999999999 0.9114585949074074 0.9049999999999999 0.9401039074074075 0.9102085949074074 0.9622398449074074 0.9206249999999999 0.9596351574074075 0.9310414074074074 0.9557289074074075 0.9596874999999999 0.953125 0.9792187499999999 0.9466148449074074 0.9935414074074074 0.9283851574074075 0.9935414074074074 0.9140625
3 0.8073437499999999 0.72265625 0.8047398449074074 0.6979164050925926 0.7982289050925926 0.6692710949074074 0.7982289050925926 0.6588539050925926 0.7917187499999999 0.6458335949074074 0.7839062499999999 0.65234375 0.7813023449074074 0.6588539050925926 0.7773960949074074 0.6848960949074074 0.7747914050925926 0.7018226550925926 0.7708851550925926 0.72265625 0.7669789050925926 0.74609375 0.7669789050925926 0.7513023449074074 0.7682812499999999 0.7565101550925926 0.7839062499999999 0.75 0.7969273449074074 0.7421875 0.8086460949074074 0.7421875 0.8073437499999999 0.72265625
3 0.4570835949074074 0.9557289074074075 0.44666640740740743 0.9609375 0.44796875 0.9661460949074074 0.451875 0.9934898449074074 0.4531773449074074 0.99921875 0.45447890740740743 0.99921875 0.5391148449074075 0.9973960949074074 0.56515625 0.9986976574074075 0.5755726574074074 0.9869789074074075 0.58078125 0.9635414074074075 0.5755726574074074 0.9361976574074075 0.5742710949074075 0.9205726574074075 0.53 0.9466148449074074 0.49875 0.9505210949074074 0.4570835949074074 0.9557289074074075
3 0.6484898449074074 0.87890625 0.6797398449074074 0.8815101574074075 0.7057812499999999 0.875 0.7396351550925926 0.8515625 0.7188023449074074 0.82421875 0.7096874999999999 0.8125 0.6862499999999999 0.796875 0.6810414050925926 0.7942710949074074 0.6771351550925926 0.8255210949074074 0.6732289050925926 0.8411460949074074 0.6341664050925926 0.8255210949074074 0.6120312499999999 0.8203125 0.6055210949074074 0.8177085949074074 0.5951039050925926 0.8059898449074074 0.5925 0.78515625 0.6302601550925926 0.76171875 0.6576039050925926 0.7552085949074074 0.6576039050925926 0.7447914050925926 0.6419789050925926 0.73046875 0.6302601550925926 0.7096351550925926 0.6159374999999999 0.6927085949074074 0.6042187499999999 0.6940101550925926 0.6055210949074074 0.6861976550925926 0.5820835949074075 0.7057289050925926 0.50265625 0.75390625 0.49354140740740743 0.76171875 0.49354140740740743 0.7682289050925926 0.49354140740740743 0.76953125 0.47140625 0.7890625 0.4570835949074074 0.8177085949074074 0.45057265740740743 0.8411460949074074 0.44796875 0.85546875 0.5052601574074074 0.8619789074074075 0.53390625 0.8776039074074075 0.5130726574074074 0.8815101574074075 0.5039585949074075 0.8997398449074074 0.49744765740740743 0.9153648449074074 0.46229140740740743 0.9296875 0.5065625 0.9205726574074075 0.5365101574074074 0.9075523449074074 0.5872914074074074 0.8854164074074075 0.6159374999999999 0.88671875 0.6484898449074074 0.87890625
0 0.545625 0.6666664050925926 0.53390625 0.6744789050925926 0.53390625 0.68359375 0.5430210949074075 0.7005210949074074 0.5521351574074074 0.7044273449074074 0.5560414074074074 0.7109375 0.5820835949074075 0.6888023449074074 0.5925 0.6809898449074074 0.5964062499999999 0.6705726550925926 0.576875 0.64453125 0.57296875 0.6393226550925926 0.5677601574074074 0.6419273449074074 0.5560414074074074 0.6497398449074074 0.5508335949074075 0.6588539050925926 0.545625 0.6666664050925926
3 0.8398960949074074 0.6041664050925926 0.8333851550925926 0.6236976550925926 0.8333851550925926 0.6328125 0.8359898449074074 0.6497398449074074 0.8398960949074074 0.6549476550925926 0.8477085949074074 0.6627601550925926 0.8568226550925926 0.66796875 0.8607289050925926 0.6536460949074074 0.8685414050925926 0.6276039050925926 0.8711460949074074 0.6145835949074074 0.8724476550925926 0.6015625 0.8724476550925926 0.59765625 0.8737499999999999 0.5924476550925926 0.8698437499999999 0.5911460949074074 0.8724476550925926 0.5833335949074074 0.8633335949074074 0.5872398449074074 0.8555210949074074 0.5911460949074074 0.8464062499999999 0.5989585949074074 0.8398960949074074 0.6041664050925926
3 0.9102085949074074 0.7578125 0.9128124999999999 0.765625 0.9102085949074074 0.7838539050925926 0.9102085949074074 0.7955726550925926 0.9245312499999999 0.79296875 0.9531773449074074 0.7799476550925926 0.9375523449074074 0.76953125 0.9297398449074074 0.7434898449074074 0.9271351574074074 0.73828125 0.9258335949074074 0.7291664050925926 0.9219273449074074 0.7291664050925926 0.9076039074074074 0.734375 0.8789585949074074 0.73828125 0.9102085949074074 0.7578125
3 0.9271351574074074 0.7942710949074074 0.8997914050925926 0.8033851574074075 0.8919789050925926 0.8372398449074074 0.8893749999999999 0.8528648449074074 0.8971874999999999 0.86328125 0.9258335949074074 0.875 0.9401562499999999 0.8802085949074074 0.9492710949074074 0.8763023449074074 0.9635937499999999 0.859375 0.9740101574074074 0.8294273449074074 0.9661976574074074 0.7903648449074074 0.9609898449074074 0.7955726550925926 0.9596874999999999 0.8111976574074075 0.9635937499999999 0.8294273449074074 0.9622914074074074 0.8502601574074075 0.9388539074074074 0.86328125 0.9128124999999999 0.8619789074074075 0.9102085949074074 0.8411460949074074 0.9102085949074074 0.8268226574074075 0.9128124999999999 0.80859375 0.9193226574074074 0.8177085949074074 0.9466664074074074 0.8072914074074075 0.9557812499999999 0.8046875 0.9557812499999999 0.7903648449074074 0.9271351574074074 0.7942710949074074
1 0.6263023449074074 0.9947914074074075 0.6002601550925926 0.98828125 0.6183601365740741 0.9970465601851851 0.625 0.9973960949074074 0.6263023449074074 0.9947914074074075
1 0.6197914050925926 0.9986976574074075 0.6184898449074074 0.9971093750000001 0.6183601365740741 0.9970465601851851 0.6002601550925926 0.99609375 0.5807289050925926 0.99921875 0.5833335949074074 0.99921875 0.6015625 0.99921875 0.6080726550925926 0.9986976574074075 0.6197914050925926 0.9986976574074075
1 0.73046875 0.9697656250000001 0.7083335949074074 0.9697656250000001 0.703125 0.9840882824074074 0.7018226550925926 0.9879945324074074 0.7239585949074074 0.9879945324074074 0.73046875 0.9697656250000001
1 0.8255210949074074 0.9736718750000001 0.8111976574074075 0.9606507824074074 0.796875 0.9801820324074074 0.7981773449074074 0.9814843750000001 0.8177085949074074 0.9945054699074075 0.8255210949074074 0.9736718750000001
1 0.6692710949074074 0.9124742199074075 0.6744789050925926 0.9254945324074074 0.6822914050925926 0.9176820324074074 0.6692710949074074 0.9124742199074075
1 0.6744789050925926 0.9359117199074075 0.6627601550925926 0.9346093750000001 0.6497398449074074 0.9645570324074074 0.6627601550925926 0.9593492199074075 0.6744789050925926 0.9359117199074075
0 0.7109375 0.9085679699074075 0.7044273449074074 0.9150781250000001 0.69921875 0.9176820324074074 0.6783851550925926 0.9333070324074074 0.671875 0.9489320324074074 0.6731773449074074 0.9580468750000001 0.6940101550925926 0.9645570324074074 0.7161460949074074 0.9606507824074074 0.7369789050925926 0.9697656250000001 0.7408851550925926 0.9762757824074074 0.75 0.9697656250000001 0.7395835949074074 0.9450257824074074 0.73828125 0.9267968750000001 0.7330726550925926 0.9033593750000001 0.7330726550925926 0.9046617199074075 0.7239585949074074 0.9033593750000001 0.71875 0.9046617199074075 0.7109375 0.9085679699074075
3 0.7630210949074074 0.9280992199074075 0.7630210949074074 0.9398179699074075 0.7591148449074074 0.9580468750000001 0.76171875 0.9723695324074074 0.7473960949074074 0.9827867199074075 0.7447914050925926 0.9866929699074075 0.7591148449074074 0.9905992199074075 0.77734375 0.9892968750000001 0.7942710949074074 0.9892968750000001 0.7890625 0.9775781250000001 0.7877601550925926 0.9606507824074074 0.8020835949074074 0.9463281250000001 0.80859375 0.9463281250000001 0.8125 0.9567445324074074 0.8190101574074075 0.9645570324074074 0.8268226574074075 0.9801820324074074 0.8424476574074075 0.9905992199074075 0.8489585949074074 0.9736718750000001 0.8385414074074075 0.9489320324074074 0.8229164074074075 0.9294007824074074 0.7955726550925926 0.9098695324074074 0.7747398449074074 0.8825257824074074 0.7682289050925926 0.8851304699074075 0.7604164050925926 0.8929429699074075 0.7591148449074074 0.9020570324074074 0.7630210949074074 0.9280992199074075