2 0.7513023449074074 0.2473960949074074 0.8033851574074075 0.2200523449074074 0.8033851574074075 0.203125 0.8658851574074075 0.2005210949074074 0.8841148449074074 0.2200523449074074 0.9361976574074075 0.203125 0.9388023449074074 0.1419273449074074 0.9088539074074075 0.09765625 0.9479164074074075 0.07291640509259259 0.94921875 0.05078125 0.99921875 0.0026039074074074076 0.94921875 0 0.8190101574074075 0.0533851550925926 0.6171875 0.1796875 0.5651039050925926 0.234375 0.5638023449074074 0.2356773449074074 0.6809898449074074 0.3046875 0.6783851550925926 0.2408851574074074 0.73046875 0.23046875 0.7513023449074074 0.2473960949074074
1 0.7552085949074074 0.2447914074074074 0.8958335949074074 0.23828125 0.8958335949074074 0.21875 0.8684898449074074 0.2083335949074074 0.8072914074074075 0.2109375 0.76953125 0.2421875 0.7356773449074074 0.23828125 0.7356773449074074 0.2578125 0.7213539050925926 0.2591148449074074 0.7200523449074074 0.2408851574074074 0.6822914050925926 0.24609375 0.6861976550925926 0.265625 0.6861976550925926 0.2903648449074074 0.6875 0.28515625 0.6861976550925926 0.2981773449074074 0.7591148449074074 0.2903648449074074 0.7578125 0.2565101574074074 0.7552085949074074 0.2447914074074074
1 0.2578125 0.3697914074074074 0.2447914074074074 0.3697914074074074 0.2044273449074074 0.3958335949074074 0.2669273449074074 0.4479164050925926 0.43359375 0.2682289074074074 0.2200523449074074 0.00390625 0.1783851550925926 0.0390625 0.1770835949074074 0.046875 0.3502601574074074 0.2669273449074074 0.2578125 0.3697914074074074
1 0 0 0 0.02213515509259259 0.0026039074074074076 0.02604140509259259 0.018228905092592593 0.0390625 0 0.09765625 0 0.1822914050925926 0.02994765509259259 0.1979164050925926 0.10677109490740741 0 0 0
1 0.390625 0 0.5182289050925926 0.1653648449074074 0.5481773449074074 0.17578125 0.875 0 0.7356773449074074 0.0013023449074074074 0.7057289050925926 0 0.6875 0.009114844907407407 0.6888023449074074 0.02213515509259259 0.6575523449074074 0.0455726550925926 0.625 0.01953125 0.6315101550925926 0.009114844907407407 0.5677085949074074 0 0.609375 0.06901015509259259 0.546875 0.10286484490740741 0.4518226550925926 0 0.390625 0
1 0.5377601550925926 0.5989585949074074 0.4466148449074074 0.67578125 0.4934898449074074 0.7265625 0.6341148449074074 0.609375 0.4283851550925926 0.34765625 0.4205726550925926 0.3489585949074074 0.30078125 0.4947914050925926 0.3411460949074074 0.5364585949074074 0.3424476574074074 0.5286460949074074 0.4283851550925926 0.453125 0.5377601550925926 0.5989585949074074
1 0.6080726550925926 0.6653648449074074 0.51171875 0.75 0.53515625 0.7942710949074074 0.5377601550925926 0.7903648449074074 0.5950523449074074 0.7395835949074074 0.6041664050925926 0.75 0.6432289050925926 0.7135414050925926 0.6080726550925926 0.6653648449074074
1 0.6953125 0.8815101574074075 0.6953125 0.8723960949074074 0.7838539050925926 0.80078125 0.75 0.75390625 0.65234375 0.82421875 0.6953125 0.8815101574074075
1 0.06994765740740741 0.30335937500000004 0.23661484490740742 0.36976562500000004 0.2652601574074074 0.32289062500000004 0.08687500000000001 0.2551820300925926 0.07023882175925926 0.30152633333333334 0.0725523449074074 0.3007554699074074 0.06994765740740741 0.30335937500000004
1 0.1558851574074074 0.276015625 0.26265625 0.3163804699074074 0.2847914074074074 0.272109375 0.2821875 0.268203125 0.16239609490740742 0.244765625 0.1558851574074074 0.276015625
1 0.2769789074074074 0.518203125 0.09468750000000001 0.7226304699074073 0.10250000000000001 0.733046875 0.1480726574074074 0.760390625 0.15067734490740742 0.7629945324074073 0.32515625 0.5585679699074074 0.2769789074074074 0.518203125
1 0.12463515740740741 0.865859375 0.08296875000000001 0.8333070324074073 0.024374999999999997 0.9036195324074073 0.11031250000000001 0.9804429699074073 0.1363539074074074 0.9465882824074073 0.12984375 0.9426820324074073 0.09859375000000001 0.8984117199074073 0.12463515740740741 0.865859375
1 0.10250000000000001 0.7747132824074073 0.1676039074074074 0.838515625 0.19234375 0.8098695324074073 0.13765625 0.756484375 0.10751475694444446 0.7709521759259259 0.10250000000000001 0.7747132824074073
1 0.6272398449074074 0.9413804699074073 0.55953125 0.9960679699074073 0.5738539074074074 0.99921875 0.6415624999999999 0.99921875 0.7014585949074074 0.936171875 0.6103124999999999 0.8215882824074073 0.5413023449074074 0.8280992199074073 0.5230726574074074 0.8476304699074073 0.461875 0.9231507824074073 0.5035414074074074 0.9648179699074073 0.55953125 0.901015625 0.5634375 0.8945054699074073 0.5855726574074074 0.881484375 0.6272398449074074 0.9413804699074073
1 0.3958658287037037 0.9991806203703704 0.50390625 0.99609375 0.44140625 0.9453125 0.3958658287037037 0.9991806203703704
1 0.78515625 0.8958335949074074 0.7721351550925926 0.8828125 0.7682289050925926 0.9283851574074075 0.7434898449074074 0.9192710949074074 0.703125 0.99921875 0.8059898449074074 0.99921875 0.8033851574074075 0.99609375 0.84375 0.91015625 0.8658851574074075 0.8216148449074074 0.8033851574074075 0.8033851574074075 0.78515625 0.8958335949074074
1 0.35440078009259257 0.7447914050925926 0.4129945324074074 0.6809898449074074 0.32705703009259257 0.5755210949074074 0.29971328009259257 0.6184898449074074 0.3609117175925926 0.6953125 0.343984375 0.7096351550925926 0.35440078009259257 0.7447914050925926
1 0.2411195324074074 0.85546875 0.28669296990740745 0.7942710949074074 0.308828125 0.7916664050925926 0.33877578009259257 0.7578125 0.2684632824074074 0.68359375 0.258046875 0.6640625 0.22679687499999998 0.68359375 0.23610664583333332 0.7115230625000001 0.2645570324074074 0.7473960949074074 0.2552584768518519 0.7371674884259258 0.261953125 0.74609375 0.21638046990740742 0.796875 0.1942445324074074 0.7981773449074074 0.20075546990740742 0.8138023449074074 0.2411195324074074 0.85546875
1 0.20205703009259257 0.8997398449074074 0.21768203009259257 0.90625 0.2840882824074074 0.96875 0.3179429675925926 0.9231773449074074 0.26716171990740745 0.87890625 0.1981507824074074 0.8229164074074075 0.17731796990740742 0.85546875 0.18513046990740742 0.85546875 0.21768203009259257 0.87890625 0.20205703009259257 0.8997398449074074
1 0.496328125 0.7942710949074074 0.4129945324074074 0.7161460949074074 0.4116929675925926 0.7174476550925926 0.359609375 0.7760414050925926 0.363515625 0.7734375 0.4364320324074074 0.8645835949074074 0.496328125 0.7942710949074074
1 0.3179429675925926 0.9205726574074075 0.37393203009259257 0.9609375 0.3765367175925926 0.9557289074074075 0.4169007824074074 0.8997398449074074 0.3882554675925926 0.8684898449074074 0.35049453009259257 0.8606773449074074 0.3179429675925926 0.9205726574074075
1 0.390859375 0.84375 0.35830703009259257 0.8203125 0.312734375 0.8255210949074074 0.312734375 0.8333335949074074 0.312734375 0.8502601574074075 0.390859375 0.84375
1 0.021067969907407405 0.99921875 0.019765625000000002 0.9817710949074074 0.0029207592592592592 0.9717840185185186 0.004140625 0.9973960949074074 0.021067969907407405 0.99921875
1 0.140625 0.4192710949074074 0.1328125 0.40451406250000005 0.09895859490740741 0.394096875 0.08072890509259259 0.41579843749999995 0.06336796990740741 0.3932289074074074 0.03819453240740741 0.4166664050925926 0.04774296759259259 0.4366320324074074 0.0008679699074074074 0.47829843749999995 0.0051301481481481484 0.48000300231481485 0.0026317013888888887 0.506648099537037 0.0251734375 0.5338539050925926 0.0486109375 0.5407984375 0.050346875 0.519965625 0.11805546990740741 0.4600695324074074 0.10850703240740742 0.4522570324074074 0.140625 0.4192710949074074
1 0.10329843749999999 0.36545156250000005 0.105903125 0.362846875 0.120659375 0.331596875 0.081596875 0.309028125 0.0572914050925926 0.34548593749999995 0.10329843749999999 0.36545156250000005
1 0.00390625 0.21484375 0 0.287109375 0.0009765625 0.28515625 0.037109375 0.28515625 0.03515625 0.2841796875 0.05859375 0.23046875 0.00390625 0.21484375
1 0 0.384765625 0.01171875 0.400390625 0.0263671875 0.3232421875 0.005859375 0.314453125 0 0.384765625
1 0.109375 0.5146484375 0.06640625 0.548828125 0.048828125 0.56640625 0.05078125 0.578125 0 0.646484375 0.0009765625 0.744140625 0.0009765625 0.74609375 0.12109375 0.607421875 0.076171875 0.5673828125 0.1220703125 0.5322265625 0.109375 0.5146484375
3 0.8916015625 0.765625 0.48828125 0.2880859375 0.4462890625 0.3154296875 0.439453125 0.3203125 0.8466796875 0.80859375 0.8916015625 0.765625
3 0.9892578125 0.7216796875 0.5908203125 0.263671875 0.556640625 0.283203125 0.5517578125 0.2861328125 0.9609375 0.7626953125 0.9892578125 0.7216796875
0 0.9401039074074075 0.203125 0.90625 0.22265625 0.9075523449074074 0.2421875 0.7643226550925926 0.2565101574074074 0.7669273449074074 0.2981773449074074 0.6875 0.30859375 0.6809898449074074 0.3190101574074074 0.6119789050925926 0.2669273449074074 0.60546875 0.2721351574074074 0.8736976574074075 0.5833335949074074 0.9934898449074074 0.5130210949074074 0.99609375 0.013021094907407407 0.9557289074074075 0.0546875 0.9596351574074075 0.07552109490740741 0.921875 0.10026015509259259 0.9205726574074075 0.10416640509259259 0.9440101574074075 0.1393226574074074 0.9401039074074075 0.203125
1 0.99921875 0.5286460949074074 0.9989585949074075 0.5234375 0.9169273449074075 0.5677085949074074 0.946875 0.6315101550925926 0.99921875 0.5950523449074074 0.99921875 0.5286460949074074
1 0.9911460949074075 0.671875 0.9885414074074075 0.6705726550925926 0.9885414074074075 0.7330726550925926 0.99921875 0.73046875 0.99921875 0.6731773449074074 0.9911460949074075 0.671875
0 0.9846351574074075 0.6666664050925926 0.9963539074074075 0.6666664050925926 0.99921875 0.6106773449074074 0.9651039074074075 0.6328125 0.9481773449074075 0.64453125 0.9130210949074075 0.5638023449074074 0.87265625 0.5833335949074074 0.9716148449074075 0.6927085949074074 0.9859375 0.6796875 0.9846351574074075 0.6666664050925926
2 0.99921875 0.99921875 0.9989585949074075 0.9192710949074074 0.9442710949074075 0.8658851574074075 0.8609375 0.9127601574074075 0.8339740902777778 0.9962188425925925 0.99921875 0.99921875
3 0.51328125 0.171875 0.384375 0.0013023449074074074 0.3205953888888889 0.00002649074074074074 0.4859375 0.1927085949074074 0.51328125 0.171875
3 0.228125 0 0.4208335949074074 0.2421875 0.4416664074074074 0.2265625 0.27630234259259256 0 0.23203125 0 0.228125 0
0 0.1643226574074074 0.23046875 0.2932289074074074 0.2486976574074074 0.2932289074074074 0.2682289074074074 0.27109374999999997 0.3046875 0.26458359259259256 0.3502601574074074 0.3440101574074074 0.2643226574074074 0.1682289074074074 0.03645859490740741 0.21640625 0.0026039074074074076 0.11744765740740741 0 0.0471351574074074 0.1888023449074074 0.053646094907407404 0.1979164050925926 0.15 0.234375 0.1643226574074074 0.23046875
0 0.2138023425925926 0.3763023449074074 0.1265625 0.33984375 0.11354140740740741 0.3932289074074074 0.15260390509259258 0.4244789050925926 0.11744765740740741 0.44921875 0.11484375 0.5 0.1721351574074074 0.56640625 0.2619789074074074 0.46484375 0.1916664074074074 0.40625 0.2138023425925926 0.3763023449074074
3 0.12526015740740742 0.60546875 0.1591148449074074 0.56640625 0.11744765740740741 0.5286460949074074 0.07708359490740742 0.5807289050925926 0.12526015740740742 0.60546875
0 0.540625 0.6028648449074074 0.41953125 0.4674476550925926 0.3470268912037037 0.5565920671296296 0.43125 0.6796875 0.540625 0.6028648449074074
0 0.61875 0.82421875 0.6565101574074075 0.82421875 0.6708335949074075 0.7864585949074074 0.7020835949074075 0.7721351550925926 0.6591148449074075 0.7161460949074074 0.6005210949074075 0.7643226550925926 0.59140625 0.7486976550925926 0.53671875 0.7916664050925926 0.5432289074074075 0.7994789050925926 0.5341148449074075 0.7981773449074074 0.5419273449074075 0.8229164074074075 0.61875 0.82421875
0 0.7294273449074075 0.9166664074074075 0.7658851574074075 0.9166664074074075 0.7828125 0.8932289074074075 0.79453125 0.8216148449074074 0.77109375 0.8151039074074075 0.7020835949074075 0.8854164074074075 0.7294273449074075 0.9166664074074075
0 0.4625 0.009114844907407407 0.4690101574074074 0.014322655092592593 0.5640625 0.10026015509259259 0.6005210949074075 0.0533851550925926 0.5640625 0 0.5640625 0.0026039074074074076 0.5067710949074075 0.0013023449074074074 0.4625 0.009114844907407407
0 0.5614585949074075 0.99921875 0.6213539074074075 0.9283851574074075 0.5848960949074075 0.8854164074074075 0.5588539074074075 0.9036460949074074 0.509375 0.9700523449074074 0.5158851574074075 0.9752601574074075 0.5145835949074075 0.9752601574074075 0.5614585949074075 0.99921875
0 0.13046875 0.8125 0.09401015740740741 0.83203125 0.13828125 0.86328125 0.10963515740740741 0.9036460949074074 0.1473960949074074 0.9557289074074075 0.11484375 0.98828125 0.1356773449074074 0.99921875 0.2463539074074074 0.99921875 0.2337982800925926 0.9976327430555556 0.2736976574074074 0.9817710949074074 0.2614188333333333 0.9954822407407408 0.27890624999999997 0.98828125 0.27890624999999997 0.9869789074074075 0.2815101574074074 0.9856773449074074 0.2216148425925926 0.9192710949074074 0.1708335949074074 0.8723960949074074 0.1734375 0.8411460949074074 0.13046875 0.8125
0 0.6549476550925926 0.6263023449074074 0.6080726550925926 0.6588539050925926 0.70703125 0.765625 0.7552085949074074 0.7408851550925926 0.6549476550925926 0.6263023449074074
0 0.9973960949074074 0.9114585949074074 0.99921875 0.7486976550925926 0.96875 0.7669273449074074 0.9388023449074074 0.75 0.9010414074074075 0.7747398449074074 0.8736976574074075 0.8294273449074074 0.8541664074074075 0.8932289074074075 0.87109375 0.8984375 0.9440101574074075 0.8580726574074075 0.9973960949074074 0.9114585949074074
0 0 0.91796875 0.0013023449074074074 0.9153648449074074 0.07682265509259259 0.82421875 0.09244765509259259 0.8307289074074075 0.12369765509259259 0.80859375 0.09765625 0.7747398449074074 0.1171875 0.7565101550925926 0.09375 0.7330726550925926 0 0.8489585949074074 0 0.91796875
0 0.35546875 0.6940101550925926 0.2955726574074074 0.6171875 0.26538187037037037 0.6498939328703704 0.2799476574074074 0.6770835949074074 0.2734375 0.6901039050925926 0.3359375 0.75390625 0.3463539074074074 0.7434898449074074 0.33984375 0.7174476550925926 0.35546875 0.6940101550925926
0 0.19140625 0.7981773449074074 0.2083335949074074 0.7799476550925926 0.2161460949074074 0.7942710949074074 0.25390625 0.7473960949074074 0.2395835949074074 0.7317710949074074 0.2200523449074074 0.6979164050925926 0.16015625 0.7669273449074074 0.1627601550925926 0.7721351550925926 0.1627601550925926 0.76953125 0.19140625 0.7981773449074074
0 0 0.6328125 0.0481773449074074 0.5611976550925926 0 0.5403648449074074 0 0.6223960949074074 0 0.6328125