1 0.2786460949074074 0.3697914074074074 0.2591148449074074 0.3268226574074074 0.0442710949074074 0.4114585949074074 0.0455726550925926 0.4166664050925926 0.05859375 0.4479164050925926 0.2786460949074074 0.3697914074074074
1 0.4010414050925926 0.421875 0.3815101574074074 0.3841148449074074 0.07552109490740741 0.5091148449074074 0.078125 0.5169273449074074 0.08723984490740741 0.5533851550925926 0.4010414050925926 0.421875
1 0.4361976550925926 0.51171875 0.41796875 0.4700523449074074 0.2708335949074074 0.5299476550925926 0.2708335949074074 0.53515625 0.2838539074074074 0.5703125 0.4361976550925926 0.51171875
1 0.4609375 0.59375 0.4322914050925926 0.5481773449074074 0.40234375 0.5611976550925926 0.40234375 0.5690101550925926 0.421875 0.61328125 0.4609375 0.59375
1 0.4635414050925926 0.6341148449074074 0.37890625 0.67578125 0.39453125 0.7161460949074074 0.3971351574074074 0.71484375 0.48828125 0.6770835949074074 0.4635414050925926 0.6341148449074074
1 0.1315101550925926 0.7838539050925926 0.1354164050925926 0.7864585949074074 0.27734375 0.73046875 0.2447914074074074 0.640625 0.09505234490740741 0.6966148449074074 0.1315101550925926 0.7838539050925926
1 0.5221351550925926 0.7734375 0.5013023449074074 0.73046875 0.359375 0.7942710949074074 0.3619789074074074 0.80078125 0.3763023449074074 0.8307289074074075 0.5221351550925926 0.7734375
1 0.33984375 0.8450523449074074 0.32421875 0.80078125 0.1783851550925926 0.8580726574074075 0.1783851550925926 0.86328125 0.1901039050925926 0.90625 0.33984375 0.8450523449074074
1 0.2434898449074074 0.9986976574074075 0.3828125 0.9505210949074074 0.3619789074074074 0.9075523449074074 0.2161460949074074 0.9661460949074074 0.2174476574074074 0.9661460949074074 0.2317710949074074 0.99921875 0.2434898449074074 0.9986976574074075
1 0.5638023449074074 0.875 0.5442710949074074 0.83203125 0.4479164050925926 0.8723960949074074 0.4466148449074074 0.8776039074074075 0.4622398449074074 0.9166664074074075 0.5638023449074074 0.875
1 0.07682265509259259 0.2200523449074074 0.0026039074074074076 0.2278648449074074 0 0.2825523449074074 0.0859375 0.2721351574074074 0.07682265509259259 0.2200523449074074
1 0.34765625 0.2486976574074074 0.3138023449074074 0.15625 0.2734375 0.1692710949074074 0.2708335949074074 0.17578125 0.3033851574074074 0.2604164074074074 0.34765625 0.2486976574074074
1 0.75 0.83984375 0.6692710949074074 0.6458335949074074 0.63671875 0.66015625 0.6354164050925926 0.6692710949074074 0.7083335949074074 0.8645835949074074 0.75 0.83984375
1 0.8255210949074074 0.828125 0.73828125 0.6171875 0.703125 0.6315101550925926 0.69921875 0.640625 0.78125 0.8359375 0.8255210949074074 0.828125
1 0.89453125 0.7903648449074074 0.80859375 0.5833335949074074 0.7643226550925926 0.6015625 0.7669273449074074 0.6067710949074074 0.8528648449074074 0.80859375 0.89453125 0.7903648449074074
1 0.8033851574074075 0.99921875 0.9661460949074074 0.9505210949074074 0.93359375 0.8893226574074075 0.7356773449074074 0.9752601574074075 0.7317710949074074 0.98046875 0.7421875 0.99921875 0.8033851574074075 0.99921875
1 0.9895835949074074 0.15625 0.9791664074074075 0.1015625 0.7721351550925926 0.1966148449074074 0.7734375 0.203125 0.7877601550925926 0.2447914074074074 0.9895835949074074 0.15625
1 0.7942710949074074 0.5611976550925926 0.7734375 0.5169273449074074 0.5716148449074074 0.5989585949074074 0.57421875 0.6028648449074074 0.58984375 0.6419273449074074 0.7942710949074074 0.5611976550925926
1 0.7578125 0.4661460949074074 0.73828125 0.4114585949074074 0.53515625 0.49609375 0.53125 0.4973960949074074 0.5494789050925926 0.5546875 0.7578125 0.4661460949074074
1 0.7278648449074074 0.3932289074074074 0.7135414050925926 0.3372398449074074 0.5065101550925926 0.421875 0.4973960949074074 0.40234375 0.5247398449074074 0.4752601550925926 0.7278648449074074 0.3932289074074074
1 0.6875 0.28515625 0.6614585949074074 0.234375 0.46462289814814817 0.3232685648148148 0.4830726550925926 0.3736976574074074 0.6875 0.28515625
1 0.49609375 0.9700523449074074 0.453125 0.99921875 0.4557289050925926 0.99921875 0.5182289050925926 0.9973960949074074 0.49609375 0.9700523449074074
1 0.6145835949074074 0.9122914074074074 0.6471351550925926 0.9747914074074074 0.6927085949074074 0.94875 0.6953125 0.9461460949074074 0.6692710949074074 0.8927601574074074 0.6145835949074074 0.9122914074074074
1 0.7721351550925926 0.8875523449074074 0.7890625 0.9279164074074074 0.9296875 0.8719273449074074 0.91015625 0.82375 0.7721351550925926 0.8875523449074074
1 0.99921875 0.2169789074074074 0.8138023449074074 0.2872914074074074 0.8372398449074074 0.34588515740740744 0.99921875 0.2690625 0.99921875 0.2169789074074074
1 0.7473960949074074 0.2599476574074074 0.7270114189814815 0.2688660949074074 0.7630210949074074 0.3719273449074074 0.8138023449074074 0.3484898449074074 0.7734375 0.27296875 0.77734375 0.2690625 0.75390625 0.2820835949074074 0.7473960949074074 0.2599476574074074
1 0.86328125 0.42140625000000004 0.99921875 0.36151015740740744 0.9986976574074075 0.30291640740740744 0.83984375 0.36932265740740744 0.86328125 0.42140625000000004
1 0.9973960949074074 0.42401015509259254 0.9947914074074075 0.4188023449074074 0.8255210949074074 0.5021351550925925 0.8372398449074074 0.54640625 0.9986976574074075 0.47218750000000004 0.9973960949074074 0.42401015509259254
1 0.9918162152777777 0.5212941157407408 0.9973960949074074 0.5138539050925925 0.85546875 0.5763539050925925 0.8684898449074074 0.6219273449074074 0.9973960949074074 0.5685414050925925 0.9947914074074075 0.5190625 0.9918162152777777 0.5212941157407408
1 0.99921875 0.6427601574074074 0.9973960949074074 0.6115101574074074 0.99921875 0.6414585949074074 0.99921875 0.605 0.8932289074074075 0.6505726574074074 0.8919273449074074 0.6531773449074074 0.8932289074074075 0.68703125 0.99921875 0.6427601574074074
1 0.99609375 0.6844273449074074 0.9934898449074074 0.6805210949074074 0.9153648449074074 0.7156773449074074 0.9283851574074075 0.76515625 0.9986976574074075 0.74171875 0.99609375 0.6844273449074074
1 0.9934898449074074 0.7911976574074074 0.9921875 0.7859898449074074 0.953125 0.8094273449074074 0.9661460949074074 0.855 0.9973960949074074 0.8341664074074074 0.9934898449074074 0.7911976574074074
1 0.99609375 0.8654164074074074 0.9830726574074075 0.8732289074074074 0.9973960949074074 0.9279164074074074 0.9986976574074075 0.8680210949074074 0.99609375 0.8654164074074074
1 0.1354164050925926 0.9578648449074074 0.0234375 0.9943226574074074 0.1640625 0.99921875 0.16796875 0.99921875 0.1354164050925926 0.9578648449074074
1 0 0.5607289050925925 0.02864609490740741 0.5568226550925925 0.03515625 0.5568226550925925 0.005208594907407407 0.42140625000000004 0 0.4148960949074074 0 0.5607289050925925
1 0.16796875 0.2677601574074074 0.1744789050925926 0.2521351574074074 0.1627601550925926 0.2091664074074074 0.11588515509259259 0.2130726574074074 0.11458359490740741 0.2130726574074074 0.1263023449074074 0.27296875 0.16796875 0.2677601574074074
1 0.25 0.17921875 0.1979164050925926 0.1922398449074074 0.1953125 0.2560414074074074 0.2604164074074074 0.2313023449074074 0.25 0.17921875
1 0.6380210949074074 0.2169789074074074 0.6158851550925926 0.1857289074074074 0.5683614722222222 0.21199213194444444 0.5794273449074074 0.2378125 0.6380210949074074 0.2169789074074074
1 0.453125 0.1909375 0.41796875 0.19875 0.4348960949074074 0.26515625 0.4700523449074074 0.2560414074074074 0.453125 0.1909375
1 0.47265625 0.2508335949074074 0.4661460949074074 0.25734375 0.4674476550925926 0.26125 0.4752601550925926 0.2794789074074074 0.53125 0.2625523449074074 0.51953125 0.2234898449074074 0.47265625 0.2508335949074074
1 0.10286484490740741 0.08723984490740741 0.09765625 0.10677109490740741 0.07942734490740741 0.09244765509259259 0.0611976550925926 0.0859375 0.0029113796296296296 0.09100616898148148 0.0078125 0.1510414050925926 0.0533851550925926 0.1588539050925926 0.09895859490740741 0.140625 0.17578125 0.1341148449074074 0.1627601550925926 0.078125 0.10286484490740741 0.08723984490740741
1 0.39453125 0.06901015509259259 0.3776039074074074 0.009114844907407407 0.2786460949074074 0.03645859490740741 0.27734375 0.0546875 0.2395835949074074 0.06510390509259259 0.234375 0.05078125 0.1809898449074074 0.06770859490740741 0.1861976550925926 0.0703125 0.20703125 0.12369765509259259 0.39453125 0.06901015509259259
1 0.9986976574074075 0.006510157407407407 0.9908851574074075 0 0.9584718564814815 0.004986949074074074 0.9700523449074074 0.02604140509259259 0.9986976574074075 0.006510157407407407
1 0.99921875 0.03515625 0.9778648449074074 0.0390625 0.9986976574074075 0.07421875 0.9934898449074074 0.03645859490740741 0.99921875 0.03515625
1 0.9596351574074075 0.07291640509259259 0.93359375 0.014322655092592593 0.90234375 0.02213515509259259 0.9010414074074075 0.02994765509259259 0.9283851574074075 0.09505234490740741 0.9596351574074075 0.07291640509259259
1 0.9088539074074075 0.10546875 0.89453125 0.07161484490740741 0.8385414074074075 0.0859375 0.8384375 0.09635390509259259 0.84234375 0.1263023449074074 0.9088539074074075 0.10546875
1 0.705625 0.1171875 0.6691664074074074 0.03385390509259259 0.5650000000000001 0.06380234490740741 0.5676039074074074 0.07161484490740741 0.6092710925925926 0.1588539050925926 0.705625 0.1171875
1 0.8176039050925925 0.13671875 0.8045835925925926 0.10677109490740741 0.74078125 0.1328125 0.7459898425925926 0.13671875 0.7577085925925926 0.1640625 0.8176039050925925 0.13671875
1 0.7785414074074074 0.0859375 0.768125 0.0598960949074074 0.7446875 0.07552109490740741 0.7420835925925926 0.08203125 0.7525 0.09635390509259259 0.7785414074074074 0.0859375
1 0.7004164074074074 0.02083359490740741 0.7121351574074074 0.0520835949074074 0.7772398425925926 0.02734375 0.7616148425925926 0 0.7004164074074074 0.02083359490740741
1 0.47645859490740744 0.11458359490740741 0.4165625 0.1354164050925926 0.4321875 0.171875 0.43088515740740746 0.1731773449074074 0.49078125 0.1484375 0.47645859490740744 0.11458359490740741
1 0.5116148449074074 0.13671875 0.48427109490740744 0.1575523449074074 0.5064062500000001 0.2018226574074074 0.5051039074074074 0.2044273449074074 0.5402601574074074 0.1809898449074074 0.5116148449074074 0.13671875
1 0.5506773449074074 0.13671875 0.5467710949074074 0.140625 0.5363539074074074 0.15234375 0.5532812500000001 0.1875 0.5636976574074074 0.1940101550925926 0.5793226574074074 0.1861976550925926 0.5506773449074074 0.13671875
1 0.8683851550925925 0.0481773449074074 0.8592710925925926 0.02604140509259259 0.8319273425925926 0.03515625 0.8254164050925925 0.03125 0.8371351550925925 0.0611976550925926 0.8683851550925925 0.0481773449074074
1 0.7910631342592593 0.005111259259259259 0.7980726574074074 0.02213515509259259 0.8332289050925925 0 0.7910631342592593 0.005111259259259259
1 0.5441664074074074 0.11458359490740741 0.5337500000000001 0.09375 0.5233335949074074 0.1015625 0.5207289074074074 0.10677109490740741 0.5285414074074074 0.12369765509259259 0.5441664074074074 0.11458359490740741
3 0.0897398449074074 0.6692710949074074 0.1613539050925926 0.625 0.2303648449074074 0.625 0.2928648449074074 0.60546875 0.2655210949074074 0.5364585949074074 0 0.6276039050925926 0.005103907407407408 0.8815101574074075 0.06630234490740741 0.8463539074074075 0.0754164074074074 0.8580726574074075 0.1483335925925926 0.8216148449074074 0.1457289050925926 0.8203125 0.0936460949074074 0.7291664050925926 0.0897398449074074 0.6692710949074074
3 0.25640625 0.6328125 0.2590101574074074 0.6458335949074074 0.28765625 0.7200523449074074 0.31630234490740744 0.72265625 0.32932265740740746 0.74609375 0.39703125 0.7200523449074074 0.38140625 0.6653648449074074 0.42307265740740746 0.6380210949074074 0.41916640740740746 0.61328125 0.38401015740740746 0.546875 0.29677109490740744 0.5729164050925926 0.30458359490740744 0.5989585949074074 0.30588515740740746 0.6028648449074074 0.29677109490740744 0.61328125 0.25640625 0.6328125
3 0.0858335949074074 0.3450523449074074 0.2303648449074074 0.30078125 0.2264585949074074 0.2604164074074074 0.1847914050925926 0.2669273449074074 0.13140625 0.2877601574074074 0.1040625 0.21875 0.0871351574074074 0.2213539074074074 0.09625 0.296875 0.03505234490740741 0.3177085949074074 0.03114609490740741 0.32421875 0.05197890740740741 0.3671875 0.0858335949074074 0.3450523449074074
3 0.2850523449074074 0.375 0.37880234490740744 0.33984375 0.37098984490740744 0.328125 0.34755234490740744 0.3059898449074074 0.2694273449074074 0.33203125 0.27203125 0.3346351574074074 0.27203125 0.359375 0.2850523449074074 0.375
3 0.3696875 0 0.39572890740740746 0.06380234490740741 0.5350523449074074 0.014322655092592593 0.5194273449074074 0 0.3696875 0
3 0.26421875 0.015625 0.35145859490740744 0.009114844907407407 0.0025 0.0026039074074074076 0.0011976574074074073 0.0026039074074074076 0.0025 0.08854140509259259 0.1665625 0.07161484490740741 0.2082289074074074 0.0416664050925926 0.26421875 0.015625
3 0.35796875 0.8893226574074075 0.36838515740740746 0.890625 0.393125 0.95703125 0.46083359490740744 0.9270835949074074 0.43479140740740746 0.8619789074074075 0.35796875 0.8893226574074075
0 0.143125 0.9583335949074074 0.12489609259259259 0.89453125 0 0.9244789074074075 0.0025 0.93359375 0.009010155092592592 0.9947914074074075 0.143125 0.9583335949074074
0 0.7147398425925926 0.8802085949074074 0.6275 0.69140625 0.6209898425925926 0.69921875 0.5337500000000001 0.74609375 0.5350523449074074 0.7486976550925926 0.5975523425925926 0.9114585949074074 0.7147398425925926 0.8802085949074074
3 0.62609375 0.858046875 0.5909375 0.7786195324074073 0.5727085949074074 0.7864320324074073 0.5688023449074074 0.7890367199074073 0.6117710949074074 0.877578125 0.62609375 0.858046875
3 0.6208851574074075 0.705703125 0.5961460949074074 0.725234375 0.5974476574074075 0.729140625 0.6664585949074074 0.8059632824074073 0.6208851574074075 0.705703125
3 0.8747914074074075 0.46611953240740744 0.864375 0.44007812500000004 0.84484375 0.38018203240740744 0.78234375 0.40101562500000004 0.7810414074074075 0.40361953240740744 0.8305210949074074 0.4882554699074074 0.8747914074074075 0.46611953240740744
0 0.99921875 0.4023179699074074 0.98546875 0.37367187500000004 0.9828648449074074 0.37367187500000004 0.8669789074074075 0.4335679699074074 0.8708851574074075 0.43617187500000004 0.8904164074074075 0.46351562500000004 0.99921875 0.4023179699074074
0 0.7940625 0.256484375 0.8005726574074075 0.2551820300925926 0.8161976574074075 0.2825257800925926 0.99921875 0.20440078009259258 0.98546875 0.1653382824074074 0.7940625 0.256484375
0 0.6911976574074075 0.2551820300925926 0.7680210949074074 0.213515625 0.75109375 0.1887757824074074 0.67296875 0.22002578009259258 0.67296875 0.221328125 0.6677601574074075 0.236953125 0.6911976574074075 0.2551820300925926
3 0.7680210949074074 0.22783828009259258 0.76671875 0.225234375 0.7250523449074074 0.24606796759259258 0.7576039074074075 0.2616929675925926 0.7797398449074074 0.2512757800925926 0.7680210949074074 0.22783828009259258
0 0.30057265509259257 0.2864320300925926 0.2523960949074074 0.2890367175925926 0.2523960949074074 0.2903382800925926 0.2615101574074074 0.32289062500000004 0.3669789074074074 0.291640625 0.3552601574074074 0.2734117175925926 0.30057265509259257 0.2864320300925926
0 0.1977085949074074 0.9218492199074073 0.208125 0.9661195324074073 0.34875 0.9114320324074073 0.3422398449074074 0.8671617199074073 0.1977085949074074 0.9218492199074073
0 0.4398960949074074 0.846328125 0.45291640509259257 0.8749742199074073 0.5427601550925926 0.8294007824074073 0.52453125 0.7825257824074073 0.3669789074074074 0.8489320324074073 0.36828125 0.8515367199074073 0.3721875 0.877578125 0.4398960949074074 0.846328125
0 0.71203125 0.9426820324074073 0.7328648449074074 0.963515625 0.7914585949074074 0.9348695324074073 0.75890625 0.869765625 0.7484898449074074 0.8723695324074073 0.6911976574074075 0.9114320324074073 0.71203125 0.9426820324074073
3 0.5063023449074074 0.41143203240740744 0.54796875 0.40492187500000004 0.6938023449074074 0.32940078240740744 0.68078125 0.2968492199074074 0.6781773449074074 0.2942445300925926 0.4906773449074074 0.3788804699074074 0.5063023449074074 0.41143203240740744
3 0.6273960949074074 0.1679429699074074 0.6234898449074074 0.1757554699074074 0.6534375 0.21611953009259258 0.73546875 0.1796617199074074 0.7112542268518518 0.1381511064814815 0.6273960949074074 0.1679429699074074
0 0.4750523449074074 0.240859375 0.50890625 0.21872421759259258 0.48416640509259257 0.162734375 0.47635390509259257 0.166640625 0.46072890509259257 0.170546875 0.46203125 0.1679429699074074 0.4477085949074074 0.182265625 0.4750523449074074 0.240859375