1 0.31640625 0.7018226550925926 0.34765625 0.6263023449074074 0.2408851574074074 0.58984375 0.1770835949074074 0.7565101550925926 0.4791664050925926 0.8736976574074075 0.5377601550925926 0.7122398449074074 0.3606773449074074 0.6302085949074074 0.3294273449074074 0.7135414050925926 0.31640625 0.7018226550925926
1 0.9075523449074074 0.625 0.88671875 0.6744789050925926 0.87109375 0.6588539050925926 0.8854164074074075 0.62109375 0.859375 0.6197914050925926 0.8307289074074075 0.59765625 0.7369789050925926 0.5625 0.7174476550925926 0.6263023449074074 0.7018226550925926 0.6497398449074074 0.6822914050925926 0.63671875 0.6901039050925926 0.6380210949074074 0.7330726550925926 0.5611976550925926 0.65625 0.5286460949074074 0.6627601550925926 0.52734375 0.65234375 0.5234375 0.5911460949074074 0.67578125 0.8997398449074074 0.80859375 0.9635414074074075 0.6380210949074074 0.9075523449074074 0.625
1 0.99921875 0.44921875 0.7265625 0.3346351574074074 0.6640625 0.48828125 0.97265625 0.6197914050925926 0.99921875 0.53515625 0.99921875 0.44921875
1 0.6041664050925926 0.07421875 0.5455726550925926 0.2239585949074074 0.6940101550925926 0.2916664074074074 0.76171875 0.140625 0.6041664050925926 0.07421875
1 0.7877601550925926 0.1614585949074074 0.734375 0.3177085949074074 0.99921875 0.4114585949074074 0.99921875 0.23046875 0.7877601550925926 0.1614585949074074
1 0.3151039074074074 0.4088539050925926 0.2578125 0.5520835949074074 0.5546875 0.6770835949074074 0.6197914050925926 0.51171875 0.3151039074074074 0.4088539050925926
1 0 0.4466148449074074 0.22265625 0.5455726550925926 0.2786460949074074 0.390625 0.015625 0.2721351574074074 0 0.2682289074074074 0 0.4466148449074074
1 0.4036460949074074 0.2057289074074074 0.3372398449074074 0.36328125 0.6328125 0.4817710949074074 0.68359375 0.3203125 0.4036460949074074 0.2057289074074074
1 0.34765625 0.1888023449074074 0.06640625 0.07682265509259259 0.0403648449074074 0.08072890509259259 0.0026039074074074076 0.1705726550925926 0 0.2252601574074074 0.2942710949074074 0.359375 0.34765625 0.1888023449074074
1 0.9164686041666668 0.001284537037037037 0.99921875 0.02994765509259259 0.99609375 0 0.9164686041666668 0.001284537037037037
1 0.06510390509259259 0 0.04296875 0.0442710949074074 0.2161460949074074 0.10026015509259259 0.2356773449074074 0.0403648449074074 0.2044273449074074 0.02864609490740741 0.19140625 0.0494789050925926 0.2057289074074074 0 0.06510390509259259 0
1 0.42578125 0.9231773449074074 0.1549476550925926 0.81640625 0.08723984490740741 0.9921875 0.3111976574074074 0.99921875 0.3893226574074074 0.99921875 0.42578125 0.9231773449074074
1 0 0.99921875 0.02734375 0.99921875 0.09375 0.875 0.0533851550925926 0.8528648449074074 0.0481773449074074 0.8684898449074074 0 0.8450523449074074 0 0.99921875
1 0.8763023449074074 0.8385414074074075 0.5833335949074074 0.7161460949074074 0.51953125 0.8736976574074075 0.8307289074074075 0.9973960949074074 0.8763023449074074 0.8385414074074075
1 0.9973960949074074 0.99921875 0.99921875 0.6953125 0.9934898449074074 0.6875 0.9817710949074074 0.6796875 0.8671875 0.9817710949074074 0.8828125 0.99609375 0.9973960949074074 0.99921875
1 0.1705726550925926 0.6471351550925926 0.1640625 0.63671875 0.2005210949074074 0.5611976550925926 0.00390625 0.4895835949074074 0 0.68359375 0.14453125 0.7421875 0.1705726550925926 0.6471351550925926
4 0.7734375 0.0013023449074074074 0.5052085949074074 0.0026039074074074076 0.7421875 0.09375 0.7734375 0.0013023449074074074
0 0.2161460949074074 0 0.2135414074074074 0.02473984490740741 0.2434898449074074 0.03645859490740741 0.2161460949074074 0.1015625 0.5338539050925926 0.2369789074074074 0.6236976550925926 0.0481773449074074 0.62109375 0.046875 0.4973960949074074 0 0.2473960949074074 0 0.2161460949074074 0
0 0.99921875 0.07552109490740741 0.8489585949074074 0.015625 0.80078125 0.1354164050925926 0.99921875 0.19921875 0.99921875 0.07552109490740741
0 0.08072890509259259 0.85546875 0.1171875 0.8893226574074075 0.1614585949074074 0.8125 0 0.7421875 0.0013023449074074074 0.8424476574074075 0.01953125 0.8489585949074074 0.08072890509259259 0.85546875
0 0.4544273449074074 0.9427085949074074 0.4296875 0.9947914074074075 0.5377601550925926 0.99921875 0.5494789050925926 0.9713539074074075 0.4544273449074074 0.9427085949074074
3 0.86328125 0.11197890509259259 0.8307289074074075 0.09375 0.82421875 0.1276039050925926 0.984375 0.1940101550925926 0.98828125 0.171875 0.86328125 0.11197890509259259
3 0.99609375 0.10546875 0.9934898449074074 0.08333359490740741 0.8645835949074074 0.02734375 0.8528648449074074 0.06380234490740741 0.88671875 0.0703125 0.8997398449074074 0.06901015509259259 0.99609375 0.10546875