1 0.7890625 0.3346351574074074 0.76953125 0.1315101550925926 0.7044273449074074 0.1419273449074074 0.7005210949074074 0.1471351574074074 0.7096351550925926 0.3294273449074074 0.7890625 0.3346351574074074
1 0.7200523449074074 0.3802085949074074 0.7252601550925926 0.3828125 0.76953125 0.5611976550925926 0.8515625 0.5377601550925926 0.8059898449074074 0.3567710949074074 0.7200523449074074 0.3802085949074074
1 0.8450523449074074 0.1341148449074074 0.99921875 0.1536460949074074 0.99921875 0.07552109490740741 0.8033851574074075 0.0546875 0.8059898449074074 0.0611976550925926 0.8125 0.1263023449074074 0.8450523449074074 0.1341148449074074
1 0.55078125 0.3229164074074074 0.6067710949074074 0.1979164050925926 0.5690101550925926 0.1809898449074074 0.5729164050925926 0.1731773449074074 0.5078125 0.2981773449074074 0.55078125 0.3229164074074074
1 0.7018226550925926 0.48046875 0.61328125 0.3619789074074074 0.5768226550925926 0.3893226574074074 0.578125 0.3893226574074074 0.6653648449074074 0.5143226550925926 0.7018226550925926 0.48046875
1 0.8307289074074075 0.5807289050925926 0.8307289074074075 0.5911460949074074 0.796875 0.6106773449074074 0.8541664074074075 0.6875 0.8893226574074075 0.6588539050925926 0.8307289074074075 0.5807289050925926
1 0.8841148449074074 0.640625 0.8997398449074074 0.6588539050925926 0.9765625 0.60546875 0.9479164074074075 0.55859375 0.8841148449074074 0.5963539050925926 0.8841148449074074 0.60546875 0.8997398449074074 0.62890625 0.8841148449074074 0.640625
1 0.7354164050925925 0.77734375 0.65859375 0.6614585949074074 0.6260414050925925 0.69140625 0.6234375 0.6953125 0.6989585949074074 0.8125 0.7354164050925925 0.77734375
1 0.99921875 0.9153648449074074 0.8578125 0.69921875 0.8238081481481481 0.7256665787037037 0.9736976574074073 0.9479164074074075 0.99921875 0.9153648449074074
1 0.9984375 0.44140625 0.9971351574074073 0.4440101550925926 0.9528648425925925 0.4817710949074074 0.9697914074074073 0.515625 0.9984375 0.4778648449074074 0.9984375 0.44140625
1 0.5244789074074073 0.5364585949074074 0.58828125 0.4921875 0.5296875 0.3971351574074074 0.5348960949074074 0.3919273449074074 0.46067734490740736 0.4557289050925926 0.5244789074074073 0.5364585949074074
1 0.6338539050925925 0.59375 0.5778648449074074 0.5221351550925926 0.5348053726851852 0.5575959421296296 0.5895835949074074 0.6302085949074074 0.6338539050925925 0.59375
1 0.6859375 0.5690101550925926 0.6546875 0.515625 0.6247398449074074 0.5377601550925926 0.6247398449074074 0.5455726550925926 0.6611976550925925 0.5872398449074074 0.6859375 0.5690101550925926
1 0.5557289074074073 0.828125 0.54921875 0.7122398449074074 0.4971351574074074 0.7161460949074074 0.49453125 0.7213539050925926 0.5075523449074074 0.83203125 0.5557289074074073 0.828125
1 0.5596351574074073 0.84375 0.5583335949074074 0.8463539074074075 0.584375 0.8932289074074075 0.6638023449074074 0.8333335949074074 0.6403648449074074 0.7877601550925926 0.5596351574074073 0.84375
1 0.62734375 0.93359375 0.6130210949074074 0.9401039074074075 0.59609375 0.9270835949074074 0.5505210949074074 0.9661460949074074 0.5440101574074073 0.9817710949074074 0.6377601550925925 0.9596351574074075 0.6403648449074074 0.9817710949074074 0.5348960949074074 0.99921875 0.6625 0.99921875 0.709375 0.9973960949074074 0.7106773449074074 0.9921875 0.7236976550925925 0.9830726574074075 0.75625 0.99921875 0.8096351574074073 0.9986976574074075 0.7848960949074074 0.9635414074074075 0.6885414050925925 0.8528648449074074 0.6533851550925925 0.8828125 0.646875 0.87890625 0.6234375 0.9010414074074075 0.62734375 0.93359375
1 0 0.984375 0.0375 0.9466148449074074 0.00625 0.9192710949074074 0 0.9270835949074074 0 0.9817710949074074 0 0.984375
1 0.14427109490740742 0.94140625 0.18723984490740742 0.88671875 0.053125 0.7708335949074074 0.00625 0.8229164074074075 0.14427109490740742 0.94140625
1 0.07786484490740742 0.5052085949074074 0.1234375 0.5690101550925926 0.23411484490740742 0.4778648449074074 0.1846351574074074 0.4166664050925926 0.07786484490740742 0.5052085949074074
1 0.30703125 0.5924476550925926 0.3109375 0.50390625 0.240625 0.5 0.22239609490740742 0.5221351550925926 0.2119789074074074 0.5859375 0.30703125 0.5924476550925926
1 0.3408851574074074 0.3828125 0.303125 0.3346351574074074 0.24223311111111112 0.3773892175925926 0.28619765740740744 0.4427085949074074 0.3408851574074074 0.3828125
1 0.5192710949074074 0.1875 0.5010414074074073 0.1627601550925926 0.3591148425925926 0.2890625 0.35390625 0.3072914074074074 0.365625 0.3216148449074074 0.3864585925925926 0.3125 0.396875 0.3372398449074074 0.3916664074074074 0.34765625 0.4776039074074074 0.2565101574074074 0.4932289074074074 0.2122398449074074 0.49453125 0.21875 0.5192710949074074 0.1875
1 0.16640625 0.2565101574074074 0.17942734490740742 0.2734375 0.1572914074074074 0.2916664074074074 0.1416664074074074 0.27734375 0.10260390740740741 0.3125 0.10651015740740741 0.3125 0.1416664074074074 0.3723960949074074 0.25625000000000003 0.26953125 0.2080726574074074 0.21484375 0.16640625 0.2565101574074074
1 0 0.3580726574074074 0.0036460949074074074 0.3763023449074074 0.05182265740740741 0.4453125 0.05442734490740741 0.4401039050925926 0.12083359490740742 0.3932289074074074 0.04270859490740741 0.3203125 0.06223984490740741 0.3072914074074074 0.03489609490740741 0.28125 0.0036460949074074074 0.3072914074074074 0.007552344907407408 0.3346351574074074 0 0.3567710949074074 0 0.3580726574074074
1 0.35 0.1341148449074074 0.3747398425925926 0.11197890509259259 0.3291664074074074 0.0403648449074074 0.2080726574074074 0.1354164050925926 0.2015625 0.1380210949074074 0.26406250000000003 0.2278648449074074 0.31875 0.1770835949074074 0.3565101574074074 0.1497398449074074 0.35 0.1341148449074074
1 0.14427109490740742 0.03125 0.1455726574074074 0.0377601550925926 0.178125 0.016927344907407407 0.22109375 0.0703125 0.2888023449074074 0.02213515509259259 0.27838515740740744 0.0013023449074074074 0.10651015740740741 0 0.1078125 0.010416407407407409 0.13125 0.0377601550925926 0.14427109490740742 0.03125
1 0.4932289074074074 0.0546875 0.4541664074074074 0.015625 0.40078125 0.0533851550925926 0.42942734490740736 0.09244765509259259 0.4619789074074074 0.06901015509259259 0.48020859490740736 0.07421875 0.4932289074074074 0.0546875
1 0.4619789074074074 0.00390625 0.5075523449074074 0.0559898449074074 0.5609375 0.0078125 0.51015625 0 0.4619789074074074 0.00390625
1 0.37704028472222223 0.001104011574074074 0.40078125 0.02734375 0.43333359490740736 0 0.37704028472222223 0.001104011574074074
1 0 0.2682289074074074 0.13125 0.1536460949074074 0.08958359490740742 0.1015625 0 0.1744789050925926 0 0.1783851550925926 0 0.2682289074074074
2 0.99921875 0.32421875 0.8161460925925925 0.125 0.7783851550925925 0.1510414050925926 0.7731773449074074 0.1588539050925926 0.99921875 0.4674476550925926 0.99921875 0.32421875
2 0.22890625 0.6653648449074074 0.3669273425925926 0.6549476550925926 0.3447914074074074 0.6015625 0.3682289074074074 0.5598960949074074 0.36953125 0.4908851550925926 0.3122398425925926 0.5078125 0.3330726574074074 0.58984375 0.209375 0.60546875 0.21067734490740742 0.5325523449074074 0.27447890740740744 0.46484375 0.24583359490740742 0.4544273449074074 0.2002601574074074 0.5065101550925926 0.1546875 0.5572914050925926 0.11302109490740742 0.6471351550925926 0.07526015740740741 0.6328125 0.10520859490740742 0.5846351550925926 0.05572890740740741 0.5286460949074074 0.0012258402777777777 0.5846772893518518 0.01015625 0.6497398449074074 0.05572890740740741 0.67578125 0.11302109490740742 0.6796875 0.1299476574074074 0.7005210949074074 0.21067734490740742 0.7161460949074074 0.22890625 0.6653648449074074
2 0.4190101550925926 0.7239585949074074 0.41380234490740736 0.79296875 0.3408851574074074 0.8346351574074075 0.3408851574074074 0.8684898449074074 0.3578125 0.875 0.40078125 0.859375 0.4203125 0.8645835949074074 0.4463539050925926 0.8645835949074074 0.46328125 0.87890625 0.4671875 0.9049476574074075 0.4671875 0.91796875 0.4828125 0.9361976574074075 0.5127601574074073 0.9322914074074075 0.521875 0.890625 0.49973984490740736 0.8450523449074074 0.48671875 0.7981773449074074 0.48411484490740736 0.7643226550925926 0.48671875 0.7369789050925926 0.5114585949074074 0.6979164050925926 0.5583335949074074 0.7096351550925926 0.5713539074074073 0.66015625 0.5192710949074074 0.6432289050925926 0.4619789074074074 0.7096351550925926 0.4190101550925926 0.7239585949074074
3 0 0.1588539050925926 0.008853907407407408 0.1471351574074074 0.047916405092592596 0.11588515509259259 0.05833359490740741 0.11067734490740741 0.06614609490740742 0.10416640509259259 0.07135390740740741 0.09244765509259259 0.0609375 0.06640625 0.05442734490740741 0.0390625 0.04140625 0.016927344907407407 0.03359375 0 0.012760155092592594 0.0013023449074074074 0.00234375 0.0026039074074074076 0.0010414050925925925 0.02734375 0 0.06640625 0 0.10286484490740741 0 0.1432289074074074 0 0.1497398449074074 0 0.1588539050925926
3 0.6091148449074074 0.6497398449074074 0.63515625 0.640625 0.68203125 0.6184898449074074 0.6989585949074074 0.6171875 0.7106773449074074 0.6263023449074074 0.7119789050925925 0.65234375 0.6807289050925925 0.67578125 0.6950523449074074 0.67578125 0.7145835949074074 0.7265625 0.7354164050925925 0.7513023449074074 0.7549476550925925 0.7864585949074074 0.725 0.8046875 0.7197914050925925 0.8111976574074075 0.7432289050925925 0.8294273449074074 0.7692710949074074 0.8658851574074075 0.7901039050925925 0.8984375 0.8057289074074073 0.9231773449074074 0.8252601574074073 0.94140625 0.8252601574074073 0.9322914074074075 0.8213539074074073 0.90625 0.8161460925925925 0.8984375 0.85390625 0.8919273449074074 0.8825523425925925 0.8841148449074074 0.8955726574074073 0.8958335949074074 0.9216148425925925 0.921875 0.9372398425925925 0.9453125 0.9736976574074073 0.9791664074074075 0.9828125 0.9947914074074075 0.99453125 0.98828125 0.99921875 0.98046875 0.9984375 0.94140625 0.99921875 0.9388023449074074 0.9841148425925925 0.953125 0.95546875 0.9505210949074074 0.93984375 0.9205726574074075 0.90859375 0.8450523449074074 0.8434898425925925 0.7877601550925926 0.8239585925925925 0.7278648449074074 0.7875 0.6822914050925926 0.76796875 0.6549476550925926 0.7575523449074074 0.6341148449074074 0.740625 0.6002601550925926 0.7028648449074074 0.5716148449074074 0.6807289050925925 0.578125 0.6768226550925925 0.5963539050925926 0.615625 0.6236976550925926 0.6013023449074074 0.6302085949074074 0.6026039050925925 0.6393226550925926 0.6091148449074074 0.6419273449074074 0.6091148449074074 0.6497398449074074
0 0.9111976574074073 0.9140625 0.8903648425925925 0.9010414074074075 0.8591148425925925 0.8984375 0.8278648425925925 0.8997398449074074 0.82265625 0.9231773449074074 0.8239585925925925 0.953125 0.8213539074074073 0.96875 0.8213539074074073 0.9739585949074074 0.8578125 0.99921875 0.8864585925925925 0.99921875 0.9359375 0.99921875 0.97109375 0.99921875 0.9802085925925925 0.9947914074074075 0.97109375 0.9869789074074075 0.9541664074074073 0.97265625 0.9229164074074073 0.9348960949074074 0.9111976574074073 0.9140625
3 0.8604164074074073 0.6770835949074074 0.9138023425925925 0.6940101550925926 0.9333335925925925 0.7213539050925926 0.9515625 0.7513023449074074 0.9854164074074073 0.8111976574074075 0.98671875 0.8138023449074074 0.9984375 0.8346351574074075 0.9971351574074073 0.7877601550925926 0.99921875 0.74609375 0.99921875 0.69140625 0.99921875 0.6432289050925926 0.99921875 0.6197914050925926 0.99921875 0.61328125 0.9958335925925925 0.6015625 0.98671875 0.6106773449074074 0.9684898425925925 0.6380210949074074 0.9385414074074073 0.6549476550925926 0.8604164074074073 0.6770835949074074
3 0.65875 0 0.6418226574074074 0.018228905092592593 0.63921875 0.03385390509259259 0.6248960925925926 0.0611976550925926 0.5506773449074074 0.11979140509259259 0.5051039074074074 0.15625 0.5220312500000001 0.1653648449074074 0.5311460949074074 0.17578125 0.5181250000000001 0.1979164050925926 0.5077085949074074 0.21875 0.5142187500000001 0.2265625 0.5155210949074074 0.23046875 0.574749675925926 0.16896214583333333 0.611875 0.1770835949074074 0.6483335925925926 0.1901039050925926 0.6717710925925926 0.2239585949074074 0.6717710925925926 0.2317710949074074 0.67046875 0.2317710949074074 0.6092710925925926 0.24609375 0.5871351574074074 0.27734375 0.5702085949074074 0.3111976574074074 0.5884375000000001 0.3190101574074074 0.6066664074074074 0.30859375 0.6196875 0.3190101574074074 0.6301039074074074 0.3216148449074074 0.6418226574074074 0.34375 0.6665625 0.39453125 0.6847914074074074 0.41796875 0.705625 0.44921875 0.72515625 0.48828125 0.74078125 0.5013023449074074 0.7733335925925926 0.5611976550925926 0.7694273425925926 0.54296875 0.7577085925925926 0.515625 0.7394789074074074 0.4817710949074074 0.7277601574074074 0.4375 0.7264585925925926 0.4166664050925926 0.72125 0.39453125 0.7043226574074074 0.3776039074074074 0.6886976574074074 0.3411460949074074 0.69 0.3268226574074074 0.6952085925925926 0.2955726574074074 0.6952085925925926 0.2799476574074074 0.6991148425925926 0.26171875 0.705625 0.25390625 0.7121351574074074 0.2408851574074074 0.6952085925925926 0.1953125 0.6926039074074074 0.17578125 0.69 0.15234375 0.6821875 0.13671875 0.6730726574074074 0.1276039050925926 0.6509375 0.1171875 0.6299400509259259 0.1171875 0.7381773425925926 0.09895859490740741 0.7577085925925926 0.1015625 0.7733335925925926 0.10286484490740741 0.78375 0.08203125 0.7889585925925926 0.0520835949074074 0.7824476574074074 0.03255234490740741 0.76421875 0 0.7525 0 0.72515625 0 0.65875 0
0 0.9100523449074074 0.7486976550925926 0.9269789050925925 0.7734375 0.9373960949074074 0.8059898449074074 0.95171875 0.8359375 0.98296875 0.8723960949074074 0.99859375 0.9010414074074075 0.99921875 0.8841148449074074 0.99921875 0.8515625 0.99921875 0.8346351574074075 0.986875 0.7981773449074074 0.95171875 0.7486976550925926 0.9269789050925925 0.71484375 0.9009375 0.6940101550925926 0.8983335925925926 0.6953125 0.8748960925925926 0.69921875 0.8827085925925926 0.7057289050925926 0.8866148425925926 0.71875 0.9100523449074074 0.7486976550925926
0 0.6756773425925926 0.5377601550925926 0.6873960925925926 0.5520835949074074 0.6913023425925926 0.5546875 0.7069273425925926 0.5703125 0.7108335925925926 0.5729164050925926 0.7160414074074074 0.578125 0.7277601574074074 0.5872398449074074 0.74078125 0.6080726550925926 0.7459898425925926 0.6145835949074074 0.76421875 0.6341148449074074 0.7759375 0.6640625 0.78765625 0.6783851550925926 0.8254164050925925 0.6979164050925926 0.8410414050925925 0.6809898449074074 0.8136976550925925 0.6510414050925926 0.7915625 0.5885414050925926 0.77203125 0.5729164050925926 0.7420835925925926 0.5325523449074074 0.7082289074074074 0.4908851550925926 0.7043226574074074 0.4921875 0.6756773425925926 0.5130210949074074 0.6717710925925926 0.5234375 0.6756773425925926 0.5377601550925926
0 0.9569273449074074 0.4765625 0.9699476550925925 0.4583335949074074 0.9686460949074074 0.4270835949074074 0.9321875 0.3776039074074074 0.9061460949074074 0.3450523449074074 0.89703125 0.3359375 0.8384375 0.2682289074074074 0.8136976550925925 0.2356773449074074 0.7941664074074074 0.2096351574074074 0.78375 0.2447914074074074 0.7863539074074074 0.2565101574074074 0.8045835925925926 0.3177085949074074 0.8215101550925925 0.3541664074074074 0.83453125 0.3880210949074074 0.84234375 0.4401039050925926 0.85015625 0.4856773449074074 0.85796875 0.53125 0.8696875 0.5286460949074074 0.8996351550925925 0.51171875 0.92046875 0.4986976550925926 0.9373960949074074 0.4908851550925926 0.9569273449074074 0.4765625
0 0.9920835949074074 0.1640625 0.9699476550925925 0.1536460949074074 0.9256773449074074 0.1510414050925926 0.8527601550925925 0.15234375 0.8631773425925926 0.16015625 0.88140625 0.1861976550925926 0.9230726550925925 0.234375 0.9543226550925925 0.2591148449074074 0.955625 0.25390625 0.96734375 0.2864585949074074 0.99921875 0.3111976574074074 0.99921875 0.26953125 0.99921875 0.23828125 0.99921875 0.1966148449074074 0.9959898449074074 0.1692710949074074 0.9920835949074074 0.1640625
0 0.045468749999999995 0.2369789074074074 0.028541407407407408 0.2721351574074074 0.045468749999999995 0.2734375 0.05588515740740741 0.28515625 0.0780210949074074 0.30859375 0.0975523449074074 0.3177085949074074 0.10536484259259259 0.3151039074074074 0.11447890509259259 0.3020835949074074 0.1353125 0.27734375 0.1457289050925926 0.2721351574074074 0.1691664050925926 0.27734375 0.15875 0.2591148449074074 0.1535414050925926 0.25 0.1991148425925926 0.2278648449074074 0.2082289074074074 0.2252601574074074 0.1952085925925926 0.18359375 0.16265625 0.14453125 0.1483335925925926 0.140625 0.143125 0.14453125 0.08453125 0.1901039050925926 0.045468749999999995 0.2369789074074074
0 0.29677109490740744 0.7317710949074074 0.29807265740740746 0.77734375 0.31369765740740746 0.7734375 0.33713515740740746 0.7994789050925926 0.34364609490740744 0.8020835949074074 0.35145859490740744 0.8098960949074074 0.36447890740740746 0.7942710949074074 0.37489609490740744 0.7721351550925926 0.37880234490740744 0.73828125 0.393125 0.6875 0.34494765740740746 0.6770835949074074 0.32151015740740746 0.6953125 0.30979140740740746 0.7005210949074074 0.2863539074074074 0.71484375 0.29677109490740744 0.7317710949074074
3 0.46083359490740744 0.6927085949074074 0.48036484490740744 0.671875 0.5090101574074074 0.64453125 0.5129164074074074 0.640625 0.5129164074074074 0.6276039050925926 0.5090101574074074 0.6067710949074074 0.5077085949074074 0.60546875 0.5051039074074074 0.59375 0.48557265740740746 0.5442710949074074 0.455625 0.5 0.40484375 0.4440101550925926 0.39442734490740744 0.4322914050925926 0.37098984490740744 0.4088539050925926 0.35015625 0.4049476550925926 0.33453125 0.4166664050925926 0.32411484490740744 0.4283851550925926 0.30328125 0.4440101550925926 0.2889585949074074 0.45703125 0.2850523449074074 0.4635414050925926 0.2733335949074074 0.4830726550925926 0.2655210949074074 0.49609375 0.31760390740740746 0.4973960949074074 0.32151015740740746 0.4856773449074074 0.34234375 0.484375 0.37229140740740746 0.4934898449074074 0.38401015740740746 0.5221351550925926 0.38401015740740746 0.5533851550925926 0.36708359490740744 0.5872398449074074 0.36578125 0.6067710949074074 0.3696875 0.6223960949074074 0.37619765740740746 0.6432289050925926 0.3775 0.6588539050925926 0.35276015740740746 0.6705726550925926 0.29677109490740744 0.67578125 0.2433851574074074 0.6822914050925926 0.2277601574074074 0.7044273449074074 0.2147398449074074 0.7161460949074074 0.1730726550925926 0.7278648449074074 0.1991148425925926 0.7486976550925926 0.2199476574074074 0.7578125 0.2511976574074074 0.7760414050925926 0.2616148449074074 0.7825523449074074 0.2902601574074074 0.8098960949074074 0.30458359490740744 0.8333335949074074 0.32020859490740744 0.84765625 0.32564336805555555 0.8581634050925926 0.35276015740740746 0.8216148449074074 0.36708359490740744 0.8111976574074075 0.39182265740740746 0.7708335949074074 0.42697890740740746 0.7265625 0.44 0.70703125 0.46083359490740744 0.6927085949074074
3 0.4986976550925926 0.9921875 0.4947914050925926 0.9830726574074075 0.4921875 0.95703125 0.48828125 0.9401039074074075 0.4713539050925926 0.9375 0.4596351550925926 0.91015625 0.45703125 0.88671875 0.44921875 0.8736976574074075 0.4283851550925926 0.8763023449074074 0.3619789074074074 0.8828125 0.3424476574074074 0.88671875 0.3307289074074074 0.88671875 0.3177085949074074 0.8606773449074074 0.3111976574074074 0.8424476574074075 0.29296875 0.8177085949074074 0.2838539074074074 0.80078125 0.2513023449074074 0.7825523449074074 0.23046875 0.7669273449074074 0.2213539074074074 0.76171875 0.1796875 0.7369789050925926 0.17578125 0.73046875 0.1627601550925926 0.7317710949074074 0.16015625 0.7369789050925926 0.4270835949074074 0.99921875 0.44921875 0.99921875 0.48828125 0.98828125 0.4986976550925926 0.9921875
1 0.59765625 0.921875 0.5963539050925926 0.9205726574074075 0.5846351550925926 0.8997398449074074 0.5677085949074074 0.921875 0.5403648449074074 0.9440101574074075 0.5208335949074074 0.9544273449074074 0.5013023449074074 0.9609375 0.5078125 0.9791664074074075 0.5716148449074074 0.9739585949074074 0.5520835949074074 0.9713539074074075 0.59765625 0.921875
0 0.5078125 0.9036460949074074 0.5 0.9140625 0.48828125 0.9557289074074075 0.5364585949074074 0.9361976574074075 0.5651039050925926 0.921875 0.5651039050925926 0.9036460949074074 0.5651039050925926 0.8854164074074075 0.5598960949074074 0.85546875 0.55859375 0.8307289074074075 0.5455726550925926 0.8294273449074074 0.5169273449074074 0.8346351574074075 0.51171875 0.8541664074074075 0.5208335949074074 0.8567710949074074 0.5182289050925926 0.8984375 0.5078125 0.9036460949074074
0 0.7942710949074074 0.0013023449074074074 0.8151039074074075 0.03645859490740741 0.99921875 0.05859375 0.99609375 0.010416407407407409 0.99921875 0.006510157407407407 0.99921875 0.0026039074074074076 0.7942710949074074 0.0013023449074074074
3 0 0.9075523449074074 0.014322655092592593 0.9140625 0.0390625 0.9283851574074075 0.0455726550925926 0.9401039074074075 0.03515625 0.9609375 0.014322655092592593 0.97265625 0.006510157407407407 0.9830726574074075 0.00390625 0.9856773449074074 0.0013023449074074074 0.9973960949074074 0.07291640509259259 0.9986976574074075 0.08072890509259259 0.9986976574074075 0.1276039050925926 0.99609375 0.1770835949074074 0.96875 0.234375 0.9427085949074074 0.2825523449074074 0.91796875 0.2799476574074074 0.9088539074074075 0.2473960949074074 0.8971351574074075 0.23046875 0.8919273449074074 0.2109375 0.8828125 0.2018226574074074 0.8763023449074074 0.1888023449074074 0.8984375 0.140625 0.9375 0.1393226574074074 0.9388023449074074 0.11979140509259259 0.9348960949074074 0.10026015509259259 0.9114585949074074 0.07161484490740741 0.875 0.0455726550925926 0.8541664074074075 0.014322655092592593 0.8424476574074075 0 0.8359375 0 0.8502601574074075 0 0.8802085949074074 0 0.9075523449074074
3 0.0520835949074074 0.7630210949074074 0.0611976550925926 0.7682289050925926 0.0703125 0.7747398449074074 0.08463515509259259 0.7786460949074074 0.11848984490740741 0.8111976574074075 0.12890625 0.8307289074074075 0.1653648449074074 0.86328125 0.1927085949074074 0.8828125 0.2018226574074074 0.8828125 0.21484375 0.8841148449074074 0.234375 0.8854164074074075 0.2213539074074074 0.8763023449074074 0.1848960949074074 0.8489585949074074 0.1614585949074074 0.81640625 0.11067734490740741 0.7786460949074074 0.07942734490740741 0.75 0.0559898449074074 0.7278648449074074 0.04296875 0.7369789050925926 0.01171875 0.7682289050925926 0.00390625 0.79296875 0.009114844907407407 0.8072914074074075 0.010416407407407409 0.8138023449074074 0.016927344907407407 0.7903648449074074 0.03645859490740741 0.7734375 0.0520835949074074 0.7630210949074074
3 0.3802085949074074 0.1888023449074074 0.4049476550925926 0.1588539050925926 0.4153648449074074 0.13671875 0.4140625 0.12890625 0.4088539050925926 0.10416640509259259 0.27734375 0.2239585949074074 0.2864585949074074 0.234375 0.2903648449074074 0.2473960949074074 0.3177085949074074 0.23828125 0.3802085949074074 0.1888023449074074
3 0.3046875 0.009114844907407407 0.2955726574074074 0.02734375 0.2825523449074074 0.03515625 0.2630210949074074 0.0533851550925926 0.23405637962962964 0.07935356249999999 0.1927085949074074 0.0442710949074074 0.1614585949074074 0.0703125 0.2083335949074074 0.1276039050925926 0.32421875 0.03515625 0.3046875 0.009114844907407407
0 0.6145835949074074 0.3541664074074074 0.6171875 0.3307289074074074 0.6145835949074074 0.3255210949074074 0.58203125 0.3138023449074074 0.546875 0.3307289074074074 0.5338539050925926 0.3307289074074074 0.5104164050925926 0.3268226574074074 0.48046875 0.3111976574074074 0.50390625 0.2890625 0.5091148449074074 0.2799476574074074 0.515625 0.26171875 0.50390625 0.2434898449074074 0.4921875 0.2643226574074074 0.4817710949074074 0.2799476574074074 0.4765625 0.2877601574074074 0.38671875 0.3658851574074074 0.44140625 0.4622398449074074 0.5572914050925926 0.3802085949074074 0.6145835949074074 0.3606773449074074 0.6145835949074074 0.3541664074074074
0 0.1419273449074074 0.37109375 0.08072890509259259 0.31640625 0.0598960949074074 0.32421875 0.0625 0.3255210949074074 0.1263023449074074 0.3893226574074074 0.1419273449074074 0.37109375
0 0.37109375 0.10546875 0.37109375 0.1328125 0.4036460949074074 0.1015625 0.3736976574074074 0.0520835949074074 0.3541664074074074 0.0611976550925926 0.3619789074074074 0.08463515509259259 0.36328125 0.0859375 0.37109375 0.10546875
0 0.57421875 0.7317710949074074 0.5755210949074074 0.7330726550925926 0.578125 0.7486976550925926 0.58203125 0.7591148449074074 0.58203125 0.765625 0.5859375 0.7799476550925926 0.5911460949074074 0.7916664050925926 0.5872398449074074 0.796875 0.578125 0.8033851574074075 0.5716148449074074 0.8111976574074075 0.5703125 0.8203125 0.5703125 0.8268226574074075 0.6328125 0.78515625 0.57421875 0.7005210949074074 0.57421875 0.7044273449074074 0.57421875 0.7317710949074074
0 0.9427085949074074 0.5572914050925926 0.9518226574074075 0.55078125 0.96484375 0.5598960949074074 0.9700523449074074 0.5677085949074074 0.98046875 0.578125 0.9856773449074074 0.5911460949074074 0.9921875 0.5911460949074074 0.9973960949074074 0.5859375 0.9973960949074074 0.57421875 0.9921875 0.5611976550925926 0.984375 0.54296875 0.9791664074074075 0.5286460949074074 0.9479164074074075 0.5052085949074074 0.9388023449074074 0.5052085949074074 0.9283851574074075 0.5078125 0.91796875 0.5169273449074074 0.9075523449074074 0.53125 0.8580726574074075 0.56640625 0.8528648449074074 0.58203125 0.8606773449074074 0.5989585949074074 0.8736976574074075 0.6119789050925926 0.8859295185185184 0.6315497407407408 0.8860678217592592 0.630858349537037 0.8841148449074074 0.6171875 0.8815101574074075 0.6106773449074074 0.8828125 0.58984375 0.8828125 0.5833335949074074 0.8854164074074075 0.5833335949074074 0.9231773449074074 0.5625 0.93359375 0.5611976550925926 0.9427085949074074 0.5572914050925926