3 0 0.0013023449074074074 0.0013023449074074074 0.15625 0.3828125 0.02083359490740741 0.3841148449074074 0 0 0.0013023449074074074
3 0.7096351550925926 0.4283851550925926 0.8033851574074075 0.2200523449074074 0.8854164074074075 0.2591148449074074 0.99921875 0.3111976574074074 0.99921875 0.26171875 0.9231773449074074 0.2265625 0.94140625 0.1705726550925926 0.99921875 0.1940101550925926 0.9986976574074075 0.0026039074074074076 0.4283851550925926 0 0.4921875 0.0533851550925926 0.6067710949074074 0.1861976550925926 0.6822914050925926 0.3997398449074074 0.7096351550925926 0.4283851550925926
1 0.9934898449074074 0.1927085949074074 0.9401039074074075 0.16796875 0.9205726574074075 0.2265625 0.9986976574074075 0.2578125 0.9934898449074074 0.1927085949074074
1 0 0.4322914050925926 0.009114844907407407 0.4283851550925926 0 0.43359375 0.2174476574074074 0.421875 0.23046875 0.39453125 0.21484375 0.3736976574074074 0.05859375 0.3854164074074074 0.0026039074074074076 0.3815101574074074 0 0.4244789050925926 0 0.4322914050925926
1 0 0.28515625 0.1497398449074074 0.22265625 0.12890625 0.15234375 0 0.2005210949074074 0 0.28515625
1 0.1653648449074074 0.15234375 0.1940101550925926 0.2395835949074074 0.3307289074074074 0.18359375 0.2994789074074074 0.10416640509259259 0.1653648449074074 0.15234375
1 0.26953125 0.7213539050925926 0.3111976574074074 0.6341148449074074 0.30078125 0.6184898449074074 0.3515625 0.5026039050925926 0.3072914074074074 0.4830726550925926 0.2786460949074074 0.5403648449074074 0.2916664074074074 0.5598960949074074 0.2265625 0.6979164050925926 0.26953125 0.7213539050925926
1 0.1822914050925926 0.73046875 0.171875 0.7864585949074074 0.2734375 0.83984375 0.30859375 0.7864585949074074 0.19921875 0.7291664050925926 0.1822914050925926 0.73046875
1 0.4088539050925926 0.5338539050925926 0.3606773449074074 0.6419273449074074 0.4231773449074074 0.671875 0.4739585949074074 0.5651039050925926 0.4088539050925926 0.5338539050925926
1 0.3216148449074074 0.46875 0.4791664050925926 0.54296875 0.5182289050925926 0.4817710949074074 0.40625 0.4114585949074074 0.3294273449074074 0.4205726550925926 0.3216148449074074 0.46875
1 0.5794273449074074 0.2981773449074074 0.546875 0.2942710949074074 0.5260414050925926 0.35546875 0.54296875 0.3736976574074074 0.5481773449074074 0.37890625 0.5794273449074074 0.2981773449074074
1 0.9908851574074075 0.64453125 0.9466148449074074 0.6783851550925926 0.9674476574074075 0.7083335949074074 0.99921875 0.671875 0.9908851574074075 0.64453125
1 0.4557289050925926 0.1640625 0.4244789050925926 0.1484375 0.40625 0.19140625 0.5234375 0.25390625 0.53125 0.2200523449074074 0.4466148449074074 0.1848960949074074 0.4557289050925926 0.1640625
1 0.86328125 0.27734375 0.80859375 0.2747398449074074 0.7721351550925926 0.3411460949074074 0.8177085949074074 0.3684898449074074 0.8528648449074074 0.3046875 0.86328125 0.27734375
1 0.8828125 0.2903648449074074 0.8515625 0.3515625 0.90625 0.3854164074074074 0.9296875 0.3268226574074074 0.8828125 0.2903648449074074
1 0.953125 0.3216148449074074 0.9192710949074074 0.3841148449074074 0.97265625 0.4114585949074074 0.9986976574074075 0.3515625 0.953125 0.3216148449074074
1 0.78515625 0.37890625 0.7682289050925926 0.421875 0.8333335949074074 0.4479164050925926 0.84765625 0.3997398449074074 0.78515625 0.37890625
1 0.9557289074074075 0.4388023449074074 0.8932289074074075 0.4010414050925926 0.8450523449074074 0.48046875 0.9114585949074074 0.53515625 0.9322914074074075 0.4921875 0.9557289074074075 0.4388023449074074
1 0.5169273449074074 0.9270835949074074 0.5065101550925926 0.9765625 0.46484375 0.9596351574074075 0.45703125 0.99921875 0.7486976550925926 0.9986976574074075 0.6770835949074074 0.9674476574074075 0.5703125 0.984375 0.5716148449074074 0.8489585949074074 0.5338539050925926 0.8359375 0.5260414050925926 0.88671875 0.4895835949074074 0.8802085949074074 0.484375 0.9270835949074074 0.5169273449074074 0.9270835949074074
1 0.3984375 0.2955726574074074 0.3776039074074074 0.29296875 0.3567710949074074 0.26953125 0.3450523449074074 0.3020835949074074 0.3919273449074074 0.3372398449074074 0.41015625 0.328125 0.4140625 0.3059898449074074 0.3984375 0.2955726574074074
1 0.4986976550925926 0.39453125 0.50390625 0.3658851574074074 0.46484375 0.34765625 0.4518226550925926 0.34765625 0.4283851550925926 0.3268226574074074 0.4088539050925926 0.3528648449074074 0.4596351550925926 0.37890625 0.4752601550925926 0.3776039074074074 0.4986976550925926 0.39453125
1 0.5286460949074074 0.78125 0.5325523449074074 0.7760414050925926 0.5559898449074074 0.78125 0.578125 0.7825523449074074 0.5924476550925926 0.7721351550925926 0.62109375 0.7473960949074074 0.6458335949074074 0.68359375 0.55859375 0.6497398449074074 0.4791664050925926 0.78515625 0.5143226550925926 0.8072914074074075 0.5286460949074074 0.78125
1 0.6627601550925926 0.8020835949074074 0.6614585949074074 0.8177085949074074 0.61328125 0.8138023449074074 0.6067710949074074 0.81640625 0.625 0.8216148449074074 0.64453125 0.82421875 0.6770835949074074 0.8463539074074075 0.6822914050925926 0.8346351574074075 0.6861976550925926 0.8151039074074075 0.6888023449074074 0.7903648449074074 0.7044273449074074 0.7552085949074074 0.7278648449074074 0.7265625 0.69140625 0.7135414050925926 0.6809898449074074 0.76953125 0.6197914050925926 0.7526039050925926 0.6067710949074074 0.77734375 0.640625 0.78515625 0.6627601550925926 0.8020835949074074
1 0.7565101550925926 0.8372398449074074 0.7473960949074074 0.8190101574074075 0.7473960949074074 0.8046875 0.7513023449074074 0.78125 0.7513023449074074 0.7552085949074074 0.765625 0.73046875 0.76171875 0.72265625 0.7591148449074074 0.734375 0.73046875 0.734375 0.7161460949074074 0.7955726550925926 0.7174476550925926 0.8294273449074074 0.7565101550925926 0.8372398449074074
2 0.9817710949074074 0.99609375 0.91015625 0.7747398449074074 0.9296875 0.6666664050925926 0.8880210949074074 0.6549476550925926 0.8294273449074074 0.8619789074074075 0.8580726574074075 0.9934898449074074 0.94921875 0.99921875 0.9817710949074074 0.99609375
2 0.5494789050925926 0.8203125 0.5833335949074074 0.8411460949074074 0.5807289050925926 0.8919273449074074 0.5833335949074074 0.9283851574074075 0.5911460949074074 0.97265625 0.5963539050925926 0.9765625 0.6302085949074074 0.9700523449074074 0.6692710949074074 0.9635414074074075 0.6953125 0.9700523449074074 0.7369789050925926 0.9791664074074075 0.7513023449074074 0.9986976574074075 0.7552085949074074 0.9934898449074074 0.7591148449074074 0.96484375 0.765625 0.9322914074074075 0.7760414050925926 0.9075523449074074 0.77734375 0.8567710949074074 0.7799476550925926 0.8203125 0.7916664050925926 0.7890625 0.80859375 0.7252601550925926 0.78515625 0.7109375 0.7734375 0.7239585949074074 0.73046875 0.7981773449074074 0.7291664050925926 0.7994789050925926 0.73046875 0.8020835949074074 0.765625 0.8190101574074075 0.7591148449074074 0.84375 0.7578125 0.84765625 0.7408851550925926 0.859375 0.6979164050925926 0.8606773449074074 0.6848960949074074 0.8567710949074074 0.6614585949074074 0.8463539074074075 0.6419273449074074 0.8372398449074074 0.6041664050925926 0.828125 0.59375 0.8190101574074075 0.5911460949074074 0.7890625 0.58203125 0.7903648449074074 0.5598960949074074 0.7890625 0.5364585949074074 0.7890625 0.5325523449074074 0.7890625 0.5494789050925926 0.8203125
2 0.75390625 0.7526039050925926 0.7513023449074074 0.7591148449074074 0.7473960949074074 0.7786460949074074 0.7421875 0.7903648449074074 0.7369789050925926 0.8072914074074075 0.7395835949074074 0.8125 0.7513023449074074 0.8125 0.7578125 0.80859375 0.7630210949074074 0.7981773449074074 0.7630210949074074 0.7630210949074074 0.7643226550925926 0.75390625 0.765625 0.7421875 0.7565101550925926 0.73828125 0.7513023449074074 0.7473960949074074 0.75390625 0.7473960949074074 0.75390625 0.7526039050925926
2 0.7635414074074075 0.7434898449074074 0.7596351574074075 0.7408851550925926 0.753125 0.7526039050925926 0.7635414074074075 0.7434898449074074
3 0.5950523449074074 0.6223960949074074 0.6236976550925926 0.6575523449074074 0.6276039050925926 0.6588539050925926 0.6458335949074074 0.5885414050925926 0.6966148449074074 0.4778648449074074 0.6705726550925926 0.4427085949074074 0.6581194722222222 0.430254875 0.65625 0.46484375 0.6510414050925926 0.5247398449074074 0.61328125 0.5729164050925926 0.5885414050925926 0.6015625 0.5859375 0.6158851550925926 0.5950523449074074 0.6223960949074074
3 0 0.4544273449074074 0.005208594907407407 0.5247398449074074 0 0.7265625 0.00390625 0.8020835949074074 0.02083359490740741 0.8645835949074074 0.0703125 0.8841148449074074 0.11067734490740741 0.8802085949074074 0.140625 0.8567710949074074 0.1575523449074074 0.8229164074074075 0.1692710949074074 0.6966148449074074 0.1953125 0.5924476550925926 0.23046875 0.5143226550925926 0.2669273449074074 0.44921875 0.2591148449074074 0.4114585949074074 0.2083335949074074 0.4231773449074074 0.1315101550925926 0.4388023449074074 0.0625 0.4375 0 0.4453125 0 0.4544273449074074
3 0.9348960949074074 0.6966148449074074 0.93359375 0.72265625 0.9361976574074075 0.7682289050925926 0.9348960949074074 0.8216148449074074 0.9296875 0.87109375 0.9596351574074075 0.93359375 0.9869789074074075 0.9856773449074074 0.99609375 0.99609375 0.9934898449074074 0.6861976550925926 0.9661460949074074 0.71484375 0.9609375 0.7239585949074074 0.9466148449074074 0.7083335949074074 0.9348960949074074 0.6966148449074074
3 0.9036460949074074 0.58984375 0.9348960949074074 0.6276039050925926 0.98046875 0.6236976550925926 0.9986976574074075 0.6197914050925926 0.9986976574074075 0.421875 0.9557289074074075 0.48046875 0.9231773449074074 0.5390625 0.9114585949074074 0.5598960949074074 0.9036460949074074 0.58984375
3 0.3463539074074074 0.2018226574074074 0.2239585949074074 0.2473960949074074 0.1432289074074074 0.24609375 0.11458359490740741 0.2578125 0.03645859490740741 0.2890625 0.01171875 0.3020835949074074 0.0533851550925926 0.3033851574074074 0.10416640509259259 0.2903648449074074 0.2122398449074074 0.3046875 0.2682289074074074 0.33203125 0.28515625 0.3645835949074074 0.296875 0.39453125 0.33203125 0.39453125 0.4140625 0.3763023449074074 0.421875 0.359375 0.38671875 0.3268226574074074 0.3333335949074074 0.3177085949074074 0.3177085949074074 0.3190101574074074 0.3359375 0.2877601574074074 0.3541664074074074 0.2473960949074074 0.37109375 0.1901039050925926 0.3971351574074074 0.109375 0.375 0.0598960949074074 0.2786460949074074 0.10677109490740741 0.3046875 0.11458359490740741 0.3424476574074074 0.1705726550925926 0.3463539074074074 0.2018226574074074
3 0.7747398449074074 0.4348960949074074 0.7552085949074074 0.4309898449074074 0.734375 0.4296875 0.7395835949074074 0.44921875 0.8033851574074075 0.53125 0.8125 0.5390625 0.8294273449074074 0.546875 0.8606773449074074 0.5611976550925926 0.8684898449074074 0.56640625 0.8736976574074075 0.5442710949074074 0.8203125 0.5091148449074074 0.8333335949074074 0.46484375 0.7916664050925926 0.4440101550925926 0.7747398449074074 0.4348960949074074
0 0.5104164050925926 0.2669273449074074 0.4752601550925926 0.2669273449074074 0.4375 0.2486976574074074 0.4140625 0.2369789074074074 0.3971351574074074 0.23046875 0.3997398449074074 0.2552085949074074 0.4088539050925926 0.2734375 0.4505210949074074 0.3072914074074074 0.4778648449074074 0.328125 0.484375 0.3359375 0.4908851550925926 0.3385414074074074 0.52734375 0.3111976574074074 0.55078125 0.28515625 0.5442710949074074 0.2708335949074074 0.5104164050925926 0.2669273449074074
0 0.32421875 0.57421875 0.3111976574074074 0.5963539050925926 0.3111976574074074 0.6106773449074074 0.3138023449074074 0.6341148449074074 0.328125 0.6354164050925926 0.3385414074074074 0.6028648449074074 0.3619789074074074 0.56640625 0.3815101574074074 0.5455726550925926 0.3815101574074074 0.5390625 0.37890625 0.53515625 0.37109375 0.5403648449074074 0.3854164074074074 0.5286460949074074 0.3723960949074074 0.5286460949074074 0.359375 0.5390625 0.34765625 0.5442710949074074 0.32421875 0.57421875
0 0.62890625 0.6484375 0.6888023449074074 0.68359375 0.75390625 0.6953125 0.7942710949074074 0.7044273449074074 0.8059898449074074 0.7278648449074074 0.83984375 0.6692710949074074 0.8489585949074074 0.62109375 0.8489585949074074 0.6028648449074074 0.8424476574074075 0.58984375 0.8203125 0.57421875 0.76953125 0.5442710949074074 0.734375 0.48828125 0.72265625 0.4752601550925926 0.7044273449074074 0.4739585949074074 0.69140625 0.53515625 0.671875 0.5872398449074074 0.6354164050925926 0.640625 0.62890625 0.6484375
0 0.60546875 0.4817710949074074 0.6302085949074074 0.4869789050925926 0.6380210949074074 0.4609375 0.6184898449074074 0.4010414050925926 0.59375 0.4127601550925926 0.5677085949074074 0.4361976550925926 0.5846351550925926 0.4661460949074074 0.60546875 0.4817710949074074
3 0.41796875 0.09635390509259259 0.4361976550925926 0.11328125 0.4622398449074074 0.140625 0.4700523449074074 0.1627601550925926 0.4895835949074074 0.1861976550925926 0.5052085949074074 0.1927085949074074 0.5325523449074074 0.23046875 0.5677085949074074 0.2447914074074074 0.5716148449074074 0.2200523449074074 0.5638023449074074 0.1796875 0.5286460949074074 0.1341148449074074 0.5052085949074074 0.08984375 0.4153648449074074 0.03255234490740741 0.3984375 0.0442710949074074 0.4049476550925926 0.07421875 0.41796875 0.09635390509259259
3 0.5481773449074074 0.3997398449074074 0.5221351550925926 0.4401039050925926 0.5078125 0.48046875 0.5455726550925926 0.4544273449074074 0.578125 0.4140625 0.57421875 0.3893226574074074 0.59375 0.3502601574074074 0.59375 0.3151039074074074 0.59765625 0.2955726574074074 0.5924476550925926 0.2903648449074074 0.5833335949074074 0.3333335949074074 0.5729164050925926 0.3645835949074074 0.5598960949074074 0.3854164074074074 0.5481773449074074 0.3997398449074074
1 0.5234375 0.6041664050925926 0.5494789050925926 0.6106773449074074 0.55859375 0.59765625 0.5963539050925926 0.5403648449074074 0.6184898449074074 0.5182289050925926 0.6236976550925926 0.5026039050925926 0.6145835949074074 0.49609375 0.5950523449074074 0.49609375 0.55859375 0.5260414050925926 0.546875 0.5403648449074074 0.5234375 0.5299476550925926 0.5026039050925926 0.5572914050925926 0.48828125 0.5807289050925926 0.4856773449074074 0.59765625 0.5234375 0.6041664050925926
1 0.390625 0.6953125 0.37109375 0.68359375 0.3580726574074074 0.6796875 0.3424476574074074 0.68359375 0.3229164074074074 0.7122398449074074 0.3111976574074074 0.7317710949074074 0.3072914074074074 0.7565101550925926 0.3229164074074074 0.77734375 0.3515625 0.7942710949074074 0.3776039074074074 0.7955726550925926 0.3802085949074074 0.7955726550925926 0.4049476550925926 0.75 0.41796875 0.7239585949074074 0.4192710949074074 0.69921875 0.390625 0.6953125
3 0.4401039050925926 0.9010414074074075 0.4388023449074074 0.8411460949074074 0.4401039050925926 0.80859375 0.4505210949074074 0.7760414050925926 0.46484375 0.7395835949074074 0.4791664050925926 0.69921875 0.4765625 0.7018226550925926 0.4583335949074074 0.7005210949074074 0.4505210949074074 0.6979164050925926 0.4270835949074074 0.7018226550925926 0.4244789050925926 0.7174476550925926 0.41796875 0.7604164050925926 0.3984375 0.8138023449074074 0.33984375 0.8111976574074075 0.3125 0.8020835949074074 0.3033851574074074 0.8203125 0.2877601574074074 0.859375 0.25390625 0.8606773449074074 0.2321088287037037 0.8594661342592593 0.3138023449074074 0.8815101574074075 0.3333335949074074 0.9466148449074074 0.34765625 0.9869789074074075 0.39453125 0.99921875 0.4140625 0.9908851574074075 0.4283851550925926 0.9466148449074074 0.4401039050925926 0.9010414074074075
3 0.1692710949074074 0.9505210949074074 0.18359375 0.984375 0.19921875 0.99921875 0.25390625 0.99921875 0.26953125 0.9895835949074074 0.2786460949074074 0.9505210949074074 0.3059898449074074 0.9348960949074074 0.3151039074074074 0.9075523449074074 0.3055430185185185 0.8896252291666668 0.3027358402777778 0.8860694328703703 0.296875 0.8802085949074074 0.29296875 0.87890625 0.2852925763888889 0.8679403819444445 0.2825523449074074 0.8658851574074075 0.25390625 0.8619789074074075 0.1822914050925926 0.86328125 0.1705726550925926 0.8723960949074074 0.1692710949074074 0.90625 0.1692710949074074 0.9505210949074074