1 0.2083335949074074 0.9518226574074075 0.1653648449074074 0.9322914074074075 0.11848984490740741 0.99921875 0.2526039074074074 0.99921875 0.2096351574074074 0.9635414074074075 0.2083335949074074 0.9518226574074075
1 0.4596351550925926 0.9947914074074075 0.4830726550925926 0.9752601574074075 0.4947914050925926 0.9609375 0.50390625 0.9401039074074075 0.5143226550925926 0.8854164074074075 0.5338539050925926 0.8815101574074075 0.55078125 0.8671875 0.5546875 0.8268226574074075 0.6302085949074074 0.83203125 0.6158851550925926 0.8984375 0.5390625 0.8828125 0.5364585949074074 0.9140625 0.5494789050925926 0.9505210949074074 0.5403648449074074 0.99921875 0.63671875 0.99921875 0.6953125 0.82421875 0.7252601550925926 0.83203125 0.734375 0.8216148449074074 0.7682289050925926 0.8294273449074074 0.7825523449074074 0.8059898449074074 0.7747398449074074 0.7734375 0.734375 0.75 0.7278648449074074 0.7369789050925926 0.6848960949074074 0.7135414050925926 0.6419273449074074 0.69140625 0.609375 0.6575523449074074 0.5325523449074074 0.6458335949074074 0.4661460949074074 0.6354164050925926 0.44140625 0.7734375 0.4817710949074074 0.7916664050925926 0.40234375 0.9674476574074075 0.3255210949074074 0.9049476574074075 0.26953125 0.8697914074074075 0.21484375 0.9427085949074074 0.2955726574074074 0.9283851574074075 0.3763023449074074 0.99921875 0.4596351550925926 0.9947914074074075
1 0.5234375 0.9348960949074074 0.546875 0.9466148449074074 0.5338539050925926 0.8919273449074074 0.5234375 0.9348960949074074
1 0.2161460949074074 0.9427085949074074 0.2552085949074074 0.98046875 0.30078125 0.9388023449074074 0.25 0.89453125 0.2161460949074074 0.9427085949074074
1 0.0234375 0.3502601574074074 0.0013023449074074074 0.328125 0.006510157407407407 0.4010414050925926 0.03125 0.3802085949074074 0.0625 0.4322914050925926 0.0455726550925926 0.4440101550925926 0.07161484490740741 0.4908851550925926 0.08203125 0.4752601550925926 0.11848984490740741 0.5208335949074074 0.2291664074074074 0.4270835949074074 0.20703125 0.4036460949074074 0.2317710949074074 0.4010414050925926 0.3190101574074074 0.3177085949074074 0.2747398449074074 0.2747398449074074 0.2421875 0.30078125 0.21484375 0.3346351574074074 0.2044273449074074 0.3489585949074074 0.17578125 0.3098960949074074 0.15625 0.3151039074074074 0.17578125 0.3502601574074074 0.1744789050925926 0.4088539050925926 0.12239609490740741 0.4557289050925926 0.06380234490740741 0.3619789074074074 0.1640625 0.2005210949074074 0.0013023449074074074 0.1966148449074074 0.0859375 0.2291664074074074 0.0234375 0.3502601574074074
1 0.0013023449074074074 0.1927085949074074 0.1640625 0.203125 0.0026039074074074076 0.1354164050925926 0.0013023449074074074 0.1927085949074074
1 0.00390625 0.2591148449074074 0.005208594907407407 0.3190101574074074 0.02083359490740741 0.3033851574074074 0.00390625 0.2591148449074074
1 0.4075523449074074 0 0.4088539050925926 0.0026039074074074076 0.46484375 0.23828125 0.8463539074074075 0.11458359490740741 0.9778648449074074 0 0.4075523449074074 0
0 0.6158851550925926 0.018228905092592593 0.6549476550925926 0.0013023449074074074 0.6588539050925926 0 0.5794273449074074 0.0013023449074074074 0.5950523449074074 0.0520835949074074 0.6041664050925926 0.0416664050925926 0.6106773449074074 0.02734375 0.6158851550925926 0.018228905092592593
3 0.7877601550925926 0.016927344907407407 0.80078125 0.015625 0.8138023449074074 0.0026039074074074076 0.71875 0 0.7252601550925926 0.03255234490740741 0.7513023449074074 0.02083359490740741 0.765625 0.016927344907407407 0.7877601550925926 0.016927344907407407
0 0.8684898449074074 0.0234375 0.87109375 0.03385390509259259 0.8880210949074074 0.02734375 0.8919273449074074 0.02083359490740741 0.8880210949074074 0.010416407407407409 0.8828125 0.014322655092592593 0.8697914074074075 0.02083359490740741 0.8684898449074074 0.02083359490740741 0.8684898449074074 0.0234375
0 0.1770835949074074 0.1861976550925926 0.19921875 0.1458335949074074 0.12369765509259259 0.11067734490740741 0.11067734490740741 0.12109375 0.10286484490740741 0.1432289074074074 0.10286484490740741 0.1458335949074074 0.1770835949074074 0.1861976550925926
0 0.6575523449074074 0.99921875 0.71875 0.99921875 0.6692710949074074 0.9453125 0.6575523449074074 0.99921875
0 0.463671875 0.6652601574074074 0.2709632824074074 0.8683851550925925 0.401171875 0.9608335949074074 0.4740882824074074 0.7980726574074074 0.416796875 0.77203125 0.463671875 0.6652601574074074
0 0.3516929699074074 0.9803648449074074 0.307421875 0.9530210949074074 0.264453125 0.98296875 0.2787757824074074 0.99921875 0.3321617199074074 0.99921875 0.3516929699074074 0.9803648449074074
3 0.2084632824074074 0.9413023449074074 0.264453125 0.8670835925925926 0.1811195324074074 0.90875 0.2084632824074074 0.9413023449074074
3 0.1342445324074074 0.8957289050925925 0.5404945324074074 0.5220312500000001 0.5326820324074074 0.49598984490740744 0.1225257824074074 0.8709898425925926 0.1342445324074074 0.8957289050925925
3 0.5717445324074074 0.258125 0.6928382824074073 0.22687500000000002 0.858203125 0.16828125000000002 0.9571617175925925 0.10578125 0.9662757824074073 0.05890625 0.9337242175925925 0.07583359259259259 0.8595054675925925 0.1357289074074074 0.6654945324074073 0.2047398449074074 0.4532554699074074 0.25942734490740743 0.3907554699074074 0.2958851574074074 0.4076820324074074 0.3271351574074074 0.4337242199074074 0.29458359490740743 0.4884117199074074 0.289375 0.5717445324074074 0.258125
3 0.3334615601851852 0.34276169444444443 0.272265625 0.3974476574074074 0.2709632824074074 0.4195835949074074 0.2826820324074074 0.42609375 0.346484375 0.4925 0.424609375 0.4156773449074074 0.34052002546296295 0.3380561689814815 0.3334615601851852 0.34276169444444443
3 0.1537757824074074 0.3036976574074074 0.1889320324074074 0.3023960949074074 0.205859375 0.34015625 0.2514320324074074 0.2841664074074074 0.1654945324074074 0.20734375000000002 0.07565078009259259 0.3570835949074074 0.11731796990740741 0.45604140509259256 0.1654945324074074 0.40916640509259256 0.17200546990740742 0.3570835949074074 0.1537757824074074 0.3036976574074074
3 0.08216171990740741 0.2359898449074074 0.002734375 0.19953125000000002 0 0.2320835949074074 0.03138046990740741 0.3271351574074074 0.08216171990740741 0.2359898449074074
3 0.005338282407407407 0.47166640509259256 0.022265625 0.5003124999999999 0.02877578240740741 0.5107289050925926 0.037890625 0.5315624999999999 0.030078125 0.5367710949074074 0.026171875 0.5484898449074074 0.030078125 0.5732289050925926 0.017057032407407406 0.5953648425925926 0.023567969907407407 0.6057812499999999 0.05091171990740741 0.6096874999999999 0.08216171990740741 0.5862499999999999 0.1264320324074074 0.5367710949074074 0.08346328009259259 0.48859375 0.08216171990740741 0.4938023449074074 0.06263046990740741 0.48338515509259256 0.05091171990740741 0.4430210949074074 0.057421875 0.4391148449074074 0.045703125 0.41307265509259256 0.030078125 0.3857289074074074 0.018359375 0.3974476574074074 0 0.41828125 0.0014320324074074075 0.4508335949074074 0.005338282407407407 0.47166640509259256
1 0 0.6448437499999999 0.02877578240740741 0.6201039050925926 0.013150782407407406 0.5888539050925926 0.030078125 0.5602085949074074 0.03138046990740741 0.5380726550925926 0.03528671990740741 0.5185414050925926 0.027474219907407407 0.49901015509259256 0.006640625 0.4742710949074074 0.0001304699074074074 0.4690625 0 0.46515625 0 0.6448437499999999
1 0.3373695324074074 0.5641148449074074 0.3529945324074074 0.5510937499999999 0.3998695324074074 0.6070835949074074 0.5287757824074074 0.48338515509259256 0.4350257824074074 0.40265625 0.3490882824074074 0.5003124999999999 0.287890625 0.4313023449074074 0.2709632824074074 0.4430210949074074 0.2436195324074074 0.41046875 0.21106796759259258 0.44432265509259256 0.23841171759259258 0.4742710949074074 0.201953125 0.4898960949074074 0.3087242199074074 0.5992710925925926 0.3373695324074074 0.5641148449074074
1 0.1654945324074074 0.6773960949074074 0.186328125 0.6578648449074074 0.1381507824074074 0.6031773449074074 0.2123695324074074 0.5445835949074074 0.229296875 0.5615101550925926 0.2436195324074074 0.5419789050925926 0.260546875 0.5341664050925926 0.2084632824074074 0.4898960949074074 0.09388046990740741 0.5901562499999999 0.1654945324074074 0.6773960949074074
1 0.21888046759259258 0.7841664050925926 0.385546875 0.6227085949074074 0.3334632824074074 0.5680210949074074 0.276171875 0.6344273449074074 0.256640625 0.6122914050925926 0.233203125 0.6578648449074074 0.162890625 0.7216664050925926 0.21888046759259258 0.7841664050925926
0 0.217578125 0.6604687499999999 0.217578125 0.6552601550925926 0.24622421759259258 0.6031773449074074 0.276171875 0.6240101550925926 0.2983070324074074 0.5953648425925926 0.252734375 0.5471874999999999 0.2358070324074074 0.5654164050925926 0.2162757824074074 0.5458851550925926 0.14726562499999998 0.6044789050925926 0.18763046990740742 0.6526562499999999 0.158984375 0.6891148449074074 0.174609375 0.7086460949074074 0.217578125 0.6604687499999999
0 0.3490882824074074 0.5719273449074074 0.3555992199074074 0.5888539050925926 0.3868492199074074 0.6188023449074074 0.3907554699074074 0.6188023449074074 0.389453125 0.5966664050925926 0.3490882824074074 0.5719273449074074
1 0.10169296990740741 0.6734898449074074 0.061328125 0.7255726550925926 0.100390625 0.7464062499999999 0.155078125 0.6852085949074074 0.069140625 0.6135937499999999 0.026171875 0.6708851550925926 0.049609375 0.6930210949074074 0.076953125 0.6617710949074074 0.10169296990740741 0.6734898449074074
1 0.1459632824074074 0.7359898449074074 0.119921875 0.7659374999999999 0.1029945324074074 0.7516148449074074 0.08216171990740741 0.7620312499999999 0.017057032407407406 0.6995312499999999 0 0.7438023449074074 0.116015625 0.8674999999999999 0.20325546759259258 0.7867710949074074 0.1459632824074074 0.7359898449074074
1 0.04309921990740741 0.874765625 0.0001304699074074074 0.9203382824074074 0.002734375 0.9906507824074074 0.104296875 0.8818226550925926 0.0001304699074074074 0.7828648449074074 0.002734375 0.8734632824074074 0.032682032407407406 0.8643492199074074 0.04309921990740741 0.874765625
1 0.07421875 0.005208594907407407 0.0559898449074074 0.0533851550925926 0 0.0377601550925926 0.00390625 0.12239609490740741 0.1015625 0.1380210949074074 0.1276039050925926 0.08854140509259259 0.15625 0.11197890509259259 0.2109375 0 0.1458335949074074 0.005208594907407407 0.1380210949074074 0.02994765509259259 0.07421875 0.005208594907407407
1 0.2890625 0.2552085949074074 0.3216148449074074 0.19921875 0.2838539074074074 0.1692710949074074 0.3190101574074074 0.12109375 0.3567710949074074 0.1302085949074074 0.36328125 0.1640625 0.3658851574074074 0.1888023449074074 0.3619789074074074 0.2018226574074074 0.3385414074074074 0.2109375 0.3255210949074074 0.2174476574074074 0.3125 0.2447914074074074 0.2981773449074074 0.2682289074074074 0.33984375 0.2994789074074074 0.4453125 0.2291664074074074 0.4309898449074074 0.15625 0.42578125 0.10286484490740741 0.4114585949074074 0.08333359490740741 0.39453125 0.0494789050925926 0.4010414050925926 0.01171875 0.33984375 0 0.33203125 0.0403648449074074 0.3125 0.0546875 0.2838539074074074 0.0598960949074074 0.26953125 0.09114609490740741 0.2591148449074074 0.10286484490740741 0.2578125 0.10677109490740741 0.24609375 0.09375 0.2708335949074074 0.0494789050925926 0.2838539074074074 0.005208594907407407 0.2317710949074074 0 0.1770835949074074 0.12109375 0.2122398449074074 0.1432289074074074 0.1783851550925926 0.1966148449074074 0.2890625 0.2552085949074074
1 0.3541664074074074 0.2018226574074074 0.3658851574074074 0.1927085949074074 0.3684898449074074 0.1770835949074074 0.3671875 0.1588539050925926 0.3450523449074074 0.13671875 0.33139936805555553 0.13990453703703704 0.3294273449074074 0.1471351574074074 0.3307289074074074 0.15234375 0.3307289074074074 0.1536460949074074 0.3372398449074074 0.171875 0.3411460949074074 0.1848960949074074 0.3541664074074074 0.2018226574074074
0 0.3268226574074074 0.1354164050925926 0.3190101574074074 0.1276039050925926 0.3125 0.1432289074074074 0.2994789074074074 0.1627601550925926 0.2916664074074074 0.1640625 0.3177085949074074 0.1809898449074074 0.3268226574074074 0.20703125 0.3346351574074074 0.2018226574074074 0.3411460949074074 0.1888023449074074 0.33203125 0.1731773449074074 0.3294273449074074 0.15625 0.3268226574074074 0.1354164050925926
3 0.27734375 0.0611976550925926 0.2916664074074074 0.0533851550925926 0.31640625 0.0442710949074074 0.3255210949074074 0.02734375 0.3255210949074074 0.018228905092592593 0.3294029907407407 0.00011365046296296297 0.28515625 0.00390625 0.2747398449074074 0.02604140509259259 0.2708335949074074 0.046875 0.2643226574074074 0.07161484490740741 0.26953125 0.08203125 0.27734375 0.0611976550925926
3 0.005208594907407407 0 0.0013023449074074074 0.01171875 0.005208594907407407 0.025391796296296294 0.005208594907407407 0.0234375 0.0078125 0.02864609490740741 0.02734375 0.03515625 0.0533851550925926 0.0416664050925926 0.05859375 0.0390625 0.06770859490740741 0.016927344907407407 0.06901015509259259 0.005208594907407407 0.11067734490740741 0.013021094907407407 0.1276039050925926 0.016927344907407407 0.1354164050925926 0.01953125 0.1432289074074074 0 0.005208594907407407 0
0 0.77734375 0.7734375 0.8111976574074075 0.7174476550925926 0.73828125 0.6588539050925926 0.6979164050925926 0.7083335949074074 0.77734375 0.7734375
0 0.4947914050925926 0.6302085949074074 0.6158851550925926 0.65625 0.6263023449074074 0.6419273449074074 0.5690101550925926 0.5963539050925926 0.4947914050925926 0.6302085949074074
1 0.7330726550925926 0.6458335949074074 0.6106773449074074 0.5625 0.57421875 0.6041664050925926 0.6875 0.7005210949074074 0.7330726550925926 0.6458335949074074
1 0.80859375 0.8229164074074075 0.7942710949074074 0.84375 0.8059898449074074 0.8489585949074074 0.8059898449074074 0.8854164074074075 0.8736976574074075 0.96484375 0.9674476574074075 0.8294273449074074 0.8255210949074074 0.7135414050925926 0.7877601550925926 0.7669273449074074 0.7864585949074074 0.7760414050925926 0.8151039074074075 0.8020835949074074 0.80859375 0.8229164074074075
1 0.7643226550925926 0.8802085949074074 0.7825523449074074 0.8684898449074074 0.7513023449074074 0.8359375 0.7356773449074074 0.8489585949074074 0.6848960949074074 0.8958335949074074 0.6666664050925926 0.9401039074074075 0.703125 0.96484375 0.72265625 0.9466148449074074 0.74609375 0.9791664074074075 0.71875 0.9973960949074074 0.83203125 0.99921875 0.8580726574074075 0.97265625 0.7643226550925926 0.8802085949074074
1 0.98046875 0.82421875 0.8697914074074075 0.9934898449074074 0.9947914074074075 0.99921875 0.99921875 0.83984375 0.98046875 0.82421875
1 0.9973960949074074 0.7057289050925926 0.9982705902777779 0.7372233680555556 0.99921875 0.6471351550925926 0.94921875 0.6002601550925926 0.90234375 0.6640625 0.9322914074074075 0.68359375 0.9427085949074074 0.6692710949074074 0.9973960949074074 0.7057289050925926
1 0.9388023449074074 0.6888023449074074 0.9296875 0.70703125 0.9049476574074075 0.6822914050925926 0.86328125 0.7213539050925926 0.98046875 0.8203125 0.9973960949074074 0.8203125 0.9981141458333334 0.7520877245370371 0.96484375 0.72265625 0.96484375 0.7018226550925926 0.9388023449074074 0.6888023449074074
1 0.6393226550925926 0.3385414074074074 0.62109375 0.3372398449074074 0.6171875 0.3072914074074074 0.5885414050925926 0.30859375 0.60546875 0.3736976574074074 0.55859375 0.4049476550925926 0.5403648449074074 0.37890625 0.5807289050925926 0.3541664074074074 0.5638023449074074 0.3216148449074074 0.5299476550925926 0.2734375 0.4453125 0.3072914074074074 0.42578125 0.2955726574074074 0.3984375 0.3372398449074074 0.5494789050925926 0.46875 0.5716148449074074 0.4505210949074074 0.6002601550925926 0.4895835949074074 0.75 0.37890625 0.69140625 0.2513023449074074 0.6263023449074074 0.2747398449074074 0.6549476550925926 0.3463539074074074 0.6419273449074074 0.3567710949074074 0.6393226550925926 0.3385414074074074
1 0.8932289074074075 0.18359375 0.8255210949074074 0.22265625 0.8515625 0.2760414074074074 0.83984375 0.2903648449074074 0.8580726574074075 0.3072914074074074 0.96484375 0.2408851574074074 0.9309898449074074 0.2005210949074074 0.9075523449074074 0.2096351574074074 0.8958335949074074 0.18359375 0.9309898449074074 0.1588539050925926 0.9817710949074074 0.1302085949074074 0.9973960949074074 0.1953125 0.9986976574074075 0.0455726550925926 0.9544273449074074 0.08854140509259259 0.9557289074074075 0.1171875 0.8802085949074074 0.1536460949074074 0.8932289074074075 0.18359375
1 0.9453125 0.4544273449074074 0.99921875 0.4713539050925926 0.99921875 0.41015625 0.9895835949074074 0.4036460949074074 0.9453125 0.4544273449074074
1 0.61328125 0.5013023449074074 0.75390625 0.6393226550925926 0.9166664074074075 0.4440101550925926 0.81640625 0.34375 0.61328125 0.5013023449074074
0 0.76171875 0.5247398449074074 0.7760414050925926 0.5455726550925926 0.7890625 0.5221351550925926 0.796875 0.5130210949074074 0.7877601550925926 0.5078125 0.7864585949074074 0.5078125 0.7890625 0.5169273449074074 0.7786460949074074 0.4986976550925926 0.77734375 0.5 0.7604164050925926 0.5065101550925926 0.7565101550925926 0.51171875 0.76171875 0.5247398449074074
0 0.8216148449074074 0.5 0.8346351574074075 0.5065101550925926 0.8463539074074075 0.50390625 0.8333335949074074 0.4830726550925926 0.8203125 0.4713539050925926 0.8294273449074074 0.44921875 0.8424476574074075 0.4348960949074074 0.8203125 0.4479164050925926 0.8138023449074074 0.4518226550925926 0.8111976574074075 0.4544273449074074 0.80078125 0.4544273449074074 0.7903648449074074 0.4700523449074074 0.8059898449074074 0.4869789050925926 0.8216148449074074 0.5
0 0.9544273449074074 0.4166664050925926 0.9622398449074074 0.42578125 0.9583335949074074 0.43359375 0.9713539074074075 0.4127601550925926 0.9895835949074074 0.3971351574074074 0.99921875 0.40625 0.9934898449074074 0.3723960949074074 0.9908851574074075 0.3580726574074074 0.9713539074074075 0.3684898449074074 0.9388023449074074 0.38671875 0.9440101574074075 0.3997398449074074 0.9544273449074074 0.4166664050925926
0 0.9973960949074074 0.19921875 0.9817710949074074 0.16796875 0.9674476574074075 0.1432289074074074 0.9544273449074074 0.1510414050925926 0.9036460949074074 0.18359375 0.9205726574074075 0.203125 0.9361976574074075 0.1966148449074074 0.9440101574074075 0.203125 0.9557289074074075 0.22265625 0.9934898449074074 0.2239585949074074 0.99921875 0.2174476574074074 0.9973960949074074 0.19921875
0 0.25 0.39453125 0.21875 0.4127601550925926 0.2565101574074074 0.4192710949074074 0.2604164074074074 0.42578125 0.2721351574074074 0.4348960949074074 0.2734375 0.40234375 0.2916664074074074 0.3723960949074074 0.3125 0.3515625 0.3307289074074074 0.34375 0.3229164074074074 0.3307289074074074 0.3125 0.3216148449074074 0.3033851574074074 0.3333335949074074 0.2825523449074074 0.3515625 0.2578125 0.3880210949074074 0.25 0.39453125
0 0.5013023449074074 0.984375 0.5182289050925926 0.99921875 0.53515625 0.99921875 0.5481773449074074 0.9895835949074074 0.5455726550925926 0.9583335949074074 0.5364585949074074 0.953125 0.51953125 0.953125 0.5 0.9752601574074075 0.5091148449074074 0.9713539074074075 0.5013023449074074 0.9830726574074075 0.5013023449074074 0.984375
0 0.5651039050925926 0.3072914074074074 0.57421875 0.3307289074074074 0.57421875 0.3346351574074074 0.5833335949074074 0.3424476574074074 0.58984375 0.3463539074074074 0.5455726550925926 0.3763023449074074 0.5625 0.40234375 0.6028648449074074 0.3671875 0.5859375 0.3294273449074074 0.5950523449074074 0.30078125 0.6015625 0.2838539074074074 0.6041664050925926 0.2643226574074074 0.5924476550925926 0.26171875 0.5833335949074074 0.2669273449074074 0.546875 0.2721351574074074 0.5494789050925926 0.28125 0.5572914050925926 0.2916664074074074 0.5651039050925926 0.3072914074074074
1 0.9968226550925926 0.2434898449074074 0.9369273449074074 0.2682289074074074 0.8653125 0.31640625 0.8236460949074074 0.3450523449074074 0.83796875 0.3567710949074074 0.9291148449074074 0.4505210949074074 0.9538539050925926 0.41796875 0.9343226550925926 0.3880210949074074 0.99921875 0.3489585949074074 0.9968226550925926 0.2434898449074074
0 0.9069789050925926 0.3723960949074074 0.9265101550925926 0.3802085949074074 0.9434375 0.3658851574074074 0.9252085949074074 0.33984375 0.9095835949074074 0.34765625 0.9017710949074074 0.359375 0.9069789050925926 0.3723960949074074
3 0.77546875 0.19921875 0.7650523449074074 0.2135414074074074 0.7936976550925926 0.23828125 0.8093226550925926 0.2708335949074074 0.8184375 0.2903648449074074 0.8340625 0.2955726574074074 0.8483851550925926 0.28515625 0.84578125 0.265625 0.8236460949074074 0.22265625 0.83796875 0.2005210949074074 0.8561976550925926 0.1940101550925926 0.8809375 0.18359375 0.8991664050925926 0.16796875 0.88484375 0.15625 0.86921875 0.16796875 0.841875 0.1809898449074074 0.77546875 0.19921875
3 0.7806773449074074 0.8645835949074074 0.78328125 0.890625 0.8496875 0.9309898449074074 0.810625 0.8958335949074074 0.79890625 0.859375 0.79109375 0.8515625 0.78328125 0.8528648449074074 0.7806773449074074 0.8645835949074074