3 0.015625 0.0390625 0.006510157407407407 0.1328125 0.4088539050925926 0.2317710949074074 0.4322914050925926 0.1328125 0.015625 0.0390625
3 0.4869789050925926 0 0.49609375 0.015625 0.9153648449074074 0.12369765509259259 0.9127601574074075 0.10546875 0.828125 0.06380234490740741 0.94921875 0.08463515509259259 0.9440101574074075 0.0546875 0.90234375 0.04296875 0.91015625 0 0.4869789050925926 0
3 0.9309898449074074 0.09895859490740741 0.90625 0.1940101550925926 0.99921875 0.21484375 0.99921875 0.11848984490740741 0.9309898449074074 0.09895859490740741
3 0.375 0 0.3567710949074074 0.06640625 0.4309898449074074 0.08854140509259259 0.4583335949074074 0.00390625 0.375 0
3 0.9309898449074074 0.51328125 0 0.3177085949074074 0.05078125 0.33359375 0.9309898449074074 0.53671875 0.9309898449074074 0.51328125
3 0.1940101550925926 0.7669273449074074 0.20703125 0.7513023449074074 0.20703125 0.7356773449074074 0.1848960949074074 0.7161460949074074 0.17578125 0.7135414050925926 0.1705726550925926 0.73046875 0.1692710949074074 0.7486976550925926 0.1731773449074074 0.76953125 0.1940101550925926 0.7669273449074074
0 0.99609375 0.21484375 0.018228905092592593 0.00390625 0.0026039074074074076 0.02083359490740741 0.99921875 0.2526039074074074 0.99609375 0.21484375
1 0.9075523449074074 0 0.90234375 0.0377601550925926 0.9479164074074075 0.0520835949074074 0.9752601574074075 0 0.9075523449074074 0
1 0.7643226550925926 0.2122398449074074 0.7096351550925926 0.4622398449074074 0.9505210949074074 0.51953125 0.9856773449074074 0.2630210949074074 0.7643226550925926 0.2122398449074074
0 0.83203125 0.33984375 0.8346351574074075 0.3333335949074074 0.8177085949074074 0.3333335949074074 0.8033851574074075 0.3307289074074074 0.8072914074074075 0.3033851574074074 0.7994789050925926 0.3072914074074074 0.7877601550925926 0.3684898449074074 0.80859375 0.3828125 0.8216148449074074 0.3684898449074074 0.83203125 0.33984375
1 0.4544273449074074 0.009114844907407407 0.4557289050925926 0.06640625 0.55078125 0.08072890509259259 0.5533851550925926 0.02864609490740741 0.4544273449074074 0.009114844907407407
1 0.5911460949074074 0.1744789050925926 0.5833335949074074 0.23828125 0.5455726550925926 0.2395835949074074 0.5520835949074074 0.1692710949074074 0.4544273449074074 0.1458335949074074 0.3997398449074074 0.3828125 0.6497398449074074 0.44921875 0.703125 0.1940101550925926 0.5911460949074074 0.1744789050925926
1 0 0.3138023449074074 0.35546875 0.3802085949074074 0.3802085949074074 0.2473960949074074 0.01171875 0.1627601550925926 0 0.1966148449074074 0 0.3138023449074074
1 0.3645835949074074 0 0.0390625 0.0026039074074074076 0.3580726574074074 0.0625 0.3645835949074074 0
1 0 0.8033851574074075 0.2447914074074074 0.88671875 0.3411460949074074 0.4283851550925926 0.004224925925925925 0.3576579976851852 0.006510157407407407 0.3658851574074074 0 0.3567710949074074 0 0.8033851574074075
3 0.1705726550925926 0.68359375 0.1705726550925926 0.7057289050925926 0.16015625 0.73046875 0.1614585949074074 0.7473960949074074 0.16796875 0.7565101550925926 0.18359375 0.7591148449074074 0.19921875 0.7526039050925926 0.2018226574074074 0.73828125 0.1953125 0.71484375 0.1888023449074074 0.7018226550925926 0.1979164050925926 0.6953125 0.23046875 0.6901039050925926 0.2174476574074074 0.6901039050925926 0.20703125 0.67578125 0.16796875 0.6549476550925926 0.1705726550925926 0.6666664050925926 0.1705726550925926 0.6705726550925926 0.1705726550925926 0.68359375
0 0.1940101550925926 0.6171875 0.1901039050925926 0.62109375 0.1770835949074074 0.6315101550925926 0.1861976550925926 0.6484375 0.23046875 0.6380210949074074 0.2135414074074074 0.5807289050925926 0.2083335949074074 0.5846351550925926 0.2005210949074074 0.5872398449074074 0.1927085949074074 0.5911460949074074 0.1940101550925926 0.6171875
1 0.3815101574074074 0.4453125 0.27734375 0.8815101574074075 0.54296875 0.9388023449074074 0.6393226550925926 0.4973960949074074 0.3815101574074074 0.4453125
3 0.4609375 0.6966148449074074 0.453125 0.72265625 0.4479164050925926 0.7395835949074074 0.4466148449074074 0.7526039050925926 0.4557289050925926 0.76953125 0.4765625 0.7643226550925926 0.5013023449074074 0.7473960949074074 0.4895835949074074 0.7278648449074074 0.4765625 0.7018226550925926 0.5065101550925926 0.6627601550925926 0.5286460949074074 0.671875 0.5130210949074074 0.6549476550925926 0.50390625 0.6484375 0.5 0.6380210949074074 0.48828125 0.6380210949074074 0.4765625 0.64453125 0.46484375 0.6614585949074074 0.4609375 0.6966148449074074
0 0.4036460949074074 0.80859375 0.39453125 0.8138023449074074 0.40625 0.8203125 0.42578125 0.82421875 0.4283851550925926 0.8177085949074074 0.4388023449074074 0.7916664050925926 0.43359375 0.7682289050925926 0.4283851550925926 0.7604164050925926 0.421875 0.75390625 0.4166664050925926 0.7565101550925926 0.41015625 0.7669273449074074 0.41015625 0.7864585949074074 0.4036460949074074 0.80859375
0 0.5 0.6197914050925926 0.5 0.6236976550925926 0.515625 0.6041664050925926 0.5234375 0.5846351550925926 0.5338539050925926 0.5794273449074074 0.5234375 0.5481773449074074 0.51953125 0.5768226550925926 0.50390625 0.5716148449074074 0.4986976550925926 0.6106773449074074 0.5 0.6197914050925926
0 0.42578125 0.53125 0.43359375 0.5611976550925926 0.4348960949074074 0.578125 0.4401039050925926 0.5625 0.44921875 0.5325523449074074 0.453125 0.5260414050925926 0.4375 0.5221351550925926 0.4244789050925926 0.5143226550925926 0.42578125 0.4908851550925926 0.4375 0.4674476550925926 0.4453125 0.4505210949074074 0.4280347685185185 0.4516724814814815 0.4192710949074074 0.4479164050925926 0.4127601550925926 0.4661460949074074 0.4114585949074074 0.4869789050925926 0.41015625 0.5013023449074074 0.4192710949074074 0.5182289050925926 0.42578125 0.53125
0 0.6419273449074074 0.5299476550925926 0.5481773449074074 0.9440101574074075 0.55859375 0.9453125 0.6549476550925926 0.5338539050925926 0.6419273449074074 0.5299476550925926
0 0.9127601574074075 0.5846351550925926 0.8255210949074074 0.99921875 0.8385414074074075 0.99921875 0.9348960949074074 0.5885414050925926 0.9127601574074075 0.5846351550925926
0 0.39453125 0.26953125 0.3815101574074074 0.26171875 0.3828125 0.2591148449074074 0.3841148449074074 0.2565101574074074 0.3736976574074074 0.2565101574074074 0.37890625 0.2604164074074074 0.3541664074074074 0.3919273449074074 0.3736976574074074 0.3736976574074074 0.39453125 0.26953125
0 0.7122398449074074 0.2018226574074074 0.6575523449074074 0.4518226550925926 0.6796875 0.453125 0.7330726550925926 0.2005210949074074 0.7122398449074074 0.2018226574074074
0 0.7408851550925926 0.2291664074074074 0.6901039050925926 0.4479164050925926 0.7018226550925926 0.4518226550925926 0.75390625 0.2252601574074074 0.7408851550925926 0.2291664074074074
0 0.9921875 0.2864585949074074 0.94140625 0.51171875 0.9609375 0.5169273449074074 0.99921875 0.3020835949074074 0.9921875 0.2864585949074074
0 0.9986976574074075 0.3658851574074074 0.9700523449074074 0.5182289050925926 0.9817710949074074 0.5247398449074074 0.99921875 0.453125 0.9986976574074075 0.3658851574074074
0 0.25 0.9231773449074074 0.2213539074074074 0.9973960949074074 0.2447914074074074 0.99921875 0.2669273449074074 0.9348960949074074 0.25 0.9231773449074074
0 0.5403648449074074 0.9440101574074075 0.2747398449074074 0.8802085949074074 0.2799476574074074 0.91015625 0.5403648449074074 0.9609375 0.5403648449074074 0.9440101574074075
0 0.58984375 0.9674476574074075 0.7005210949074074 0.99921875 0.7955726550925926 0.9895835949074074 0.58984375 0.9674476574074075
1 0.2369789074074074 0.90625 0.0013023449074074074 0.8541664074074075 0 0.9986976574074075 0.2200523449074074 0.99921875 0.2369789074074074 0.90625
1 0.5208335949074074 0.96875 0.2734375 0.9153648449074074 0.2526039074074074 0.9947914074074075 0.24609375 0.99921875 0.5208335949074074 0.99921875 0.5208335949074074 0.96875
1 0.9388023449074074 0.96484375 0.9427085949074074 0.90625 0.8984375 0.8880210949074074 0.875 0.9947914074074075 0.99609375 0.99921875 0.9908851574074075 0.9778648449074074 0.9388023449074074 0.96484375
1 0.9973960949074074 0.5885414050925926 0.9635414074074075 0.5794273449074074 0.921875 0.7682289050925926 0.9856773449074074 0.7721351550925926 0.99921875 0.6940101550925926 0.9973960949074074 0.5885414050925926
1 0.91015625 0.8463539074074075 0.99609375 0.8776039074074075 0.9986976574074075 0.8229164074074075 0.9192710949074074 0.8046875 0.91015625 0.8463539074074075
1 0.8203125 0.9817710949074074 0.91015625 0.5677085949074074 0.69140625 0.5143226550925926 0.59375 0.94921875 0.8203125 0.9817710949074074
3 0.7721351550925926 0.7057289050925926 0.8020835949074074 0.7096351550925926 0.80078125 0.6979164050925926 0.7877601550925926 0.6875 0.74609375 0.6744789050925926 0.734375 0.6888023449074074 0.7265625 0.7005210949074074 0.7369789050925926 0.7018226550925926 0.75 0.703125 0.7721351550925926 0.7057289050925926
3 0.9518226574074075 0.9375 0.9544273449074074 0.9518226574074075 0.9661460949074074 0.96484375 0.98828125 0.9739585949074074 0.9947914074074075 0.9752601574074075 0.99921875 0.9036460949074074 0.99921875 0.8932289074074075 0.9921875 0.8932289074074075 0.9739585949074074 0.8932289074074075 0.9583335949074074 0.90234375 0.9518226574074075 0.9375
0 0.9375 0.8880210949074074 0.9322914074074075 0.91796875 0.9283851574074075 0.9309898449074074 0.9270835949074074 0.9375 0.94921875 0.921875 0.9557289074074075 0.9010414074074075 0.9596351574074075 0.8893226574074075 0.9921875 0.8841148449074074 0.9934898449074074 0.87890625 0.9817710949074074 0.8723960949074074 0.9557289074074075 0.8606773449074074 0.9127601574074075 0.8776039074074075 0.91796875 0.8880210949074074 0.9375 0.8880210949074074
0 0.9231773449074074 0.7916664050925926 0.9283851574074075 0.7981773449074074 0.94921875 0.7994789050925926 0.9635414074074075 0.80078125 0.9934898449074074 0.8020835949074074 0.99921875 0.796875 0.9973960949074074 0.7916664050925926 0.9934898449074074 0.7890625 0.9661460949074074 0.7760414050925926 0.9283851574074075 0.7669273449074074 0.92578125 0.7708335949074074 0.9205726574074075 0.77734375 0.9231773449074074 0.7916664050925926
1 0.6041664050925926 0.03255234490740741 0.5924476550925926 0.10026015509259259 0.7265625 0.1302085949074074 0.7369789050925926 0.06640625 0.6041664050925926 0.03255234490740741
1 0.7513023449074074 0.07421875 0.73828125 0.1341148449074074 0.8151039074074075 0.1536460949074074 0.8333335949074074 0.09635390509259259 0.7513023449074074 0.07421875
1 0.8502601574074075 0.11848984490740741 0.83203125 0.1575523449074074 0.9010414074074075 0.1796875 0.9166664074074075 0.1328125 0.8502601574074075 0.11848984490740741