1 0.73046875 0.671875 0.5455726550925926 0.6927085949074074 0.5494789050925926 0.9114585949074074 0.6953125 0.9986976574074075 0.7552085949074074 0.87109375 0.7916664050925926 0.8098960949074074 0.8893226574074075 0.7591148449074074 0.94140625 0.7864585949074074 0.99921875 0.7513023449074074 0.99921875 0.6575523449074074 0.9583335949074074 0.6875 0.9505210949074074 0.6536460949074074 0.9856773449074074 0.6263023449074074 0.99921875 0.63671875 0.99921875 0.2877601574074074 0.546875 0.2565101574074074 0.53515625 0.4765625 0.5416664050925926 0.6549476550925926 0.60546875 0.65234375 0.7109375 0.6471351550925926 0.7174476550925926 0.62109375 0.796875 0.63671875 0.796875 0.6888023449074074 0.7916664050925926 0.6940101550925926 0.7747398449074074 0.6783851550925926 0.73046875 0.671875
1 0.9986976574074075 0.8684898449074074 0.97265625 0.8776039074074075 0.9361976574074075 0.8190101574074075 0.796875 0.9166664074074075 0.8619789074074075 0.99609375 0.8606773449074074 0.99921875 0.9986976574074075 0.99921875 0.9986976574074075 0.8684898449074074
1 0.5755210949074074 0 0.5494789050925926 0.1940101550925926 0.6953125 0.2174476574074074 0.7174476550925926 0.005208594907407407 0.7174476550925926 0.0026039074074074076 0.5794273449074074 0 0.5755210949074074 0
1 0.79296875 0.2291664074074074 0.7981773449074074 0.0013023449074074074 0.7304619560185186 0.00007091435185185185 0.7096351550925926 0.2174476574074074 0.79296875 0.2291664074074074
1 0.8138023449074074 0.0013023449074074074 0.80859375 0 0.7994789050925926 0.2278648449074074 0.99921875 0.2421875 0.9986976574074075 0.0013023449074074074 0.8138023449074074 0.0013023449074074074
1 0.3880210949074074 0 0.37109375 0.1783851550925926 0.5091148449074074 0.1953125 0.5325523449074074 0 0.3880210949074074 0
1 0.2838539074074074 0.0013023449074074074 0.2825523449074074 0 0.26171875 0.1627601550925926 0.3528648449074074 0.171875 0.3736976574074074 0.0013023449074074074 0.2838539074074074 0.0013023449074074074
1 0.1731773449074074 0.02864609490740741 0.1588539050925926 0.14453125 0.234375 0.16796875 0.2565101574074074 0.0377601550925926 0.1731773449074074 0.02864609490740741
1 0.1770835949074074 0 0.2526039074074074 0.015625 0.2604164074074074 0.0013023449074074074 0.1783851550925926 0 0.1770835949074074 0
1 0.3255210949074074 0.5846351550925926 0.21520366435185187 0.5884392060185185 0.1953125 0.7786460949074074 0.3450523449074074 0.7395835949074074 0.3255210949074074 0.5846351550925926
1 0.3645835949074074 0.7330726550925926 0.5 0.703125 0.50390625 0.58203125 0.3372398449074074 0.5846351550925926 0.359375 0.72265625 0.359375 0.7317710949074074 0.359375 0.7330726550925926 0.3645835949074074 0.7330726550925926
1 0 0.890625 0.03645859490740741 0.8854164074074075 0.0377601550925926 0.9088539074074075 0.00390625 0.9140625 0 0.9596351574074075 0.1536460949074074 0.9153648449074074 0.1692710949074074 0.9036460949074074 0.1861976550925926 0.9114585949074074 0.2447914074074074 0.90625 0.5078125 0.8424476574074075 0.4986976550925926 0.71484375 0.2708335949074074 0.76953125 0 0.8515625 0 0.85546875 0 0.890625
0 0.3489585949074074 0.8372398449074074 0.34765625 0.8138023449074074 0.3333335949074074 0.78515625 0.3033851574074074 0.7916664050925926 0.3046875 0.796875 0.3138023449074074 0.8424476574074075 0.3489585949074074 0.8372398449074074
0 0.4348960949074074 0.8098960949074074 0.4557289050925926 0.7903648449074074 0.4544273449074074 0.7747398449074074 0.4244789050925926 0.78125 0.421875 0.7825523449074074 0.4036460949074074 0.8072914074074075 0.4348960949074074 0.8098960949074074
0 0.21484375 0.8619789074074075 0.2109375 0.8255210949074074 0.1966148449074074 0.8268226574074075 0.2005210949074074 0.828125 0.2005210949074074 0.8658851574074075 0.21484375 0.8619789074074075
1 0 0 0 0.03255234490740741 0 0.0442710949074074 0.03645859490740741 0.046875 0.0481773449074074 0.0234375 0.07291640509259259 0.0234375 0.09244765509259259 0.02864609490740741 0.09765625 0.05078125 0.07552109490740741 0.05078125 0.06380234490740741 0.08984375 0.0481773449074074 0.09114609490740741 0.0559898449074074 0.0611976550925926 0.0416664050925926 0.0611976550925926 0.02994765509259259 0.08072890509259259 0 0.06770859490740741 0 0.09895859490740741 0.02604140509259259 0.109375 0.02473984490740741 0.12239609490740741 0.04296875 0.1263023449074074 0.14453125 0.1484375 0.16015625 0 0 0
1 0.40625 0.3229164074074074 0.5052085949074074 0.3229164074074074 0.50390625 0.20703125 0.3684898449074074 0.1940101550925926 0.359375 0.26953125 0.3372398449074074 0.2669273449074074 0.3528648449074074 0.1953125 0.25390625 0.1875 0.2317710949074074 0.3828125 0.2643226574074074 0.421875 0.4010414050925926 0.3854164074074074 0.40625 0.3229164074074074
1 0.2552085949074074 0.44921875 0.234375 0.4440101550925926 0.2174476574074074 0.57421875 0.21484375 0.5768226550925926 0.5078125 0.5638023449074074 0.5091148449074074 0.40234375 0.3684898449074074 0.40625 0.2552085949074074 0.44921875
0 0.4544273449074074 0.4674476550925926 0.40234375 0.4791664050925926 0.4036460949074074 0.5091148449074074 0.4557289050925926 0.5052085949074074 0.4544273449074074 0.4674476550925926
1 0 0.99609375 0.4986976550925926 0.9934898449074074 0.5091148449074074 0.859375 0.4166664050925926 0.87890625 0.4088539050925926 0.8958335949074074 0.3125 0.9049476574074075 0 0.9778648449074074 0 0.9908851574074075 0 0.99609375
1 0 0.8346351574074075 0.17578125 0.7838539050925926 0.1783851550925926 0.7239585949074074 0 0.7395835949074074 0 0.7447914050925926 0 0.8346351574074075
1 0.1848960949074074 0.7057289050925926 0.2018226574074074 0.5520835949074074 0.0013023449074074074 0.4765625 0 0.4869789050925926 0.0013023449074074074 0.7213539050925926 0.1848960949074074 0.7057289050925926
0 0.09895859490740741 0.6315101550925926 0.1354164050925926 0.6158851550925926 0.1510414050925926 0.5703125 0.02864609490740741 0.55859375 0.0377601550925926 0.6080726550925926 0.0403648449074074 0.609375 0.09114609490740741 0.6158851550925926 0.09895859490740741 0.6315101550925926
1 0 0.2408851574074074 0.2278648449074074 0.3098960949074074 0.2408851574074074 0.1822914050925926 0.2369789074074074 0.1848960949074074 0.015625 0.12109375 0 0.12109375 0 0.2408851574074074
0 0.1901039050925926 0.2109375 0.12369765509259259 0.2096351574074074 0.11848984490740741 0.23828125 0.12239609490740741 0.24609375 0.1861976550925926 0.265625 0.1901039050925926 0.2109375
0 0.09375 0.1848960949074074 0.0546875 0.1848960949074074 0.05078125 0.2044273449074074 0.0520835949074074 0.2057289074074074 0.08333359490740741 0.2239585949074074 0.09375 0.1848960949074074
1 0.1705726550925926 0.3098960949074074 0.16015625 0.3450523449074074 0.1276039050925926 0.3736976574074074 0.09895859490740741 0.38671875 0.05859375 0.3854164074074074 0.07682265509259259 0.3463539074074074 0.11458359490740741 0.35546875 0.1276039050925926 0.296875 0.0494789050925926 0.2734375 0.05078125 0.2786460949074074 0 0.4440101550925926 0.203125 0.5364585949074074 0.2213539074074074 0.3203125 0.1705726550925926 0.3098960949074074
1 0 0.375 0.0377601550925926 0.2669273449074074 0 0.2473960949074074 0 0.375
0 0.41796875 0.3333335949074074 0.4127601550925926 0.3346351574074074 0.4075523449074074 0.39453125 0.5325523449074074 0.4036460949074074 0.5234375 0.3359375 0.41796875 0.3333335949074074
0 0.8893226574074075 0.76953125 0.7981773449074074 0.8138023449074074 0.7565101550925926 0.90234375 0.7109375 0.9973960949074074 0.84765625 0.9934898449074074 0.7942710949074074 0.9075523449074074 0.9401039074074075 0.8190101574074075 0.9791664074074075 0.8684898449074074 0.99921875 0.85546875 0.99609375 0.765625 0.9934898449074074 0.7682289050925926 0.9505210949074074 0.79296875 0.8893226574074075 0.76953125
0 0.5078125 0.9921875 0.6861976550925926 0.99921875 0.51171875 0.9153648449074074 0.5078125 0.9921875
0 0.1354164050925926 0.3098960949074074 0.1315101550925926 0.30859375 0.12239609490740741 0.3541664074074074 0.14453125 0.3489585949074074 0.1588539050925926 0.3151039074074074 0.1354164050925926 0.3098960949074074
0 0.79296875 0.6783851550925926 0.7903648449074074 0.64453125 0.7265625 0.6380210949074074 0.7252601550925926 0.6393226550925926 0.7239585949074074 0.6614585949074074 0.5494789050925926 0.65625 0.54296875 0.6796875 0.7486976550925926 0.6653648449074074 0.79296875 0.6783851550925926
0 0.26171875 0.4283851550925926 0.234375 0.4036460949074074 0.2291664074074074 0.4388023449074074 0.2591148449074074 0.4348960949074074 0.26171875 0.4283851550925926
0 0.06901015509259259 0.0611976550925926 0.07161484490740741 0.03125 0.0546875 0.03385390509259259 0.0533851550925926 0.03125 0.0520835949074074 0.0533851550925926 0.06901015509259259 0.0611976550925926
0 0.9661460949074074 0.6744789050925926 0.99609375 0.6419273449074074 0.9778648449074074 0.6341148449074074 0.95703125 0.6588539050925926 0.9557289074074075 0.6640625 0.953125 0.6653648449074074 0.9661460949074074 0.6744789050925926