1 0 0.8981507824074074 0.2044273449074074 0.99921875 0.3854164074074074 0.9984117199074075 0.40234375 0.9749742199074075 0.3463539074074074 0.9554429699074075 0.3346351574074074 0.96484375 0.1875 0.8971351574074075 0.2005210949074074 0.8763023449074074 0.1497398449074074 0.8567710949074074 0.1432289074074074 0.8736976574074075 0.03255234490740741 0.8138023449074074 0.2291664074074074 0.4283851550925926 0.2135414074074074 0.421875 0.1484375 0.3932289074074074 0 0.6848960949074074 0 0.8981507824074074
1 0.7044273449074074 0.6546617199074075 0.7552085949074074 0.6807031250000001 0.82421875 0.528359375 0.75390625 0.4997132824074074 0.7291664050925926 0.5452867175925926 0.47265625 0.411171875 0.3072914074074074 0.3317445300925926 0.33203125 0.274453125 0.2526039074074074 0.23799453009259258 0.1861976550925926 0.3851304675925926 0.21875 0.4098695324074074 0.7200523449074074 0.6338281250000001 0.7044273449074074 0.6546617199074075
1 0.30859375 0 0.2682289074074074 0.08484375000000001 0.2109375 0.054896094907407406 0.2473960949074074 0.008021094907407407 0.2018226574074074 0 0.1940101550925926 0.024947657407407408 0.1731773449074074 0.0015101574074074073 0.07161484490740741 0.004114844907407407 0.06770859490740741 0 0.0390625 0.04838515509259259 0.2916664074074074 0.1825 0.3893226574074074 0.0002085949074074074 0.30859375 0
1 0.5481773449074074 0.15776015740740743 0.57421875 0.1408335949074074 0.5234375 0.11739609490740742 0.5716148449074074 0.0028125000000000003 0.5052085949074074 0.0015101574074074073 0.5065101550925926 0.0028125000000000003 0.3958335949074074 0.21635390740740743 0.5625 0.30098984490740743 0.61328125 0.18640625 0.5481773449074074 0.15776015740740743
1 0.640625 0.16557265740740743 0.7213539050925926 0.0015101574074074073 0.6275907824074074 0.0002435902777777778 0.5807289050925926 0.1252085949074074 0.640625 0.16557265740740743
1 0.59765625 0.3075 0.8098960949074074 0.4390101574074074 0.9153648449074074 0.25671875 0.8671875 0.23328125 0.890625 0.20463515740740743 0.9375 0.12260390740740741 0.7578125 0.041875 0.7486976550925926 0.039271094907407406 0.7434898449074074 0.03796875 0.59765625 0.3075
0 0.6770835949074074 0.28927109490740743 0.6875 0.2983851574074074 0.7083335949074074 0.30489609490740743 0.71875 0.2983851574074074 0.7252601550925926 0.2905726574074074 0.7395835949074074 0.29578125 0.7643226550925926 0.30489609490740743 0.7643226550925926 0.33223984490740743 0.7890625 0.3465625 0.8098960949074074 0.33223984490740743 0.828125 0.2515101574074074 0.8333335949074074 0.1994273449074074 0.74609375 0.16947890740740743 0.74609375 0.1720835949074074 0.6783851550925926 0.27755234490740743 0.6770835949074074 0.28927109490740743
3 0.7682289050925926 0.2684375 0.7799476550925926 0.27625 0.8059898449074074 0.28145859490740743 0.8138023449074074 0.2749476574074074 0.8138023449074074 0.26583359490740743 0.8098960949074074 0.26192734490740743 0.7942710949074074 0.2528125 0.78125 0.245 0.76953125 0.2384898449074074 0.7473960949074074 0.23588515740740743 0.7513023449074074 0.25020859490740743 0.7513023449074074 0.2528125 0.7682289050925926 0.2684375
3 0.6901039050925926 0.2632289074074074 0.6901039050925926 0.2710414074074074 0.6953125 0.28015625 0.703125 0.28536484490740743 0.7083335949074074 0.2749476574074074 0.7200523449074074 0.24369765740740743 0.7330726550925926 0.2306773449074074 0.7161460949074074 0.229375 0.7135414050925926 0.2267710949074074 0.70703125 0.2371875 0.6927085949074074 0.25411484490740743 0.6901039050925926 0.2632289074074074
0 0.40234375 0 0.3190101574074074 0.1486460949074074 0.3658851574074074 0.1825 0.359375 0.2059375 0.3880210949074074 0.21765625 0.4947914050925926 0 0.40234375 0
0 0.9895835949074074 0.1434375 0.9479164074074075 0.12130234490740742 0.9440101574074075 0.12000000000000001 0.8841148449074074 0.22807265740740743 0.9479164074074075 0.2684375 0.99609375 0.15125 0.9895835949074074 0.1434375
0 0.58203125 0.1705726550925926 0.6184898449074074 0.1901039050925926 0.6292306111111111 0.1707697523148148 0.5885414050925926 0.1510414050925926 0.58203125 0.1705726550925926
1 0.9453125 0.4153648449074074 0.98046875 0.3606773449074074 0.9947914074074075 0.3658851574074074 0.9973960949074074 0.1875 0.9908851574074075 0.1809898449074074 0.8645835949074074 0.4583335949074074 0.99921875 0.5338539050925926 0.9973960949074074 0.44140625 0.9453125 0.4153648449074074
1 0.9713539074074075 0 0.9674476574074075 0.006510157407407407 0.93359375 0.06901015509259259 0.9856773449074074 0.09375 0.99921875 0.0559898449074074 0.99921875 0 0.9713539074074075 0
0 0.9986976574074075 0.3723960949074074 0.9817710949074074 0.3658851574074074 0.9557289074074075 0.40625 0.9934898449074074 0.4375 0.9986976574074075 0.3723960949074074
3 0.7994789050925926 0 0.9192710949074074 0.0703125 0.96875 0 0.80078125 0 0.7994789050925926 0
3 0.33203125 0.3020835949074074 0.3268226574074074 0.30078125 0.3177085949074074 0.3268226574074074 0.7278648449074074 0.5403648449074074 0.7408851550925926 0.5104164050925926 0.33203125 0.3020835949074074
0 0.3932289074074074 0.9244789074074075 0.5442710949074074 0.6184898449074074 0.2609207847222222 0.4911118958333333 0.10807265509259259 0.7838539050925926 0.3932289074074074 0.9244789074074075
3 0.078125 0.8333335949074074 0.1432289074074074 0.8450523449074074 0.2083335949074074 0.8763023449074074 0.1927085949074074 0.8971351574074075 0.3385414074074074 0.9596351574074075 0.35546875 0.953125 0.40625 0.9739585949074074 0.41796875 0.9453125 0.1015625 0.7890625 0.26171875 0.4869789050925926 0.6171875 0.65625 0.6380210949074074 0.62109375 0.2356773449074074 0.43359375 0.05078125 0.80859375 0.078125 0.8333335949074074
3 0.91796875 0.5716148449074074 0.89453125 0.6302085949074074 0.9921875 0.67578125 0.99921875 0.5989585949074074 0.91796875 0.5716148449074074
3 0.8307289074074075 0.7278648449074074 0.7083335949074074 0.9153648449074074 0.7083335949074074 0.9713539074074075 0.71484375 0.9661460949074074 0.8268226574074075 0.8802085949074074 0.890625 0.8255210949074074 0.8684898449074074 0.7265625 0.8307289074074075 0.7278648449074074
1 0.008228905092592593 0.11752578240740741 0 0.3284632824074074 0.049896092592592596 0.349296875 0.023853907407407407 0.40528671990740744 0.0004164074074074074 0.39747421990740744 0 0.46484375 0.0377601550925926 0.4869789050925926 0.11197890509259259 0.33984375 0.18359375 0.2044273449074074 0.008228905092592593 0.11752578240740741
0 0.0733335949074074 0.2920054699074074 0.1058851550925926 0.22820312499999998 0.029062499999999998 0.1943492199074074 0.026458592592592593 0.19955703240740738 0.0134375 0.2646617199074074 0.0733335949074074 0.2920054699074074
0 0 0.392265625 0.023853907407407407 0.3987757824074074 0.0394789074074074 0.353203125 0 0.341484375 0 0.34669296990740744 0 0.392265625
0 0.03166640740740741 0.5367968750000001 0.0590101574074074 0.478203125 0.0902601550925926 0.46388046990740744 0.1319273425925926 0.372734375 0.17750000000000002 0.396171875 0.25302109490740743 0.2373179699074074 0.18921875000000002 0.21127578240740738 0.18401015740740742 0.2138804699074074 0.022552344907407408 0.5211718750000001 0.03166640740740741 0.5367968750000001
1 0.97046875 0.8297656250000001 0.9444273449074074 0.7373179699074074 0.8794952569444445 0.749005650462963 0.9066664074074074 0.858984375 0.83765625 0.874609375 0.8571875 0.99921875 0.99921875 0.99921875 0.9965101574074074 0.8310679699074074 0.97046875 0.8297656250000001
1 0.41796875 0.921875 0.3880210949074074 0.99921875 0.61328125 0.99921875 0.7708335949074074 0.7083335949074074 0.5559898449074074 0.6432289050925926 0.41796875 0.921875
0 0.8567710949074074 0.7135414050925926 0.859375 0.7109375 0.875 0.6901039050925926 0.87890625 0.6796875 0.8841148449074074 0.6549476550925926 0.88671875 0.6302085949074074 0.8919273449074074 0.5989585949074074 0.9153648449074074 0.5677085949074074 0.9088539074074075 0.5677085949074074 0.8841148449074074 0.5520835949074074 0.8723960949074074 0.5455726550925926 0.8541664074074075 0.5638023449074074 0.8372398449074074 0.5807289050925926 0.8359375 0.5924476550925926 0.8411460949074074 0.59375 0.6927085949074074 0.921875 0.7213539050925926 0.8854164074074075 0.828125 0.71875 0.8567710949074074 0.7135414050925926
3 0.90234375 0.6419273449074074 0.8723960949074074 0.7122398449074074 0.8763023449074074 0.73828125 0.953125 0.7278648449074074 0.95703125 0.7369789050925926 0.9557289074074075 0.7369789050925926 0.97265625 0.8294273449074074 0.99921875 0.8268226574074075 0.9986976574074075 0.6901039050925926 0.90234375 0.6419273449074074
0 0.84765625 0.9908851574074075 0.84765625 0.9778648449074074 0.8502601574074075 0.9557289074074075 0.8359375 0.90625 0.8294273449074074 0.890625 0.8216148449074074 0.8971351574074075 0.7825523449074074 0.9231773449074074 0.7604164050925926 0.9348960949074074 0.7369789050925926 0.9453125 0.7044273449074074 0.9973960949074074 0.703125 0.9986976574074075 0.7044273449074074 0.9986976574074075 0.84765625 0.9947914074074075 0.84765625 0.9908851574074075
0 0.006510157407407407 0.92578125 0.00390625 0.9192710949074074 0 0.9934898449074074 0.1510414050925926 0.99921875 0.10416640509259259 0.9778648449074074 0.006510157407407407 0.92578125
3 0 0.9192710949074074 0.1536460949074074 0.9973960949074074 0.19140625 0.99921875 0.1927085949074074 0.9973960949074074 0 0.9036460949074074 0 0.91796875 0 0.9192710949074074
3 0.5885414050925926 0.26171875 0.5872398449074074 0.26171875 0.5611976550925926 0.30078125 0.5911460949074074 0.31640625 0.6158851550925926 0.2760414074074074 0.5885414050925926 0.26171875
0 0.03385390509259259 0.05078125 0.0625 0.005208594907407407 0.017851483796296294 0.0006290300925925926 0.0026039074074074076 0.02604140509259259 0.03385390509259259 0.05078125